-1.970000E-1	4.783660E-3	2.050410E-4	-1.795328E+0
-1.965000E-1	4.769360E-3	2.164850E-4	-1.793450E+0
-1.960000E-1	4.756960E-3	2.193460E-4	-1.777034E+0
-1.955000E-1	4.761730E-3	2.117170E-4	-1.788539E+0
-1.950000E-1	4.765540E-3	2.126700E-4	-1.780141E+0
-1.945000E-1	4.756960E-3	1.964580E-4	-1.769579E+0
-1.940000E-1	4.758860E-3	1.831060E-4	-1.777570E+0
-1.935000E-1	4.758860E-3	1.878750E-4	-1.757556E+0
-1.930000E-1	4.758860E-3	1.897820E-4	-1.764613E+0
-1.925000E-1	4.762680E-3	1.955040E-4	-1.754901E+0
-1.920000E-1	4.758860E-3	1.897820E-4	-1.747420E+0
-1.915000E-1	4.762680E-3	1.831060E-4	-1.755974E+0
-1.910000E-1	4.767450E-3	1.840600E-4	-1.737874E+0
-1.905000E-1	4.777940E-3	1.831060E-4	-1.746754E+0
-1.900000E-1	4.781750E-3	1.850140E-4	-1.731438E+0
-1.895000E-1	4.780800E-3	1.783380E-4	-1.731188E+0
-1.890000E-1	4.775080E-3	1.811990E-4	-1.731243E+0
-1.885000E-1	4.754100E-3	1.878750E-4	-1.719220E+0
-1.880000E-1	4.748370E-3	1.821530E-4	-1.718767E+0
-1.875000E-1	4.756000E-3	1.897820E-4	-1.720071E+0
-1.870000E-1	4.758860E-3	1.993190E-4	-1.704802E+0
-1.865000E-1	4.761730E-3	2.031340E-4	-1.713764E+0
-1.860000E-1	4.750280E-3	2.117170E-4	-1.697910E+0
-1.855000E-1	4.737880E-3	2.079020E-4	-1.700741E+0
-1.850000E-1	4.736930E-3	2.050410E-4	-1.697902E+0
-1.845000E-1	4.728350E-3	1.983650E-4	-1.686221E+0
-1.840000E-1	4.727390E-3	1.888280E-4	-1.693592E+0
-1.835000E-1	4.720720E-3	1.916890E-4	-1.679275E+0
-1.830000E-1	4.715950E-3	1.869210E-4	-1.676861E+0
-1.825000E-1	4.716900E-3	1.878750E-4	-1.677305E+0
-1.820000E-1	4.705460E-3	1.907360E-4	-1.663238E+0
-1.815000E-1	4.705460E-3	1.926430E-4	-1.670923E+0
-1.810000E-1	4.701640E-3	1.993190E-4	-1.660101E+0
-1.805000E-1	4.697830E-3	1.945500E-4	-1.657392E+0
-1.800000E-1	4.706410E-3	1.964580E-4	-1.661277E+0
-1.795000E-1	4.702600E-3	2.079020E-4	-1.656301E+0
-1.790000E-1	4.699740E-3	2.079020E-4	-1.637628E+0
-1.785000E-1	4.696880E-3	1.964580E-4	-1.646830E+0
-1.780000E-1	4.691150E-3	1.926430E-4	-1.631385E+0
-1.775000E-1	4.689250E-3	1.811990E-4	-1.636481E+0
-1.770000E-1	4.690200E-3	1.888280E-4	-1.628777E+0
-1.765000E-1	4.683520E-3	1.955040E-4	-1.616818E+0
-1.760000E-1	4.685430E-3	1.955040E-4	-1.628980E+0
-1.755000E-1	4.676850E-3	2.088560E-4	-1.616226E+0
-1.750000E-1	4.663500E-3	2.069480E-4	-1.607671E+0
-1.745000E-1	4.663500E-3	2.021800E-4	-1.614293E+0
-1.740000E-1	4.656820E-3	2.012260E-4	-1.601936E+0
-1.735000E-1	4.648240E-3	1.907360E-4	-1.602159E+0
-1.730000E-1	4.642520E-3	1.926430E-4	-1.601465E+0
-1.725000E-1	4.628210E-3	1.916890E-4	-1.586538E+0
-1.720000E-1	4.626300E-3	1.821530E-4	-1.589959E+0
-1.715000E-1	4.627260E-3	1.869210E-4	-1.588045E+0
-1.710000E-1	4.621540E-3	1.897820E-4	-1.576374E+0
-1.705000E-1	4.623440E-3	1.897820E-4	-1.585641E+0
-1.700000E-1	4.617720E-3	1.897820E-4	-1.567282E+0
-1.695000E-1	4.615810E-3	1.878750E-4	-1.572406E+0
-1.690000E-1	4.613910E-3	1.916890E-4	-1.562130E+0
-1.685000E-1	4.610090E-3	1.878750E-4	-1.559152E+0
-1.680000E-1	4.608180E-3	1.964580E-4	-1.558828E+0
-1.675000E-1	4.593880E-3	1.993190E-4	-1.546066E+0
-1.670000E-1	4.592930E-3	1.926430E-4	-1.553260E+0
-1.665000E-1	4.591020E-3	1.935970E-4	-1.548156E+0
-1.660000E-1	4.576710E-3	1.897820E-4	-1.535734E+0
-1.655000E-1	4.579570E-3	1.773840E-4	-1.535947E+0
-1.650000E-1	4.586250E-3	1.831060E-4	-1.538740E+0
-1.645000E-1	4.575760E-3	1.888280E-4	-1.522343E+0
-1.640000E-1	4.565270E-3	1.811990E-4	-1.527882E+0
-1.635000E-1	4.556690E-3	1.878750E-4	-1.525210E+0
-1.630000E-1	4.536660E-3	1.859670E-4	-1.509977E+0
-1.625000E-1	4.530940E-3	1.792920E-4	-1.518449E+0
-1.620000E-1	4.524260E-3	1.869210E-4	-1.510449E+0
-1.615000E-1	4.516630E-3	1.850140E-4	-1.502522E+0
-1.610000E-1	4.523310E-3	1.859670E-4	-1.508775E+0
-1.605000E-1	4.517590E-3	1.916890E-4	-1.495947E+0
-1.600000E-1	4.511860E-3	1.821530E-4	-1.489417E+0
-1.595000E-1	4.512820E-3	1.792920E-4	-1.495401E+0
-1.590000E-1	4.509960E-3	1.840600E-4	-1.479280E+0
-1.585000E-1	4.516630E-3	1.840600E-4	-1.486217E+0
-1.580000E-1	4.511860E-3	1.945500E-4	-1.477347E+0
-1.575000E-1	4.502330E-3	1.955040E-4	-1.469819E+0
-1.570000E-1	4.506140E-3	2.012260E-4	-1.476922E+0
-1.565000E-1	4.503280E-3	2.031340E-4	-1.461772E+0
-1.560000E-1	4.497560E-3	1.926430E-4	-1.463632E+0
-1.555000E-1	4.495650E-3	1.907360E-4	-1.462873E+0
-1.550000E-1	4.487070E-3	1.888280E-4	-1.449961E+0
-1.545000E-1	4.487070E-3	1.840600E-4	-1.457870E+0
-1.540000E-1	4.485160E-3	1.926430E-4	-1.448010E+0
-1.535000E-1	4.484210E-3	1.888280E-4	-1.440852E+0
-1.530000E-1	4.496600E-3	1.888280E-4	-1.444792E+0
-1.525000E-1	4.493740E-3	1.945500E-4	-1.428921E+0
-1.520000E-1	4.487070E-3	1.869210E-4	-1.432574E+0
-1.515000E-1	4.488020E-3	1.897820E-4	-1.432677E+0
-1.510000E-1	4.484210E-3	1.897820E-4	-1.416630E+0
-1.505000E-1	4.491840E-3	1.831060E-4	-1.425841E+0
-1.500000E-1	4.493740E-3	1.859670E-4	-1.412596E+0
-1.495000E-1	4.488970E-3	1.831060E-4	-1.410229E+0
-1.490000E-1	4.497560E-3	1.897820E-4	-1.415029E+0
-1.485000E-1	4.497560E-3	2.002730E-4	-1.406021E+0
-1.480000E-1	4.491840E-3	1.897820E-4	-1.396523E+0
-1.475000E-1	4.498510E-3	1.792920E-4	-1.403394E+0
-1.470000E-1	4.502330E-3	1.783380E-4	-1.389503E+0
-1.465000E-1	4.503280E-3	1.668940E-4	-1.382779E+0
-1.460000E-1	4.512820E-3	1.668940E-4	-1.389669E+0
-1.455000E-1	4.513770E-3	1.831060E-4	-1.379542E+0
-1.450000E-1	4.511860E-3	1.859670E-4	-1.372273E+0
-1.445000E-1	4.526170E-3	1.897820E-4	-1.376592E+0
-1.440000E-1	4.529030E-3	2.012260E-4	-1.368268E+0
-1.435000E-1	4.523310E-3	1.974120E-4	-1.361175E+0
-1.430000E-1	4.529980E-3	1.955040E-4	-1.369350E+0
-1.425000E-1	4.527120E-3	2.012260E-4	-1.354710E+0
-1.420000E-1	4.517590E-3	1.964580E-4	-1.353451E+0
-1.415000E-1	4.512820E-3	1.974120E-4	-1.356226E+0
-1.410000E-1	4.496600E-3	2.050410E-4	-1.341243E+0
-1.405000E-1	4.486110E-3	1.935970E-4	-1.339615E+0
-1.400000E-1	4.492790E-3	1.878750E-4	-1.342825E+0
-1.395000E-1	4.492790E-3	1.878750E-4	-1.328175E+0
-1.390000E-1	4.499470E-3	1.811990E-4	-1.330682E+0
-1.385000E-1	4.508050E-3	1.897820E-4	-1.331698E+0
-1.380000E-1	4.502330E-3	1.926430E-4	-1.316429E+0
-1.375000E-1	4.497560E-3	1.859670E-4	-1.315106E+0
-1.370000E-1	4.494700E-3	1.926430E-4	-1.322709E+0
-1.365000E-1	4.485160E-3	1.974120E-4	-1.305516E+0
-1.360000E-1	4.488970E-3	1.821530E-4	-1.305395E+0
-1.355000E-1	4.501370E-3	1.792920E-4	-1.309935E+0
-1.350000E-1	4.492790E-3	1.859670E-4	-1.292567E+0
-1.345000E-1	4.483250E-3	1.821530E-4	-1.296341E+0
-1.340000E-1	4.484210E-3	1.878750E-4	-1.297016E+0
-1.335000E-1	4.469900E-3	1.945500E-4	-1.282032E+0
-1.330000E-1	4.463230E-3	1.869210E-4	-1.283476E+0
-1.325000E-1	4.467990E-3	1.859670E-4	-1.286667E+0
-1.320000E-1	4.460360E-3	1.897820E-4	-1.270231E+0
-1.315000E-1	4.450830E-3	1.831060E-4	-1.271027E+0
-1.310000E-1	4.449870E-3	1.869210E-4	-1.272368E+0
-1.305000E-1	4.436520E-3	1.945500E-4	-1.262804E+0
-1.300000E-1	4.429850E-3	1.888280E-4	-1.261186E+0
-1.295000E-1	4.435570E-3	1.878750E-4	-1.263119E+0
-1.290000E-1	4.423170E-3	1.831060E-4	-1.246314E+0
-1.285000E-1	4.417450E-3	1.726160E-4	-1.253620E+0
-1.280000E-1	4.414590E-3	1.783380E-4	-1.248904E+0
-1.275000E-1	4.402190E-3	1.792920E-4	-1.234170E+0
-1.270000E-1	4.397420E-3	1.726160E-4	-1.241033E+0
-1.265000E-1	4.391700E-3	1.773840E-4	-1.235651E+0
-1.260000E-1	4.380260E-3	1.773840E-4	-1.225838E+0
-1.255000E-1	4.375490E-3	1.783380E-4	-1.232266E+0
-1.250000E-1	4.368810E-3	1.811990E-4	-1.218688E+0
-1.245000E-1	4.366900E-3	1.697550E-4	-1.217393E+0
-1.240000E-1	4.375490E-3	1.726160E-4	-1.220048E+0
-1.235000E-1	4.374530E-3	1.811990E-4	-1.206304E+0
-1.230000E-1	4.374530E-3	1.811990E-4	-1.208126E+0
-1.225000E-1	4.376440E-3	1.878750E-4	-1.205388E+0
-1.220000E-1	4.366900E-3	1.878750E-4	-1.190813E+0
-1.215000E-1	4.367860E-3	1.792920E-4	-1.200144E+0
-1.210000E-1	4.368810E-3	1.840600E-4	-1.195233E+0
-1.205000E-1	4.353550E-3	1.840600E-4	-1.182285E+0
-1.200000E-1	4.351650E-3	1.764310E-4	-1.182776E+0
-1.195000E-1	4.362140E-3	1.840600E-4	-1.186882E+0
-1.190000E-1	4.359280E-3	1.964580E-4	-1.174386E+0
-1.185000E-1	4.357370E-3	1.897820E-4	-1.170410E+0
-1.180000E-1	4.369770E-3	1.869210E-4	-1.175219E+0
-1.175000E-1	4.375490E-3	1.945500E-4	-1.164888E+0
-1.170000E-1	4.375490E-3	1.926430E-4	-1.161328E+0
-1.165000E-1	4.386930E-3	1.955040E-4	-1.166563E+0
-1.160000E-1	4.390750E-3	1.983650E-4	-1.147085E+0
-1.155000E-1	4.405050E-3	1.888280E-4	-1.150960E+0
-1.150000E-1	4.426990E-3	1.916890E-4	-1.153133E+0
-1.145000E-1	4.438430E-3	1.935970E-4	-1.137531E+0
-1.140000E-1	4.456550E-3	1.897820E-4	-1.139325E+0
-1.135000E-1	4.471810E-3	2.012260E-4	-1.138252E+0
-1.130000E-1	4.478480E-3	2.002730E-4	-1.125868E+0
-1.125000E-1	4.500420E-3	1.945500E-4	-1.132629E+0
-1.120000E-1	4.524260E-3	2.031340E-4	-1.125286E+0
-1.115000E-1	4.542380E-3	2.031340E-4	-1.114908E+0
-1.110000E-1	4.569080E-3	2.040870E-4	-1.121761E+0
-1.105000E-1	4.588160E-3	2.126700E-4	-1.108943E+0
-1.100000E-1	4.613910E-3	2.040870E-4	-1.104430E+0
-1.095000E-1	4.651100E-3	2.002730E-4	-1.109147E+0
-1.090000E-1	4.670170E-3	2.050410E-4	-1.097807E+0
-1.085000E-1	4.685430E-3	2.002730E-4	-1.089474E+0
-1.080000E-1	4.716900E-3	1.926430E-4	-1.097253E+0
-1.075000E-1	4.745510E-3	2.012260E-4	-1.087356E+0
-1.070000E-1	4.767450E-3	1.974120E-4	-1.078302E+0
-1.065000E-1	4.805590E-3	1.935970E-4	-1.086801E+0
-1.060000E-1	4.834200E-3	2.050410E-4	-1.073705E+0
-1.055000E-1	4.849460E-3	2.031340E-4	-1.065030E+0
-1.050000E-1	4.874260E-3	2.031340E-4	-1.072271E+0
-1.045000E-1	4.883800E-3	2.155310E-4	-1.059000E+0
-1.040000E-1	4.883800E-3	2.145780E-4	-1.050824E+0
-1.035000E-1	4.900960E-3	2.164850E-4	-1.058214E+0
-1.030000E-1	4.914310E-3	2.241140E-4	-1.043138E+0
-1.025000E-1	4.927660E-3	2.164850E-4	-1.038828E+0
-1.020000E-1	4.951510E-3	2.174390E-4	-1.046468E+0
-1.015000E-1	4.962950E-3	2.174390E-4	-1.028895E+0
-1.010000E-1	4.962950E-3	2.117170E-4	-1.036655E+0
-1.005000E-1	4.960090E-3	2.155310E-4	-1.031891E+0
-1.000000E-1	4.942920E-3	2.079020E-4	-1.016363E+0
-9.950000E-2	4.941970E-3	1.926430E-4	-1.023291E+0
-9.900000E-2	4.951510E-3	1.945500E-4	-1.015780E+0
-9.850000E-2	4.956280E-3	1.964580E-4	-1.006587E+0
-9.800000E-2	4.976300E-3	2.012260E-4	-1.014337E+0
-9.750000E-2	4.985840E-3	2.250680E-4	-1.006917E+0
-9.700000E-2	4.996330E-3	2.336510E-4	-9.887469E-1
-9.690000E-2	5.033520E-3	2.164850E-4	-9.978869E-1
-9.680000E-2	5.086930E-3	1.945500E-4	-1.003727E+0
-9.670000E-2	5.131750E-3	1.888280E-4	-9.870939E-1
-9.660000E-2	5.166080E-3	2.021800E-4	-9.998313E-1
-9.650000E-2	5.199460E-3	2.136240E-4	-9.919501E-1
-9.640000E-2	5.217580E-3	2.164850E-4	-9.845742E-1
-9.630000E-2	5.233790E-3	2.098090E-4	-9.971062E-1
-9.620000E-2	5.256680E-3	2.126700E-4	-9.895535E-1
-9.610000E-2	5.276710E-3	2.222070E-4	-9.835835E-1
-9.600000E-2	5.295780E-3	2.269750E-4	-9.945763E-1
-9.590000E-2	5.317720E-3	2.298360E-4	-9.804254E-1
-9.580000E-2	5.331070E-3	2.317440E-4	-9.873020E-1
-9.570000E-2	5.350140E-3	2.250680E-4	-9.911195E-1
-9.560000E-2	5.374940E-3	2.231610E-4	-9.831968E-1
-9.550000E-2	5.396870E-3	2.241140E-4	-9.777605E-1
-9.540000E-2	5.422620E-3	2.231610E-4	-9.892907E-1
-9.530000E-2	5.452190E-3	2.231610E-4	-9.777031E-1
-9.520000E-2	5.480800E-3	2.279290E-4	-9.822949E-1
-9.510000E-2	5.518940E-3	2.279290E-4	-9.856305E-1
-9.500000E-2	5.545650E-3	2.412810E-4	-9.706463E-1
-9.490000E-2	5.559000E-3	2.479570E-4	-9.764146E-1
-9.480000E-2	5.570440E-3	2.422340E-4	-9.861494E-1
-9.470000E-2	5.592380E-3	2.384200E-4	-9.704076E-1
-9.460000E-2	5.611450E-3	2.346050E-4	-9.742861E-1
-9.450000E-2	5.629570E-3	2.212530E-4	-9.823579E-1
-9.440000E-2	5.653410E-3	2.183920E-4	-9.724296E-1
-9.430000E-2	5.682980E-3	2.250680E-4	-9.721410E-1
-9.420000E-2	5.716350E-3	2.346050E-4	-9.791054E-1
-9.410000E-2	5.746870E-3	2.517720E-4	-9.634875E-1
-9.400000E-2	5.760220E-3	2.584480E-4	-9.694159E-1
-9.390000E-2	5.779300E-3	2.555870E-4	-9.734675E-1
-9.380000E-2	5.795510E-3	2.632160E-4	-9.628012E-1
-9.370000E-2	5.811720E-3	2.670310E-4	-9.599457E-1
-9.360000E-2	5.829840E-3	2.679840E-4	-9.737570E-1
-9.350000E-2	5.857500E-3	2.727530E-4	-9.573742E-1
-9.340000E-2	5.886110E-3	2.679840E-4	-9.640500E-1
-9.330000E-2	5.920440E-3	2.527260E-4	-9.695824E-1
-9.320000E-2	5.952860E-3	2.498650E-4	-9.572067E-1
-9.310000E-2	5.974800E-3	2.546330E-4	-9.580882E-1
-9.300000E-2	5.988150E-3	2.555870E-4	-9.670886E-1
-9.290000E-2	6.007220E-3	2.651230E-4	-9.563779E-1
-9.280000E-2	6.018670E-3	2.737060E-4	-9.510266E-1
-9.270000E-2	6.033930E-3	2.641700E-4	-9.660684E-1
-9.260000E-2	6.053000E-3	2.584480E-4	-9.590179E-1
-9.250000E-2	6.070170E-3	2.651230E-4	-9.458919E-1
-9.240000E-2	6.079700E-3	2.613090E-4	-9.559856E-1
-9.230000E-2	6.086380E-3	2.603550E-4	-9.541403E-1
-9.220000E-2	6.098780E-3	2.679840E-4	-9.408442E-1
-9.210000E-2	6.117850E-3	2.679840E-4	-9.583269E-1
-9.200000E-2	6.142650E-3	2.584480E-4	-9.502220E-1
-9.190000E-2	6.158860E-3	2.479570E-4	-9.404260E-1
-9.180000E-2	6.166490E-3	2.393730E-4	-9.559274E-1
-9.170000E-2	6.179840E-3	2.384200E-4	-9.388942E-1
-9.160000E-2	6.191280E-3	2.384200E-4	-9.386121E-1
-9.150000E-2	6.202730E-3	2.365120E-4	-9.509138E-1
-9.140000E-2	6.222750E-3	2.384200E-4	-9.339196E-1
-9.130000E-2	6.234200E-3	2.431880E-4	-9.431039E-1
-9.120000E-2	6.250410E-3	2.460500E-4	-9.493422E-1
-9.110000E-2	6.262810E-3	2.517720E-4	-9.324339E-1
-9.100000E-2	6.264720E-3	2.536790E-4	-9.371950E-1
-9.090000E-2	6.274250E-3	2.546330E-4	-9.458975E-1
-9.080000E-2	6.294280E-3	2.632160E-4	-9.342942E-1
-9.070000E-2	6.305720E-3	2.784750E-4	-9.320583E-1
-9.060000E-2	6.316210E-3	2.841970E-4	-9.424796E-1
-9.050000E-2	6.329570E-3	2.899190E-4	-9.260421E-1
-9.040000E-2	6.338150E-3	2.880120E-4	-9.341202E-1
-9.030000E-2	6.350550E-3	2.813360E-4	-9.371626E-1
-9.020000E-2	6.358180E-3	2.737060E-4	-9.201433E-1
-9.010000E-2	6.362940E-3	2.679840E-4	-9.362930E-1
-9.000000E-2	6.382970E-3	2.651230E-4	-9.247027E-1
-8.990000E-2	6.389650E-3	2.698920E-4	-9.185957E-1
-8.980000E-2	6.383930E-3	2.737060E-4	-9.334856E-1
-8.970000E-2	6.386790E-3	2.775210E-4	-9.269448E-1
-8.960000E-2	6.390600E-3	2.765670E-4	-9.155154E-1
-8.950000E-2	6.382970E-3	2.746600E-4	-9.299854E-1
-8.940000E-2	6.375340E-3	2.832430E-4	-9.132779E-1
-8.930000E-2	6.375340E-3	2.965950E-4	-9.196456E-1
-8.920000E-2	6.384880E-3	2.937340E-4	-9.260476E-1
-8.910000E-2	6.392510E-3	2.965950E-4	-9.112391E-1
-8.900000E-2	6.398230E-3	3.051780E-4	-9.098424E-1
-8.890000E-2	6.404910E-3	3.023170E-4	-9.241921E-1
-8.880000E-2	6.419210E-3	3.023170E-4	-9.109783E-1
-8.870000E-2	6.433520E-3	2.965950E-4	-9.112086E-1
-8.860000E-2	6.447820E-3	2.813360E-4	-9.207982E-1
-8.850000E-2	6.448780E-3	2.775210E-4	-9.042090E-1
-8.840000E-2	6.432560E-3	2.784750E-4	-9.089858E-1
-8.830000E-2	6.426840E-3	2.775210E-4	-9.171786E-1
-8.820000E-2	6.429700E-3	2.813360E-4	-9.011815E-1
-8.810000E-2	6.428750E-3	2.822890E-4	-9.021074E-1
-8.800000E-2	6.432560E-3	2.746600E-4	-9.131030E-1
-8.790000E-2	6.442100E-3	2.746600E-4	-9.004433E-1
-8.780000E-2	6.450680E-3	2.784750E-4	-8.945889E-1
-8.770000E-2	6.464030E-3	2.737060E-4	-9.092632E-1
-8.760000E-2	6.473570E-3	2.717990E-4	-8.990724E-1
-8.750000E-2	6.468800E-3	2.727530E-4	-8.943594E-1
-8.740000E-2	6.459270E-3	2.698920E-4	-9.072616E-1
-8.730000E-2	6.455450E-3	2.632160E-4	-8.891933E-1
-8.720000E-2	6.451640E-3	2.546330E-4	-8.990068E-1
-8.710000E-2	6.458310E-3	2.460500E-4	-9.049832E-1
-8.700000E-2	6.461170E-3	2.450960E-4	-8.859270E-1
-8.690000E-2	6.453540E-3	2.517720E-4	-8.935695E-1
-8.680000E-2	6.454500E-3	2.603550E-4	-8.984406E-1
-8.670000E-2	6.458310E-3	2.717990E-4	-8.814361E-1
-8.660000E-2	6.460220E-3	2.737060E-4	-8.904938E-1
-8.650000E-2	6.468800E-3	2.737060E-4	-8.967025E-1
-8.640000E-2	6.475480E-3	2.794280E-4	-8.785325E-1
-8.630000E-2	6.475480E-3	2.832430E-4	-8.915197E-1
-8.620000E-2	6.486920E-3	2.803820E-4	-8.857393E-1
-8.610000E-2	6.496460E-3	2.832430E-4	-8.753755E-1
-8.600000E-2	6.500270E-3	2.803820E-4	-8.883108E-1
-8.590000E-2	6.505040E-3	2.813360E-4	-8.815185E-1
-8.580000E-2	6.504090E-3	2.889650E-4	-8.757871E-1
-8.570000E-2	6.502180E-3	2.927800E-4	-8.908954E-1
-8.560000E-2	6.510760E-3	2.918260E-4	-8.715922E-1
-8.550000E-2	6.507900E-3	2.803820E-4	-8.763735E-1
-8.540000E-2	6.505040E-3	2.708450E-4	-8.853008E-1
-8.530000E-2	6.506000E-3	2.765670E-4	-8.651541E-1
-8.520000E-2	6.513630E-3	2.937340E-4	-8.834110E-1
-8.510000E-2	6.523160E-3	3.032700E-4	-8.707448E-1
-8.500000E-2	6.519350E-3	3.128070E-4	-8.635547E-1
-8.490000E-2	6.519350E-3	3.109000E-4	-8.800236E-1
-8.480000E-2	6.528880E-3	3.051780E-4	-8.691548E-1
-8.470000E-2	6.532700E-3	3.004090E-4	-8.599397E-1
-8.460000E-2	6.537470E-3	2.899190E-4	-8.732156E-1
-8.450000E-2	6.546050E-3	2.813360E-4	-8.666813E-1
-8.440000E-2	6.550820E-3	2.784750E-4	-8.561999E-1
-8.430000E-2	6.549870E-3	2.737060E-4	-8.728603E-1
-8.420000E-2	6.555590E-3	2.746600E-4	-8.658525E-1
-8.410000E-2	6.551770E-3	2.784750E-4	-8.533509E-1
-8.400000E-2	6.545100E-3	2.899190E-4	-8.676572E-1
-8.390000E-2	6.555590E-3	3.013630E-4	-8.615807E-1
-8.380000E-2	6.559400E-3	3.023170E-4	-8.496037E-1
-8.370000E-2	6.558450E-3	2.841970E-4	-8.646610E-1
-8.360000E-2	6.564170E-3	2.756140E-4	-8.560566E-1
-8.350000E-2	6.565120E-3	2.832430E-4	-8.473217E-1
-8.340000E-2	6.561310E-3	2.832430E-4	-8.583784E-1
-8.330000E-2	6.562260E-3	2.803820E-4	-8.489663E-1
-8.320000E-2	6.555590E-3	2.870580E-4	-8.437538E-1
-8.310000E-2	6.557490E-3	2.870580E-4	-8.559123E-1
-8.300000E-2	6.564170E-3	2.784750E-4	-8.422711E-1
-8.290000E-2	6.563220E-3	2.775210E-4	-8.498368E-1
-8.280000E-2	6.569890E-3	2.765670E-4	-8.529263E-1
-8.270000E-2	6.578480E-3	2.775210E-4	-8.356720E-1
-8.260000E-2	6.584200E-3	2.689380E-4	-8.426688E-1
-8.250000E-2	6.592780E-3	2.603550E-4	-8.510263E-1
-8.240000E-2	6.601360E-3	2.546330E-4	-8.336925E-1
-8.230000E-2	6.594690E-3	2.546330E-4	-8.425226E-1
-8.220000E-2	6.592780E-3	2.622620E-4	-8.481171E-1
-8.210000E-2	6.588970E-3	2.822890E-4	-8.292830E-1
-8.200000E-2	6.586100E-3	2.937340E-4	-8.403794E-1
-8.190000E-2	6.590870E-3	2.899190E-4	-8.352410E-1
-8.180000E-2	6.588010E-3	2.937340E-4	-8.252139E-1
-8.170000E-2	6.588010E-3	2.927800E-4	-8.438648E-1
-8.160000E-2	6.604220E-3	2.870580E-4	-8.331283E-1
-8.150000E-2	6.617580E-3	2.870580E-4	-8.256180E-1
-8.140000E-2	6.617580E-3	2.880120E-4	-8.375970E-1
-8.130000E-2	6.616620E-3	2.822890E-4	-8.260667E-1
-8.120000E-2	6.609950E-3	2.756140E-4	-8.258937E-1
-8.110000E-2	6.606130E-3	2.737060E-4	-8.373806E-1
-8.100000E-2	6.604220E-3	2.803820E-4	-8.180505E-1
-8.090000E-2	6.597550E-3	2.841970E-4	-8.340412E-1
-8.080000E-2	6.605180E-3	2.813360E-4	-8.199209E-1
-8.070000E-2	6.618530E-3	2.803820E-4	-8.208746E-1
-8.060000E-2	6.628070E-3	2.737060E-4	-8.323882E-1
-8.050000E-2	6.632830E-3	2.775210E-4	-8.124524E-1
-8.040000E-2	6.628070E-3	2.870580E-4	-8.223852E-1
-8.030000E-2	6.639510E-3	2.870580E-4	-8.273885E-1
-8.020000E-2	6.643330E-3	2.822890E-4	-8.131924E-1
-8.010000E-2	6.635700E-3	2.784750E-4	-8.104294E-1
-8.000000E-2	6.640460E-3	2.717990E-4	-8.242416E-1
-7.990000E-2	6.650000E-3	2.679840E-4	-8.138177E-1
-7.980000E-2	6.650950E-3	2.708450E-4	-8.059606E-1
-7.970000E-2	6.654770E-3	2.641700E-4	-8.216489E-1
-7.960000E-2	6.661440E-3	2.565400E-4	-8.060957E-1
-7.950000E-2	6.656680E-3	2.622620E-4	-8.038988E-1
-7.940000E-2	6.654770E-3	2.651230E-4	-8.179757E-1
-7.930000E-2	6.661440E-3	2.660770E-4	-7.997797E-1
-7.920000E-2	6.659540E-3	2.679840E-4	-8.101158E-1
-7.910000E-2	6.663350E-3	2.679840E-4	-8.121610E-1
-7.900000E-2	6.666210E-3	2.717990E-4	-7.962193E-1
-7.890000E-2	6.659540E-3	2.746600E-4	-8.066767E-1
-7.880000E-2	6.666210E-3	2.737060E-4	-8.093564E-1
-7.870000E-2	6.677660E-3	2.756140E-4	-7.960833E-1
-7.860000E-2	6.683380E-3	2.784750E-4	-7.985142E-1
-7.850000E-2	6.691010E-3	2.880120E-4	-8.064286E-1
-7.840000E-2	6.699590E-3	3.051780E-4	-7.924203E-1
-7.830000E-2	6.699590E-3	3.089920E-4	-7.924619E-1
-7.820000E-2	6.701500E-3	2.946870E-4	-8.051448E-1
-7.810000E-2	6.711040E-3	2.841970E-4	-7.887221E-1
-7.800000E-2	6.718670E-3	2.899190E-4	-7.895416E-1
-7.790000E-2	6.718670E-3	2.784750E-4	-8.004319E-1
-7.780000E-2	6.711040E-3	2.584480E-4	-7.891855E-1
-7.770000E-2	6.711990E-3	2.527260E-4	-7.895898E-1
-7.760000E-2	6.721530E-3	2.422340E-4	-8.007056E-1
-7.750000E-2	6.727250E-3	2.498650E-4	-7.838150E-1
-7.740000E-2	6.720570E-3	2.670310E-4	-7.851044E-1
-7.730000E-2	6.714850E-3	2.765670E-4	-7.955949E-1
-7.720000E-2	6.726290E-3	2.803820E-4	-7.781538E-1
-7.710000E-2	6.733920E-3	2.918260E-4	-7.829186E-1
-7.700000E-2	6.749180E-3	2.965950E-4	-7.910503E-1
-7.690000E-2	6.770160E-3	3.032700E-4	-7.801500E-1
-7.680000E-2	6.779700E-3	3.137610E-4	-7.748719E-1
-7.670000E-2	6.784470E-3	3.089920E-4	-7.880736E-1
-7.660000E-2	6.792100E-3	3.004090E-4	-7.756258E-1
-7.650000E-2	6.783520E-3	2.937340E-4	-7.687150E-1
-7.640000E-2	6.775890E-3	2.861040E-4	-7.819159E-1
-7.630000E-2	6.773020E-3	2.784750E-4	-7.709248E-1
-7.620000E-2	6.763490E-3	2.870580E-4	-7.667789E-1
-7.610000E-2	6.757770E-3	2.985020E-4	-7.755406E-1
-7.600000E-2	6.763490E-3	3.004090E-4	-7.721476E-1
-7.590000E-2	6.768260E-3	3.080390E-4	-7.607645E-1
-7.580000E-2	6.771120E-3	3.061310E-4	-7.732309E-1
-7.570000E-2	6.783520E-3	3.013630E-4	-7.705243E-1
-7.560000E-2	6.792100E-3	2.965950E-4	-7.578961E-1
-7.550000E-2	6.801640E-3	2.851500E-4	-7.695762E-1
-7.540000E-2	6.816890E-3	2.813360E-4	-7.701441E-1
-7.530000E-2	6.830250E-3	2.937340E-4	-7.527196E-1
-7.520000E-2	6.830250E-3	3.042240E-4	-7.616238E-1
-7.510000E-2	6.834060E-3	2.985020E-4	-7.666643E-1
-7.500000E-2	6.833110E-3	2.899190E-4	-7.501148E-1
-7.490000E-2	6.818800E-3	2.832430E-4	-7.529361E-1
-7.480000E-2	6.816890E-3	2.784750E-4	-7.617737E-1
-7.470000E-2	6.825480E-3	2.784750E-4	-7.504589E-1
-7.460000E-2	6.840740E-3	2.851500E-4	-7.566824E-1
-7.450000E-2	6.866480E-3	2.822890E-4	-7.613685E-1
-7.440000E-2	6.880790E-3	2.908730E-4	-7.451956E-1
-7.430000E-2	6.888420E-3	3.004090E-4	-7.486561E-1
-7.420000E-2	6.894140E-3	2.899190E-4	-7.562708E-1
-7.410000E-2	6.898910E-3	2.822890E-4	-7.387797E-1
-7.400000E-2	6.903680E-3	2.870580E-4	-7.462899E-1
-7.390000E-2	6.919890E-3	2.985020E-4	-7.541664E-1
-7.380000E-2	6.930380E-3	3.032700E-4	-7.349289E-1
-7.370000E-2	6.927520E-3	2.975480E-4	-7.426833E-1
-7.360000E-2	6.928470E-3	2.899190E-4	-7.504654E-1
-7.350000E-2	6.936100E-3	2.918260E-4	-7.340048E-1
-7.340000E-2	6.938010E-3	2.918260E-4	-7.359695E-1
-7.330000E-2	6.936100E-3	2.889650E-4	-7.465952E-1
-7.320000E-2	6.938010E-3	2.937340E-4	-7.303168E-1
-7.310000E-2	6.936100E-3	2.861040E-4	-7.315026E-1
-7.300000E-2	6.938010E-3	2.698920E-4	-7.444233E-1
-7.290000E-2	6.953270E-3	2.632160E-4	-7.253097E-1
-7.280000E-2	6.958990E-3	2.689380E-4	-7.289034E-1
-7.270000E-2	6.966620E-3	2.727530E-4	-7.422106E-1
-7.260000E-2	6.985690E-3	2.841970E-4	-7.213802E-1
-7.250000E-2	6.998090E-3	2.937340E-4	-7.286500E-1
-7.240000E-2	7.002860E-3	2.861040E-4	-7.357004E-1
-7.230000E-2	7.012400E-3	2.813360E-4	-7.167302E-1
-7.220000E-2	7.013350E-3	2.851500E-4	-7.262828E-1
-7.210000E-2	7.017170E-3	2.822890E-4	-7.341954E-1
-7.200000E-2	7.018120E-3	2.851500E-4	-7.145009E-1
-7.190000E-2	7.012400E-3	2.937340E-4	-7.258027E-1
-7.180000E-2	7.007630E-3	2.956410E-4	-7.202980E-1
-7.170000E-2	7.004770E-3	3.099460E-4	-7.088888E-1
-7.160000E-2	7.009540E-3	3.252050E-4	-7.289765E-1
-7.150000E-2	7.016210E-3	3.290200E-4	-7.116963E-1
-7.140000E-2	7.021930E-3	3.328340E-4	-7.157191E-1
-7.130000E-2	7.032420E-3	3.328340E-4	-7.052980E-1
-7.120000E-2	7.053410E-3	3.719350E-4	-7.210509E-1
-7.110000E-2	7.077250E-3	3.929160E-4	-7.069704E-1
-7.100000E-2	7.086780E-3	3.833790E-4	-7.071499E-1
-7.090000E-2	7.091550E-3	3.538150E-4	-7.166710E-1
-7.080000E-2	7.097270E-3	3.366490E-4	-7.004888E-1
-7.070000E-2	7.099180E-3	3.299730E-4	-7.157848E-1
-7.060000E-2	7.111580E-3	3.337880E-4	-7.017746E-1
-7.050000E-2	7.127790E-3	3.376030E-4	-7.049242E-1
-7.040000E-2	7.141140E-3	3.166220E-4	-7.135926E-1
-7.030000E-2	7.148770E-3	2.975480E-4	-7.008052E-1
-7.020000E-2	7.155450E-3	2.937340E-4	-6.978868E-1
-7.010000E-2	7.159260E-3	2.918260E-4	-7.092385E-1
-7.000000E-2	7.157360E-3	2.994560E-4	-6.878531E-1
-6.990000E-2	7.154490E-3	3.061310E-4	-7.028819E-1
-6.980000E-2	7.164030E-3	3.004090E-4	-7.022242E-1
-6.970000E-2	7.173570E-3	3.013630E-4	-6.858283E-1
-6.960000E-2	7.169750E-3	3.051780E-4	-7.003289E-1
-6.950000E-2	7.172610E-3	3.175750E-4	-6.985620E-1
-6.940000E-2	7.177380E-3	3.318810E-4	-6.832789E-1
-6.930000E-2	7.180240E-3	3.356950E-4	-6.953125E-1
-6.920000E-2	7.185010E-3	3.232970E-4	-6.925254E-1
-6.910000E-2	7.191690E-3	3.156680E-4	-6.762664E-1
-6.900000E-2	7.192640E-3	3.051780E-4	-6.904441E-1
-6.890000E-2	7.197410E-3	2.985020E-4	-6.918464E-1
-6.880000E-2	7.202180E-3	2.985020E-4	-6.724202E-1
-6.870000E-2	7.203130E-3	2.994560E-4	-6.879188E-1
-6.860000E-2	7.216480E-3	2.985020E-4	-6.857830E-1
-6.850000E-2	7.230790E-3	3.013630E-4	-6.679015E-1
-6.840000E-2	7.238420E-3	2.985020E-4	-6.832734E-1
-6.830000E-2	7.240330E-3	3.004090E-4	-6.788370E-1
-6.820000E-2	7.228880E-3	3.166220E-4	-6.684676E-1
-6.810000E-2	7.222210E-3	3.213900E-4	-6.855092E-1
-6.800000E-2	7.224110E-3	3.166220E-4	-6.689061E-1
-6.790000E-2	7.220300E-3	3.128070E-4	-6.679718E-1
-6.780000E-2	7.230790E-3	3.089920E-4	-6.811431E-1
-6.770000E-2	7.254630E-3	3.137610E-4	-6.676962E-1
-6.760000E-2	7.266070E-3	3.242510E-4	-6.581787E-1
-6.750000E-2	7.276560E-3	3.280660E-4	-6.775744E-1
-6.740000E-2	7.291820E-3	3.137610E-4	-6.653060E-1
-6.730000E-2	7.299450E-3	3.023170E-4	-6.556534E-1
-6.720000E-2	7.306130E-3	2.899190E-4	-6.723231E-1
-6.710000E-2	7.312800E-3	2.870580E-4	-6.623209E-1
-6.700000E-2	7.314710E-3	2.965950E-4	-6.511588E-1
-6.690000E-2	7.314710E-3	3.023170E-4	-6.665122E-1
-6.680000E-2	7.320430E-3	3.013630E-4	-6.610916E-1
-6.670000E-2	7.326160E-3	3.013630E-4	-6.495465E-1
-6.660000E-2	7.327110E-3	2.956410E-4	-6.658702E-1
-6.650000E-2	7.350000E-3	2.889650E-4	-6.627678E-1
-6.640000E-2	7.375750E-3	2.803820E-4	-6.471794E-1
-6.630000E-2	7.385280E-3	2.822890E-4	-6.522993E-1
-6.620000E-2	7.385280E-3	2.870580E-4	-6.602267E-1
-6.610000E-2	7.383380E-3	3.061310E-4	-6.408246E-1
-6.600000E-2	7.386240E-3	3.185290E-4	-6.525777E-1
-6.590000E-2	7.398640E-3	3.194830E-4	-6.533058E-1
-6.580000E-2	7.408170E-3	3.194830E-4	-6.361181E-1
-6.570000E-2	7.410080E-3	3.118530E-4	-6.553103E-1
-6.560000E-2	7.430110E-3	3.099460E-4	-6.537387E-1
-6.550000E-2	7.445370E-3	3.032700E-4	-6.293608E-1
-6.540000E-2	7.445370E-3	3.089920E-4	-6.501764E-1
-6.530000E-2	7.453950E-3	3.185290E-4	-6.373493E-1
-6.520000E-2	7.457760E-3	3.280660E-4	-6.324365E-1
-6.510000E-2	7.464440E-3	3.299730E-4	-6.440491E-1
-6.500000E-2	7.478740E-3	3.356950E-4	-6.231957E-1
-6.490000E-2	7.487330E-3	3.385560E-4	-6.393362E-1
-6.480000E-2	7.500680E-3	3.366490E-4	-6.386757E-1
-6.470000E-2	7.510220E-3	3.337880E-4	-6.231642E-1
-6.460000E-2	7.516890E-3	3.271120E-4	-6.368211E-1
-6.450000E-2	7.529290E-3	3.271120E-4	-6.331396E-1
-6.440000E-2	7.541690E-3	3.356950E-4	-6.149196E-1
-6.430000E-2	7.542640E-3	3.376030E-4	-6.305227E-1
-6.420000E-2	7.546450E-3	3.366490E-4	-6.232013E-1
-6.410000E-2	7.561710E-3	3.404640E-4	-6.151120E-1
-6.400000E-2	7.577930E-3	3.423710E-4	-6.307169E-1
-6.390000E-2	7.588420E-3	3.337880E-4	-6.109605E-1
-6.380000E-2	7.583650E-3	3.232970E-4	-6.192385E-1
-6.370000E-2	7.592230E-3	3.147140E-4	-6.263907E-1
-6.360000E-2	7.616070E-3	3.089920E-4	-6.082151E-1
-6.350000E-2	7.620840E-3	2.918260E-4	-6.121630E-1
-6.340000E-2	7.617980E-3	2.803820E-4	-6.232253E-1
-6.330000E-2	7.624660E-3	2.870580E-4	-6.025559E-1
-6.320000E-2	7.638010E-3	3.061310E-4	-6.124266E-1
-6.310000E-2	7.660900E-3	3.185290E-4	-6.199267E-1
-6.300000E-2	7.681880E-3	3.309270E-4	-6.033403E-1
-6.290000E-2	7.688550E-3	3.366490E-4	-6.020998E-1
-6.280000E-2	7.699040E-3	3.337880E-4	-6.181682E-1
-6.270000E-2	7.719070E-3	3.404640E-4	-5.987078E-1
-6.260000E-2	7.726700E-3	3.452320E-4	-5.988124E-1
-6.250000E-2	7.738140E-3	3.509540E-4	-6.122583E-1
-6.240000E-2	7.752450E-3	3.585830E-4	-5.905955E-1
-6.230000E-2	7.753400E-3	3.547690E-4	-5.941197E-1
-6.220000E-2	7.757220E-3	3.404640E-4	-6.073012E-1
-6.210000E-2	7.782010E-3	3.356950E-4	-5.863006E-1
-6.200000E-2	7.810620E-3	3.442780E-4	-6.003719E-1
-6.190000E-2	7.843080E-3	3.442780E-4	-5.997975E-1
-6.180000E-2	7.865970E-3	3.461860E-4	-5.819873E-1
-6.170000E-2	7.875500E-3	3.385560E-4	-5.985635E-1
-6.160000E-2	7.891710E-3	3.280660E-4	-5.922882E-1
-6.150000E-2	7.899340E-3	3.299730E-4	-5.766833E-1
-6.140000E-2	7.900300E-3	3.337880E-4	-5.947126E-1
-6.130000E-2	7.911740E-3	3.356950E-4	-5.907462E-1
-6.120000E-2	7.918420E-3	3.423710E-4	-5.718381E-1
-6.110000E-2	7.922230E-3	3.442780E-4	-5.866678E-1
-6.100000E-2	7.935580E-3	3.385560E-4	-5.832990E-1
-6.090000E-2	7.962290E-3	3.309270E-4	-5.725641E-1
-6.080000E-2	7.990900E-3	3.166220E-4	-5.891450E-1
-6.070000E-2	8.013780E-3	3.166220E-4	-5.774390E-1
-6.060000E-2	8.026180E-3	3.271120E-4	-5.677790E-1
-6.050000E-2	8.039530E-3	3.309270E-4	-5.833601E-1
-6.040000E-2	8.055750E-3	3.356950E-4	-5.642086E-1
-6.030000E-2	8.064330E-3	3.376030E-4	-5.691861E-1
-6.020000E-2	8.085310E-3	3.328340E-4	-5.809365E-1
-6.010000E-2	8.112010E-3	3.328340E-4	-5.611690E-1
-6.000000E-2	8.127270E-3	3.385560E-4	-5.651965E-1
-5.990000E-2	8.150160E-3	3.385560E-4	-5.782021E-1
-5.980000E-2	8.171140E-3	3.528610E-4	-5.618673E-1
-5.970000E-2	8.184490E-3	3.690740E-4	-5.568982E-1
-5.960000E-2	8.194030E-3	3.690740E-4	-5.741644E-1
-5.950000E-2	8.212150E-3	3.747960E-4	-5.480643E-1
-5.940000E-2	8.230270E-3	3.747960E-4	-5.534664E-1
-5.930000E-2	8.249340E-3	3.576300E-4	-5.664804E-1
-5.920000E-2	8.280810E-3	3.595370E-4	-5.623262E-1
-5.910000E-2	8.316100E-3	3.681200E-4	-5.408519E-1
-5.900000E-2	8.339940E-3	3.728890E-4	-5.633853E-1
-5.890000E-2	8.366640E-3	3.747960E-4	-5.557927E-1
-5.880000E-2	8.389530E-3	3.757500E-4	-5.444632E-1
-5.870000E-2	8.406700E-3	3.643050E-4	-5.590414E-1
-5.860000E-2	8.421000E-3	3.576300E-4	-5.449165E-1
-5.850000E-2	8.434360E-3	3.585830E-4	-5.455066E-1
-5.840000E-2	8.457240E-3	3.509540E-4	-5.564504E-1
-5.830000E-2	8.488710E-3	3.585830E-4	-5.391028E-1
-5.820000E-2	8.502070E-3	3.662130E-4	-5.368004E-1
-5.810000E-2	8.515420E-3	3.643050E-4	-5.524738E-1
-5.800000E-2	8.536400E-3	3.604910E-4	-5.260009E-1
-5.790000E-2	8.544030E-3	3.528610E-4	-5.398732E-1
-5.780000E-2	8.558330E-3	3.509540E-4	-5.470616E-1
-5.770000E-2	8.581220E-3	3.652590E-4	-5.236365E-1
-5.760000E-2	8.605060E-3	3.929160E-4	-5.374757E-1
-5.750000E-2	8.641300E-3	4.110350E-4	-5.421812E-1
-5.740000E-2	8.673730E-3	4.158040E-4	-5.162216E-1
-5.730000E-2	8.689940E-3	4.100820E-4	-5.321050E-1
-5.720000E-2	8.701380E-3	3.957770E-4	-5.297944E-1
-5.710000E-2	8.717600E-3	3.995910E-4	-5.115503E-1
-5.700000E-2	8.740480E-3	4.005450E-4	-5.271831E-1
-5.690000E-2	8.774820E-3	3.948230E-4	-5.278241E-1
-5.680000E-2	8.807240E-3	3.976840E-4	-5.078577E-1
-5.670000E-2	8.836810E-3	4.005450E-4	-5.257853E-1
-5.660000E-2	8.882580E-3	4.014990E-4	-5.186923E-1
-5.650000E-2	8.915960E-3	4.196190E-4	-5.044648E-1
-5.640000E-2	8.942660E-3	4.367850E-4	-5.129665E-1
-5.630000E-2	8.977950E-3	4.339240E-4	-5.215914E-1
-5.620000E-2	9.018000E-3	4.177110E-4	-5.002235E-1
-5.610000E-2	9.035170E-3	3.900550E-4	-5.165390E-1
-5.600000E-2	9.051380E-3	3.709810E-4	-5.076754E-1
-5.590000E-2	9.066640E-3	3.776570E-4	-4.957474E-1
-5.580000E-2	9.097160E-3	3.852860E-4	-5.136788E-1
-5.570000E-2	9.127680E-3	3.833790E-4	-4.941434E-1
-5.560000E-2	9.146750E-3	3.852860E-4	-4.967973E-1
-5.550000E-2	9.185850E-3	3.852860E-4	-5.139081E-1
-5.540000E-2	9.234490E-3	3.852860E-4	-4.874667E-1
-5.530000E-2	9.271680E-3	3.862400E-4	-4.937937E-1
-5.520000E-2	9.310780E-3	3.767030E-4	-5.093322E-1
-5.510000E-2	9.353700E-3	3.604910E-4	-4.794607E-1
-5.500000E-2	9.365140E-3	3.585830E-4	-5.018294E-1
-5.490000E-2	9.370860E-3	3.728890E-4	-4.905220E-1
-5.480000E-2	9.398520E-3	3.938690E-4	-4.802877E-1
-5.470000E-2	9.444300E-3	3.976840E-4	-4.995187E-1
-5.460000E-2	9.498660E-3	4.014990E-4	-4.704048E-1
-5.450000E-2	9.544430E-3	4.110350E-4	-4.958584E-1
-5.440000E-2	9.599750E-3	4.177110E-4	-4.744065E-1
-5.430000E-2	9.647430E-3	4.310630E-4	-4.682348E-1
-5.420000E-2	9.704650E-3	4.396460E-4	-4.914461E-1
-5.410000E-2	9.765680E-3	4.472750E-4	-4.692374E-1
-5.400000E-2	9.797160E-3	4.568120E-4	-4.616191E-1
-5.390000E-2	9.827670E-3	4.491820E-4	-4.848729E-1
-5.380000E-2	9.863910E-3	4.301090E-4	-4.687925E-1
-5.370000E-2	9.890620E-3	4.272480E-4	-4.543966E-1
-5.360000E-2	9.930670E-3	4.320160E-4	-4.787299E-1
-5.350000E-2	9.989800E-3	4.339240E-4	-4.689128E-1
-5.340000E-2	1.004030E-2	4.453680E-4	-4.545261E-1
-5.330000E-2	1.008610E-2	4.472750E-4	-4.765608E-1
-5.320000E-2	1.014050E-2	4.377380E-4	-4.570190E-1
-5.310000E-2	1.018150E-2	4.348770E-4	-4.496744E-1
-5.300000E-2	1.021490E-2	4.224800E-4	-4.722298E-1
-5.290000E-2	1.025590E-2	4.091280E-4	-4.494959E-1
-5.280000E-2	1.028070E-2	4.062670E-4	-4.439745E-1
-5.270000E-2	1.029210E-2	4.196190E-4	-4.643913E-1
-5.260000E-2	1.032840E-2	4.463210E-4	-4.411310E-1
-5.250000E-2	1.039610E-2	4.644410E-4	-4.532995E-1
-5.240000E-2	1.049140E-2	4.529970E-4	-4.622305E-1
-5.230000E-2	1.056770E-2	4.291550E-4	-4.380275E-1
-5.220000E-2	1.061060E-2	4.291550E-4	-4.404103E-1
-5.210000E-2	1.063730E-2	4.310630E-4	-4.563048E-1
-5.200000E-2	1.066790E-2	4.510900E-4	-4.270708E-1
-5.190000E-2	1.071080E-2	4.749320E-4	-4.399608E-1
-5.180000E-2	1.077370E-2	4.625340E-4	-4.459651E-1
-5.170000E-2	1.084330E-2	4.615800E-4	-4.180926E-1
-5.160000E-2	1.090720E-2	4.587190E-4	-4.382986E-1
-5.150000E-2	1.096540E-2	4.501360E-4	-4.403623E-1
-5.140000E-2	1.102550E-2	4.510900E-4	-4.116674E-1
-5.130000E-2	1.108080E-2	4.510900E-4	-4.322111E-1
-5.120000E-2	1.113710E-2	4.625340E-4	-4.311695E-1
-5.110000E-2	1.118950E-2	4.949610E-4	-4.082717E-1
-5.100000E-2	1.124200E-2	5.064050E-4	-4.291141E-1
-5.090000E-2	1.130780E-2	5.044970E-4	-4.273436E-1
-5.080000E-2	1.136790E-2	5.178490E-4	-4.040980E-1
-5.070000E-2	1.142980E-2	5.092660E-4	-4.148282E-1
-5.060000E-2	1.150710E-2	4.844680E-4	-4.308670E-1
-5.050000E-2	1.159200E-2	4.730240E-4	-3.997033E-1
-5.040000E-2	1.165490E-2	4.644410E-4	-3.983871E-1
-5.030000E-2	1.172260E-2	4.634880E-4	-4.219017E-1
-5.020000E-2	1.180370E-2	4.797000E-4	-3.971281E-1
-5.010000E-2	1.187710E-2	4.978220E-4	-3.938092E-1
-5.000000E-2	1.196200E-2	4.901920E-4	-4.131409E-1
-4.990000E-2	1.204310E-2	4.959140E-4	-3.895522E-1
-4.980000E-2	1.211650E-2	5.207100E-4	-3.791449E-1
-4.970000E-2	1.218520E-2	5.331080E-4	-4.108053E-1
-4.960000E-2	1.226910E-2	5.350150E-4	-3.837579E-1
-4.950000E-2	1.233970E-2	5.264320E-4	-3.715598E-1
-4.940000E-2	1.241790E-2	5.216640E-4	-3.985915E-1
-4.930000E-2	1.253990E-2	5.388300E-4	-3.861898E-1
-4.920000E-2	1.265720E-2	5.579030E-4	-3.672640E-1
-4.910000E-2	1.274310E-2	5.607640E-4	-3.945390E-1
-4.900000E-2	1.282320E-2	5.703010E-4	-3.769063E-1
-4.890000E-2	1.287180E-2	5.760230E-4	-3.595568E-1
-4.880000E-2	1.291380E-2	5.645790E-4	-3.896484E-1
-4.870000E-2	1.298820E-2	5.512270E-4	-3.638174E-1
-4.860000E-2	1.307870E-2	5.741160E-4	-3.563008E-1
-4.850000E-2	1.317410E-2	5.970040E-4	-3.824731E-1
-4.840000E-2	1.327230E-2	6.065410E-4	-3.669800E-1
-4.830000E-2	1.336200E-2	6.084480E-4	-3.437465E-1
-4.820000E-2	1.343350E-2	6.017720E-4	-3.727929E-1
-4.810000E-2	1.350310E-2	5.950960E-4	-3.472375E-1
-4.800000E-2	1.357560E-2	6.170310E-4	-3.380577E-1
-4.790000E-2	1.366530E-2	6.380120E-4	-3.718845E-1
-4.780000E-2	1.376160E-2	6.351510E-4	-3.336408E-1
-4.770000E-2	1.383500E-2	6.141700E-4	-3.473596E-1
-4.760000E-2	1.391510E-2	5.950960E-4	-3.554516E-1
-4.750000E-2	1.399810E-2	6.122630E-4	-3.238726E-1
-4.740000E-2	1.405340E-2	6.179850E-4	-3.261241E-1
-4.730000E-2	1.412210E-2	6.036800E-4	-3.528736E-1
-4.720000E-2	1.421080E-2	5.941430E-4	-3.446382E-1
-4.710000E-2	1.429560E-2	5.979580E-4	-3.124358E-1
-4.700000E-2	1.437570E-2	5.960500E-4	-3.383916E-1
-4.690000E-2	1.444820E-2	5.950960E-4	-3.360698E-1
-4.680000E-2	1.452640E-2	6.217990E-4	-3.077616E-1
-4.670000E-2	1.459510E-2	6.446880E-4	-3.417087E-1
-4.660000E-2	1.467420E-2	6.656680E-4	-3.102722E-1
-4.650000E-2	1.474290E-2	6.771120E-4	-2.982525E-1
-4.640000E-2	1.480010E-2	6.609000E-4	-3.232769E-1
-4.630000E-2	1.483260E-2	6.446880E-4	-3.082325E-1
-4.620000E-2	1.488980E-2	6.418270E-4	-2.989565E-1
-4.610000E-2	1.499280E-2	6.237070E-4	-3.286818E-1
-4.600000E-2	1.510630E-2	6.046330E-4	-2.833098E-1
-4.590000E-2	1.518640E-2	5.960500E-4	-3.008037E-1
-4.580000E-2	1.526650E-2	5.998650E-4	-3.173041E-1
-4.570000E-2	1.536570E-2	6.303820E-4	-2.811713E-1
-4.560000E-2	1.544670E-2	6.647150E-4	-2.803295E-1
-4.550000E-2	1.550870E-2	6.685290E-4	-3.095849E-1
-4.540000E-2	1.559070E-2	6.618540E-4	-2.752668E-1
-4.530000E-2	1.565090E-2	6.694830E-4	-2.676559E-1
-4.520000E-2	1.570240E-2	6.818810E-4	-3.017093E-1
-4.510000E-2	1.576630E-2	6.952320E-4	-2.648744E-1
-4.500000E-2	1.583490E-2	7.143060E-4	-2.705660E-1
-4.490000E-2	1.592550E-2	7.181200E-4	-2.965413E-1
-4.480000E-2	1.603330E-2	7.257500E-4	-2.705558E-1
-4.470000E-2	1.612960E-2	7.391010E-4	-2.520232E-1
-4.460000E-2	1.621350E-2	7.457770E-4	-2.867121E-1
-4.450000E-2	1.633750E-2	7.677120E-4	-2.552145E-1
-4.440000E-2	1.647100E-2	7.791560E-4	-2.458035E-1
-4.430000E-2	1.659210E-2	7.610360E-4	-2.785627E-1
-4.420000E-2	1.670090E-2	7.610360E-4	-2.414873E-1
-4.410000E-2	1.680480E-2	7.829700E-4	-2.307710E-1
-4.400000E-2	1.693170E-2	7.791560E-4	-2.641732E-1
-4.390000E-2	1.706230E-2	7.782020E-4	-2.351815E-1
-4.380000E-2	1.718910E-2	8.182560E-4	-2.195858E-1
-4.370000E-2	1.732550E-2	8.325610E-4	-2.642167E-1
-4.360000E-2	1.749620E-2	8.192100E-4	-2.339420E-1
-4.350000E-2	1.763070E-2	8.001360E-4	-2.045765E-1
-4.340000E-2	1.772610E-2	7.829700E-4	-2.513544E-1
-4.330000E-2	1.785290E-2	7.705730E-4	-2.357883E-1
-4.320000E-2	1.799600E-2	7.839240E-4	-1.949647E-1
-4.310000E-2	1.813810E-2	8.153950E-4	-2.430672E-1
-4.300000E-2	1.829160E-2	8.468670E-4	-2.357115E-1
-4.290000E-2	1.841560E-2	8.659400E-4	-1.846758E-1
-4.280000E-2	1.851950E-2	8.945500E-4	-2.345904E-1
-4.270000E-2	1.864060E-2	9.164850E-4	-1.975963E-1
-4.260000E-2	1.870070E-2	9.098090E-4	-1.765125E-1
-4.250000E-2	1.873410E-2	8.878750E-4	-2.264910E-1
-4.240000E-2	1.877610E-2	8.811990E-4	-1.817250E-1
-4.230000E-2	1.879320E-2	8.811990E-4	-2.043240E-1
-4.220000E-2	1.880470E-2	8.592640E-4	-2.143816E-1
-4.210000E-2	1.875980E-2	8.478200E-4	-1.601759E-1
-4.200000E-2	1.863210E-2	8.220710E-4	-1.933070E-1
-4.190000E-2	1.845560E-2	7.915530E-4	-1.965001E-1
-4.180000E-2	1.822100E-2	7.877390E-4	-1.560208E-1
-4.170000E-2	1.792350E-2	7.944140E-4	-1.826805E-1
-4.160000E-2	1.759730E-2	7.705730E-4	-1.827546E-1
-4.150000E-2	1.724920E-2	7.324260E-4	-1.481386E-1
-4.140000E-2	1.684490E-2	6.790200E-4	-1.810136E-1
-4.130000E-2	1.639570E-2	6.637610E-4	-1.664586E-1
-4.120000E-2	1.591790E-2	6.618540E-4	-1.472849E-1
-4.110000E-2	1.541810E-2	6.265680E-4	-1.797159E-1
-4.100000E-2	1.491360E-2	5.855600E-4	-1.391826E-1
-4.090000E-2	1.437290E-2	5.550420E-4	-1.614126E-1
-4.080000E-2	1.383980E-2	5.388300E-4	-1.616402E-1
-4.070000E-2	1.331240E-2	5.331080E-4	-1.333579E-1
-4.060000E-2	1.275450E-2	5.245250E-4	-1.575330E-1
-4.050000E-2	1.221380E-2	5.168950E-4	-1.487335E-1
-4.040000E-2	1.172450E-2	4.978220E-4	-1.371162E-1
-4.030000E-2	1.124100E-2	4.606270E-4	-1.496612E-1
-4.020000E-2	1.077370E-2	4.367850E-4	-1.288411E-1
-4.010000E-2	1.032640E-2	4.081740E-4	-1.535176E-1
-4.000000E-2	9.898250E-3	3.814720E-4	-1.254407E-1
-3.990000E-2	9.500560E-3	3.738420E-4	-1.278707E-1
-3.980000E-2	9.132440E-3	3.728890E-4	-1.401882E-1
-3.970000E-2	8.803430E-3	3.719350E-4	-1.238201E-1
-3.960000E-2	8.488710E-3	3.633520E-4	-1.410207E-1
-3.950000E-2	8.198800E-3	3.509540E-4	-1.181414E-1
-3.940000E-2	7.923190E-3	3.404640E-4	-1.389663E-1
-3.930000E-2	7.673290E-3	3.252050E-4	-1.191645E-1
-3.920000E-2	7.437740E-3	3.156680E-4	-1.296190E-1
-3.910000E-2	7.215530E-3	3.051780E-4	-1.211856E-1
-3.900000E-2	6.997140E-3	3.004090E-4	-1.161887E-1
-3.890000E-2	6.794010E-3	2.908730E-4	-1.290529E-1
-3.880000E-2	6.617580E-3	2.908730E-4	-1.111428E-1
-3.870000E-2	6.456400E-3	2.870580E-4	-1.240439E-1
-3.860000E-2	6.324800E-3	2.765670E-4	-1.163978E-1
-3.850000E-2	6.204630E-3	2.670310E-4	-1.124943E-1
-3.840000E-2	6.096870E-3	2.517720E-4	-1.256673E-1
-3.830000E-2	5.994830E-3	2.384200E-4	-1.116895E-1
-3.820000E-2	5.897550E-3	2.346050E-4	-1.121807E-1
-3.810000E-2	5.810770E-3	2.365120E-4	-1.227794E-1
-3.800000E-2	5.735430E-3	2.365120E-4	-1.055844E-1
-3.790000E-2	5.661040E-3	2.374660E-4	-1.181276E-1
-3.780000E-2	5.590470E-3	2.346050E-4	-1.072984E-1
-3.770000E-2	5.514170E-3	2.365120E-4	-1.069284E-1
-3.760000E-2	5.445510E-3	2.307900E-4	-1.129447E-1
-3.750000E-2	5.373980E-3	2.279290E-4	-1.057370E-1
-3.740000E-2	5.296740E-3	2.145780E-4	-1.012521E-1
-3.730000E-2	5.218540E-3	1.993190E-4	-1.102023E-1
-3.720000E-2	5.155590E-3	2.012260E-4	-1.039556E-1
-3.710000E-2	5.104090E-3	2.126700E-4	-9.456573E-2
-3.700000E-2	5.055460E-3	2.117170E-4	-1.043807E-1
-3.690000E-2	5.011590E-3	2.021800E-4	-1.061581E-1
-3.680000E-2	4.969630E-3	1.926430E-4	-9.652102E-2
-3.670000E-2	4.914310E-3	1.754770E-4	-1.022345E-1
-3.660000E-2	4.854230E-3	1.697550E-4	-1.059839E-1
-3.650000E-2	4.804640E-3	1.735700E-4	-9.526616E-2
-3.640000E-2	4.756000E-3	1.802450E-4	-9.617229E-2
-3.630000E-2	4.711180E-3	1.888280E-4	-1.017550E-1
-3.620000E-2	4.675890E-3	1.993190E-4	-9.127691E-2
-3.610000E-2	4.640610E-3	1.993190E-4	-9.136930E-2
-3.600000E-2	4.599600E-3	1.831060E-4	-9.714044E-2
-3.590000E-2	4.559550E-3	1.726160E-4	-9.983383E-2
-3.580000E-2	4.528080E-3	1.754770E-4	-8.835671E-2
-3.570000E-2	4.503280E-3	1.831060E-4	-8.972609E-2
-3.560000E-2	4.479440E-3	1.850140E-4	-9.979402E-2
-3.550000E-2	4.460360E-3	1.878750E-4	-8.836421E-2
-3.540000E-2	4.442240E-3	1.916890E-4	-8.586514E-2
-3.530000E-2	4.422220E-3	1.878750E-4	-9.619756E-2
-3.520000E-2	4.404100E-3	1.859670E-4	-8.569314E-2
-3.510000E-2	4.385020E-3	1.840600E-4	-8.212418E-2
-3.500000E-2	4.365000E-3	1.783380E-4	-9.192781E-2
-3.490000E-2	4.347830E-3	1.792920E-4	-8.458399E-2
-3.480000E-2	4.330660E-3	1.850140E-4	-8.216926E-2
-3.470000E-2	4.313500E-3	1.869210E-4	-9.171859E-2
-3.460000E-2	4.303010E-3	1.916890E-4	-8.252271E-2
-3.450000E-2	4.287750E-3	1.926430E-4	-7.708113E-2
-3.440000E-2	4.266770E-3	1.888280E-4	-8.506029E-2
-3.430000E-2	4.247700E-3	1.859670E-4	-8.537949E-2
-3.420000E-2	4.231480E-3	1.888280E-4	-7.409679E-2
-3.410000E-2	4.212410E-3	1.869210E-4	-8.170259E-2
-3.400000E-2	4.191430E-3	1.831060E-4	-8.177961E-2
-3.390000E-2	4.173310E-3	1.859670E-4	-7.254615E-2
-3.380000E-2	4.156140E-3	1.840600E-4	-7.809493E-2
-3.370000E-2	4.140880E-3	1.783380E-4	-8.286283E-2
-3.360000E-2	4.120860E-3	1.716620E-4	-7.035370E-2
-3.350000E-2	4.098920E-3	1.707090E-4	-7.814769E-2
-3.340000E-2	4.073170E-3	1.735700E-4	-8.144883E-2
-3.330000E-2	4.038840E-3	1.773840E-4	-7.071956E-2
-3.320000E-2	4.004510E-3	1.764310E-4	-7.732211E-2
-3.310000E-2	3.983530E-3	1.792920E-4	-7.354569E-2
-3.300000E-2	3.963500E-3	1.783380E-4	-6.686980E-2
-3.290000E-2	3.938700E-3	1.735700E-4	-7.879712E-2
-3.280000E-2	3.917720E-3	1.697550E-4	-6.480807E-2
-3.270000E-2	3.895770E-3	1.707090E-4	-7.117086E-2
-3.260000E-2	3.875750E-3	1.697550E-4	-6.667188E-2
-3.250000E-2	3.852860E-3	1.745230E-4	-6.564763E-2
-3.240000E-2	3.833790E-3	1.735700E-4	-7.281434E-2
-3.230000E-2	3.815670E-3	1.707090E-4	-6.178168E-2
-3.220000E-2	3.792780E-3	1.668940E-4	-7.168270E-2
-3.210000E-2	3.767980E-3	1.611720E-4	-6.328317E-2
-3.200000E-2	3.737460E-3	1.592650E-4	-6.517096E-2
-3.190000E-2	3.711720E-3	1.573570E-4	-6.796978E-2
-3.180000E-2	3.691690E-3	1.583110E-4	-6.053683E-2
-3.170000E-2	3.671660E-3	1.564040E-4	-6.641156E-2
-3.160000E-2	3.653540E-3	1.564040E-4	-5.880150E-2
-3.150000E-2	3.631610E-3	1.611720E-4	-6.622919E-2
-3.140000E-2	3.612530E-3	1.659400E-4	-5.870282E-2
-3.130000E-2	3.590600E-3	1.697550E-4	-5.901961E-2
-3.120000E-2	3.569620E-3	1.707090E-4	-6.593378E-2
-3.110000E-2	3.547680E-3	1.688010E-4	-5.759784E-2
-3.100000E-2	3.524800E-3	1.592650E-4	-6.110764E-2
-3.090000E-2	3.500000E-3	1.468670E-4	-6.099905E-2
-3.080000E-2	3.477110E-3	1.411450E-4	-5.413237E-2
-3.070000E-2	3.450410E-3	1.354230E-4	-6.459385E-2
-3.060000E-2	3.427520E-3	1.373300E-4	-5.641500E-2
-3.050000E-2	3.405590E-3	1.392370E-4	-5.403776E-2
-3.040000E-2	3.375070E-3	1.335150E-4	-5.714043E-2
-3.030000E-2	3.346460E-3	1.344690E-4	-5.176440E-2
-3.020000E-2	3.316890E-3	1.344690E-4	-6.052812E-2
-3.010000E-2	3.294960E-3	1.363760E-4	-5.244557E-2
-3.000000E-2	3.271120E-3	1.420980E-4	-5.865755E-2
-2.990000E-2	3.247280E-3	1.430520E-4	-5.046463E-2
-2.980000E-2	3.219620E-3	1.468670E-4	-5.509034E-2
-2.970000E-2	3.195780E-3	1.430520E-4	-5.251286E-2
-2.960000E-2	3.170980E-3	1.382840E-4	-4.772375E-2
-2.950000E-2	3.143330E-3	1.306540E-4	-5.527901E-2
-2.940000E-2	3.115670E-3	1.277930E-4	-4.817294E-2
-2.930000E-2	3.084200E-3	1.325620E-4	-5.151824E-2
-2.920000E-2	3.057490E-3	1.325620E-4	-4.586873E-2
-2.910000E-2	3.033650E-3	1.287470E-4	-4.882383E-2
-2.900000E-2	3.009810E-3	1.239790E-4	-4.809998E-2
-2.890000E-2	2.985020E-3	1.239790E-4	-4.534226E-2
-2.880000E-2	2.959270E-3	1.201630E-4	-5.068089E-2
-2.870000E-2	2.936380E-3	1.192100E-4	-4.476256E-2
-2.860000E-2	2.910630E-3	1.182560E-4	-4.509092E-2
-2.850000E-2	2.884880E-3	1.163490E-4	-4.748935E-2
-2.840000E-2	2.855320E-3	1.153950E-4	-4.197613E-2
-2.830000E-2	2.821940E-3	1.125340E-4	-4.790761E-2
-2.820000E-2	2.787600E-3	1.115800E-4	-4.190365E-2
-2.810000E-2	2.751370E-3	1.134880E-4	-4.518785E-2
-2.800000E-2	2.721800E-3	1.144410E-4	-4.649871E-2
-2.790000E-2	2.695100E-3	1.144410E-4	-4.013583E-2
-2.780000E-2	2.659810E-3	1.115800E-4	-4.381931E-2
-2.770000E-2	2.624530E-3	1.049050E-4	-4.539410E-2
-2.760000E-2	2.591150E-3	9.918260E-5	-3.848623E-2
-2.750000E-2	2.558720E-3	9.918260E-5	-4.302436E-2
-2.740000E-2	2.530110E-3	1.010900E-4	-4.022248E-2
-2.730000E-2	2.502460E-3	1.020440E-4	-3.980478E-2
-2.720000E-2	2.473850E-3	9.822890E-5	-4.180875E-2
-2.710000E-2	2.440470E-3	9.918260E-5	-3.549587E-2
-2.700000E-2	2.406140E-3	9.918260E-5	-3.932385E-2
-2.690000E-2	2.375620E-3	9.727520E-5	-4.056917E-2
-2.680000E-2	2.348910E-3	9.536790E-5	-3.551882E-2
-2.670000E-2	2.320300E-3	9.155320E-5	-3.858158E-2
-2.660000E-2	2.289790E-3	8.583120E-5	-3.742198E-2
-2.650000E-2	2.258320E-3	8.678480E-5	-3.389441E-2
-2.640000E-2	2.224940E-3	8.678480E-5	-3.940735E-2
-2.630000E-2	2.192510E-3	8.773850E-5	-3.364713E-2
-2.620000E-2	2.156270E-3	8.869220E-5	-3.510584E-2
-2.610000E-2	2.123850E-3	8.583120E-5	-3.892161E-2
-2.600000E-2	2.090470E-3	8.297010E-5	-3.383173E-2
-2.590000E-2	2.050410E-3	8.297010E-5	-3.327683E-2
-2.580000E-2	2.009410E-3	8.106280E-5	-3.559390E-2
-2.570000E-2	1.971260E-3	7.915540E-5	-3.044829E-2
-2.560000E-2	1.930240E-3	7.438710E-5	-3.553687E-2
-2.550000E-2	1.888280E-3	7.152600E-5	-3.398688E-2
-2.540000E-2	1.844410E-3	7.247970E-5	-2.862613E-2
-2.530000E-2	1.795780E-3	7.247970E-5	-3.284793E-2
-2.520000E-2	1.746190E-3	7.057240E-5	-3.473647E-2
-2.510000E-2	1.695640E-3	6.866500E-5	-3.011641E-2
-2.500000E-2	1.645100E-3	6.866500E-5	-3.353808E-2
-2.490000E-2	1.594550E-3	6.771130E-5	-3.384645E-2
-2.480000E-2	1.543050E-3	6.389660E-5	-2.907418E-2
-2.470000E-2	1.489650E-3	5.722070E-5	-3.312955E-2
-2.460000E-2	1.434330E-3	5.531330E-5	-2.970602E-2
-2.450000E-2	1.377110E-3	5.340600E-5	-2.900875E-2
-2.440000E-2	1.320850E-3	5.054500E-5	-3.199726E-2
-2.430000E-2	1.263630E-3	4.959130E-5	-2.652105E-2
-2.420000E-2	1.206410E-3	4.959130E-5	-2.907086E-2
-2.410000E-2	1.153000E-3	5.245230E-5	-3.101466E-2
-2.400000E-2	1.103410E-3	5.245230E-5	-2.993199E-2
-2.390000E-2	1.054770E-3	5.054500E-5	-2.766584E-2
-2.380000E-2	1.004230E-3	4.577660E-5	-3.091487E-2
-2.370000E-2	9.546320E-4	4.196190E-5	-2.867076E-2
-2.360000E-2	9.088550E-4	4.005460E-5	-2.869944E-2
-2.350000E-2	8.649860E-4	3.814720E-5	-2.945625E-2
-2.340000E-2	8.201640E-4	3.528620E-5	-2.815927E-2
-2.330000E-2	7.743870E-4	3.147150E-5	-3.023592E-2
-2.320000E-2	7.305180E-4	2.861030E-5	-2.767186E-2
-2.310000E-2	6.866490E-4	2.670300E-5	-2.700199E-2
-2.300000E-2	6.370580E-4	2.574930E-5	-2.899217E-2
-2.290000E-2	5.788840E-4	2.670300E-5	-2.906013E-2
-2.280000E-2	3.938690E-4	3.147150E-5	-2.791117E-2
-2.270000E-2	-1.926430E-4	-9.536820E-7	-2.727925E-2
-2.260000E-2	-1.244550E-3	-7.247970E-5	-2.692839E-2
-2.250000E-2	-2.624530E-3	-1.573570E-4	-2.728350E-2
-2.240000E-2	-4.304920E-3	-2.088560E-4	-2.576065E-2
-2.230000E-2	-6.291420E-3	-2.183920E-4	-3.143643E-2
-2.220000E-2	-8.521140E-3	-1.411450E-4	-2.888979E-2
-2.210000E-2	-1.089100E-2	-6.389660E-5	-2.934257E-2
-2.200000E-2	-1.324660E-2	-6.675770E-5	-7.245098E-2
-2.190000E-2	-1.532080E-2	-9.918260E-5	-7.284730E-2
-2.180000E-2	-1.694790E-2	-1.525890E-4	-2.632823E-2
-2.170000E-2	-1.808660E-2	-1.440060E-4	-2.750014E-2
-2.160000E-2	-1.878180E-2	-6.675770E-5	-7.402680E-2
-2.150000E-2	-1.916040E-2	-2.384200E-5	-2.683896E-2
-2.140000E-2	-1.923100E-2	-2.098100E-5	-7.401698E-2
-2.130000E-2	-1.891620E-2	-8.297010E-5	-7.296302E-2
-2.120000E-2	-1.835550E-2	-1.840600E-4	-2.819241E-2
-2.110000E-2	-1.778610E-2	-2.746600E-4	-7.419621E-2
-2.100000E-2	-1.724060E-2	-2.689380E-4	-7.475972E-2
-2.090000E-2	-1.671330E-2	-1.640330E-4	-7.253976E-2
-2.080000E-2	-1.627360E-2	-3.147150E-5	-1.071112E-1
-2.070000E-2	-1.575480E-2	2.384200E-5	-7.129268E-2
-2.060000E-2	-1.513870E-2	-7.152600E-5	-7.129990E-2
-2.050000E-2	-1.463130E-2	-2.813360E-4	-1.072494E-1
-2.040000E-2	-1.430990E-2	-4.510900E-4	-7.357485E-2
-2.030000E-2	-1.412400E-2	-4.873290E-4	-7.202365E-2
-2.020000E-2	-1.392470E-2	-4.310630E-4	-1.080016E-1
-2.010000E-2	-1.354030E-2	-3.623980E-4	-1.070682E-1
-2.000000E-2	-1.287660E-2	-3.137610E-4	-7.546273E-2
-1.990000E-2	-1.182750E-2	-3.261580E-4	-1.032957E-1
-1.980000E-2	-1.036940E-2	-3.862400E-4	-1.073195E-1
-1.970000E-2	-8.812960E-3	-3.967300E-4	-7.503430E-2
-1.960000E-2	-7.340460E-3	-3.080390E-4	-1.050385E-1
-1.950000E-2	-5.961450E-3	-2.059950E-4	-1.032325E-1
-1.940000E-2	-4.468950E-3	-1.211170E-4	-9.527551E-2
-1.930000E-2	-2.868670E-3	-5.245230E-5	-1.054669E-1
-1.920000E-2	-1.338010E-3	-6.675750E-6	-1.037581E-1
-1.910000E-2	-5.912800E-5	2.288830E-5	-1.082348E-1
-1.900000E-2	9.355580E-4	4.577660E-5	-1.009818E-1
-1.890000E-2	1.656540E-3	6.198930E-5	-1.055547E-1
-1.880000E-2	2.153410E-3	7.724810E-5	-1.067989E-1
-1.870000E-2	2.503410E-3	9.727520E-5	-9.953610E-2
-1.860000E-2	2.742780E-3	1.106270E-4	-1.036250E-1
-1.850000E-2	2.914440E-3	1.173020E-4	-1.064402E-1
-1.840000E-2	3.039370E-3	1.239790E-4	-9.915164E-2
-1.830000E-2	3.133790E-3	1.297010E-4	-9.876412E-2
-1.820000E-2	3.215800E-3	1.344690E-4	-1.050397E-1
-1.810000E-2	3.294960E-3	1.420980E-4	-9.499436E-2
-1.800000E-2	3.368390E-3	1.478200E-4	-9.713128E-2
-1.790000E-2	3.436100E-3	1.487740E-4	-1.017516E-1
-1.780000E-2	3.496180E-3	1.497280E-4	-9.328246E-2
-1.770000E-2	3.549590E-3	1.506810E-4	-9.676663E-2
-1.760000E-2	3.603950E-3	1.497280E-4	-9.992418E-2
-1.750000E-2	3.654490E-3	1.564040E-4	-9.180848E-2
-1.740000E-2	3.695500E-3	1.611720E-4	-9.968450E-2
-1.730000E-2	3.727930E-3	1.592650E-4	-9.525691E-2
-1.720000E-2	3.746050E-3	1.592650E-4	-8.955056E-2
-1.710000E-2	3.751770E-3	1.525890E-4	-9.697741E-2
-1.700000E-2	3.757490E-3	1.430520E-4	-9.539021E-2
-1.690000E-2	3.760350E-3	1.430520E-4	-8.574239E-2
-1.680000E-2	3.753680E-3	1.459130E-4	-9.233689E-2
-1.670000E-2	3.746050E-3	1.478200E-4	-9.546556E-2
-1.660000E-2	3.734600E-3	1.516350E-4	-8.341161E-2
-1.650000E-2	3.711720E-3	1.535420E-4	-9.024441E-2
-1.640000E-2	3.689780E-3	1.525890E-4	-9.226394E-2
-1.630000E-2	3.665940E-3	1.544960E-4	-8.293161E-2
-1.620000E-2	3.639240E-3	1.573570E-4	-8.583181E-2
-1.610000E-2	3.611580E-3	1.573570E-4	-8.794345E-2
-1.600000E-2	3.589650E-3	1.573570E-4	-8.302855E-2
-1.590000E-2	3.570570E-3	1.525890E-4	-8.971859E-2
-1.580000E-2	3.552450E-3	1.478200E-4	-8.269453E-2
-1.570000E-2	3.525750E-3	1.459130E-4	-7.981285E-2
-1.560000E-2	3.499050E-3	1.440060E-4	-8.839532E-2
-1.550000E-2	3.475200E-3	1.468670E-4	-8.503261E-2
-1.540000E-2	3.442780E-3	1.497280E-4	-7.691321E-2
-1.530000E-2	3.402720E-3	1.468670E-4	-8.060631E-2
-1.520000E-2	3.363620E-3	1.430520E-4	-8.372027E-2
-1.510000E-2	3.323570E-3	1.430520E-4	-7.632692E-2
-1.500000E-2	3.283520E-3	1.430520E-4	-8.114380E-2
-1.490000E-2	3.241550E-3	1.392370E-4	-8.304891E-2
-1.480000E-2	3.192920E-3	1.392370E-4	-7.550208E-2
-1.470000E-2	3.143330E-3	1.411450E-4	-8.188875E-2
-1.460000E-2	3.090870E-3	1.382840E-4	-8.160816E-2
-1.450000E-2	3.031750E-3	1.363760E-4	-7.289062E-2
-1.440000E-2	2.961170E-3	1.325620E-4	-8.028841E-2
-1.430000E-2	2.892510E-3	1.287470E-4	-7.386239E-2
-1.420000E-2	2.824800E-3	1.239790E-4	-7.362632E-2
-1.410000E-2	2.758990E-3	1.163490E-4	-7.987681E-2
-1.400000E-2	2.696050E-3	1.115800E-4	-7.409975E-2
-1.390000E-2	2.633110E-3	1.077660E-4	-7.338007E-2
-1.380000E-2	2.561580E-3	1.039510E-4	-7.675628E-2
-1.370000E-2	2.489100E-3	1.039510E-4	-7.385517E-2
-1.360000E-2	2.415670E-3	1.058580E-4	-7.025677E-2
-1.350000E-2	2.339380E-3	1.020440E-4	-7.592608E-2
-1.340000E-2	2.258320E-3	9.632160E-5	-7.271899E-2
-1.330000E-2	2.164860E-3	9.155320E-5	-6.918206E-2
-1.320000E-2	2.064720E-3	8.869220E-5	-7.321982E-2
-1.310000E-2	1.964580E-3	8.583120E-5	-7.016761E-2
-1.300000E-2	1.859670E-3	8.106280E-5	-6.913587E-2
-1.290000E-2	1.747140E-3	7.534070E-5	-7.094053E-2
-1.280000E-2	1.630790E-3	7.247970E-5	-6.719280E-2
-1.270000E-2	1.516350E-3	6.771130E-5	-6.939777E-2
-1.260000E-2	1.397140E-3	6.008170E-5	-7.208503E-2
-1.250000E-2	1.276020E-3	5.245230E-5	-6.935888E-2
-1.240000E-2	1.151090E-3	4.768390E-5	-6.826195E-2
-1.230000E-2	1.014720E-3	4.386930E-5	-6.969965E-2
-1.220000E-2	8.668940E-4	3.910090E-5	-6.907744E-2
-1.210000E-2	6.990470E-4	3.242520E-5	-6.970076E-2
-1.200000E-2	5.025900E-4	2.384200E-5	-6.978696E-2
-1.190000E-2	2.937340E-4	1.525890E-5	-6.950228E-2
-1.180000E-2	6.771130E-5	8.583130E-6	-6.836999E-2
-1.170000E-2	-1.945500E-4	-4.768400E-6	-6.936768E-2
-1.160000E-2	-5.168950E-4	-2.193460E-5	-6.834860E-2
-1.150000E-2	-8.859670E-4	-4.577660E-5	-7.102320E-2
-1.140000E-2	-1.336110E-3	-6.389660E-5	-6.821455E-2
-1.130000E-2	-1.833920E-3	-8.297010E-5	-6.958041E-2
-1.120000E-2	-2.367030E-3	-1.134880E-4	-7.485859E-2
-1.110000E-2	-2.952590E-3	-1.335150E-4	-6.850811E-2
-1.100000E-2	-3.638280E-3	-1.554500E-4	-7.131130E-2
-1.090000E-2	-4.369770E-3	-1.869210E-4	-8.350429E-2
-1.080000E-2	-5.183250E-3	-2.126700E-4	-7.074908E-2
-1.070000E-2	-6.104500E-3	-2.355580E-4	-7.109948E-2
-1.060000E-2	-7.037190E-3	-2.727530E-4	-8.948863E-2
-1.050000E-2	-7.890760E-3	-2.851500E-4	-7.596033E-2
-1.040000E-2	-8.621280E-3	-2.841970E-4	-6.782685E-2
-1.030000E-2	-9.192530E-3	-3.109000E-4	-9.503056E-2
-1.020000E-2	-9.603560E-3	-3.376030E-4	-8.905991E-2
-1.010000E-2	-9.826720E-3	-3.623980E-4	-7.260206E-2
-1.000000E-2	-9.882990E-3	-4.005450E-4	-9.838104E-2
-9.900000E-3	-9.765680E-3	-4.110350E-4	-9.263971E-2
-9.800000E-3	-9.464320E-3	-3.852860E-4	-7.932396E-2
-9.700000E-3	-8.954110E-3	-3.538150E-4	-9.865978E-2
-9.600000E-3	-8.285580E-3	-3.318810E-4	-9.929763E-2
-9.500000E-3	-7.555040E-3	-2.985020E-4	-8.404947E-2
-9.400000E-3	-6.795910E-3	-2.660770E-4	-9.752490E-2
-9.300000E-3	-6.066350E-3	-2.403270E-4	-1.017674E-1
-9.200000E-3	-5.339650E-3	-2.174390E-4	-9.263712E-2
-9.100000E-3	-4.649190E-3	-1.955040E-4	-9.765831E-2
-9.000000E-3	-4.042660E-3	-1.707090E-4	-1.021230E-1
-8.900000E-3	-3.495230E-3	-1.459130E-4	-1.010188E-1
-8.800000E-3	-3.038420E-3	-1.249320E-4	-9.612905E-2
-8.700000E-3	-2.662670E-3	-1.058580E-4	-1.033738E-1
-8.600000E-3	-2.348910E-3	-9.059950E-5	-1.004846E-1
-8.500000E-3	-2.100010E-3	-7.820180E-5	-9.797843E-2
-8.400000E-3	-1.901630E-3	-7.057240E-5	-1.021380E-1
-8.300000E-3	-1.734740E-3	-6.485030E-5	-9.863497E-2
-8.200000E-3	-1.602180E-3	-6.008170E-5	-1.001629E-1
-8.100000E-3	-1.497280E-3	-5.722070E-5	-1.021008E-1
-8.000000E-3	-1.411450E-3	-5.531330E-5	-1.006464E-1
-7.900000E-3	-1.344690E-3	-5.340600E-5	-1.034251E-1
-7.800000E-3	-1.291280E-3	-5.245230E-5	-1.031002E-1
-7.700000E-3	-1.254090E-3	-5.054500E-5	-1.006097E-1
-7.600000E-3	-1.235020E-3	-4.959130E-5	-1.062742E-1
-7.500000E-3	-1.234060E-3	-4.959130E-5	-1.024206E-1
-7.400000E-3	-1.254090E-3	-5.054500E-5	-1.028493E-1
-7.300000E-3	-1.286510E-3	-5.340600E-5	-1.070772E-1
-7.200000E-3	-1.331340E-3	-5.626700E-5	-1.054702E-1
-7.100000E-3	-1.399050E-3	-5.912800E-5	-1.020290E-1
-7.000000E-3	-1.487740E-3	-6.389660E-5	-1.071324E-1
-6.900000E-3	-1.594550E-3	-6.485030E-5	-1.048619E-1
-6.800000E-3	-1.724250E-3	-6.866500E-5	-1.033772E-1
-6.700000E-3	-1.872070E-3	-7.820180E-5	-1.104801E-1
-6.600000E-3	-2.039920E-3	-8.487750E-5	-1.066793E-1
-6.500000E-3	-2.237330E-3	-9.346050E-5	-1.048755E-1
-6.400000E-3	-2.463360E-3	-1.049050E-4	-1.104559E-1
-6.300000E-3	-2.706540E-3	-1.125340E-4	-1.075046E-1
-6.200000E-3	-2.981200E-3	-1.182560E-4	-1.041821E-1
-6.100000E-3	-3.299730E-3	-1.258860E-4	-1.136085E-1
-6.000000E-3	-3.650680E-3	-1.335150E-4	-1.083516E-1
-5.900000E-3	-4.067450E-3	-1.401910E-4	-1.061689E-1
-5.800000E-3	-4.516630E-3	-1.726160E-4	-1.097580E-1
-5.700000E-3	-5.006820E-3	-2.079020E-4	-1.227767E-1
-5.600000E-3	-5.514170E-3	-2.155310E-4	-1.122102E-1
-5.500000E-3	-6.067310E-3	-2.231610E-4	-1.060580E-1
-5.400000E-3	-6.653820E-3	-2.422340E-4	-1.194262E-1
-5.300000E-3	-7.245090E-3	-2.670310E-4	-1.178602E-1
-5.200000E-3	-7.854520E-3	-2.937340E-4	-1.093566E-1
-5.100000E-3	-8.474410E-3	-3.356950E-4	-1.340480E-1
-5.000000E-3	-9.092390E-3	-3.662130E-4	-1.270715E-1
-4.900000E-3	-9.725630E-3	-3.824250E-4	-1.105813E-1
-4.800000E-3	-1.036170E-2	-4.081740E-4	-1.261632E-1
-4.700000E-3	-1.095300E-2	-4.301090E-4	-1.386980E-1
-4.600000E-3	-1.150040E-2	-4.386920E-4	-1.147837E-1
-4.500000E-3	-1.196680E-2	-4.463210E-4	-1.359637E-1
-4.400000E-3	-1.232150E-2	-4.549050E-4	-1.447994E-1
-4.300000E-3	-1.260860E-2	-4.577660E-4	-1.148715E-1
-4.200000E-3	-1.285460E-2	-4.615800E-4	-1.424730E-1
-4.100000E-3	-1.301680E-2	-4.663490E-4	-1.535889E-1
-4.000000E-3	-1.306350E-2	-4.730240E-4	-1.209035E-1
-3.900000E-3	-1.301580E-2	-5.006830E-4	-1.607198E-1
-3.800000E-3	-1.285370E-2	-5.197560E-4	-1.565230E-1
-3.700000E-3	-1.255330E-2	-5.054510E-4	-1.292861E-1
-3.600000E-3	-1.214320E-2	-4.806540E-4	-1.600242E-1
-3.500000E-3	-1.162150E-2	-4.482290E-4	-1.602637E-1
-3.400000E-3	-1.100930E-2	-3.881470E-4	-1.354688E-1
-3.300000E-3	-1.034550E-2	-3.433250E-4	-1.630369E-1
-3.200000E-3	-9.655060E-3	-3.271120E-4	-1.604173E-1
-3.100000E-3	-8.947430E-3	-3.042240E-4	-1.422649E-1
-3.000000E-3	-8.240760E-3	-2.861040E-4	-1.662893E-1
-2.900000E-3	-7.521660E-3	-2.689380E-4	-1.648694E-1
-2.800000E-3	-6.855040E-3	-2.489110E-4	-1.562622E-1
-2.700000E-3	-6.291420E-3	-2.365120E-4	-1.641941E-1
-2.600000E-3	-5.857500E-3	-2.365120E-4	-1.687868E-1
-2.500000E-3	-5.550410E-3	-2.307900E-4	-1.603812E-1
-2.400000E-3	-5.340610E-3	-2.222070E-4	-1.646825E-1
-2.300000E-3	-5.195650E-3	-2.241140E-4	-1.788325E-1
-2.200000E-3	-5.054500E-3	-2.336510E-4	-1.669877E-1
-2.100000E-3	-4.861860E-3	-2.384200E-4	-1.665612E-1
-2.000000E-3	-4.606280E-3	-2.355580E-4	-1.794023E-1
-1.900000E-3	-4.249600E-3	-2.260220E-4	-1.681773E-1
-1.800000E-3	-3.720300E-3	-1.840600E-4	-1.656270E-1
-1.700000E-3	-2.961170E-3	-1.144410E-4	-1.781859E-1
-1.600000E-3	-1.971260E-3	-5.149860E-5	-1.757449E-1
-1.500000E-3	-7.514990E-4	7.629450E-6	-1.672374E-1
-1.400000E-3	7.171670E-4	4.386930E-5	-1.739253E-1
-1.300000E-3	2.317440E-3	4.577660E-5	-1.788195E-1
-1.200000E-3	4.039790E-3	8.297010E-5	-1.727819E-1
-1.100000E-3	5.976710E-3	1.945500E-4	-1.439188E-1
-1.000000E-3	8.009970E-3	2.698920E-4	-1.676584E-1
-9.000000E-4	1.006040E-2	3.643050E-4	-1.774810E-1
-8.000000E-4	1.212980E-2	5.159420E-4	-1.386564E-1
-7.000000E-4	1.412300E-2	6.389660E-4	-1.670450E-1
-6.000000E-4	1.601040E-2	7.286110E-4	-1.760824E-1
-5.000000E-4	1.770410E-2	8.363760E-4	-1.244010E-1
-4.000000E-4	1.920900E-2	9.021800E-4	-1.528183E-1
-3.000000E-4	2.052320E-2	9.298360E-4	-1.624394E-1
-2.000000E-4	2.162850E-2	9.937360E-4	-1.052228E-1
-1.000000E-4	2.184310E-2	1.035700E-3	-1.451268E-1
-2.602085E-18	2.184310E-2	1.056680E-3	-1.654512E-1
1.000000E-4	2.184310E-2	1.204500E-3	-1.397423E-1
2.000000E-4	2.184310E-2	1.480110E-3	-1.619621E-1
3.000000E-4	2.184310E-2	1.562130E-3	-1.000578E-1
4.000000E-4	2.184310E-2	1.524930E-3	-1.184828E-1
5.000000E-4	2.184310E-2	1.399050E-3	-1.186012E-1
6.000000E-4	2.184310E-2	1.421940E-3	-1.068859E-1
7.000000E-4	2.184310E-2	1.390460E-3	-1.368350E-1
8.000000E-4	2.184310E-2	1.327520E-3	-7.211549E-2
9.000000E-4	2.184310E-2	1.321800E-3	-1.324089E-1
1.000000E-3	2.184310E-2	1.330380E-3	-7.085453E-2
1.100000E-3	2.184310E-2	1.377110E-3	-1.186311E-1
1.200000E-3	2.184310E-2	1.383790E-3	-5.745157E-2
1.300000E-3	2.184310E-2	1.267440E-3	-7.166178E-2
1.400000E-3	2.184310E-2	1.174930E-3	-1.081748E-1
1.500000E-3	2.184310E-2	1.185420E-3	-4.354917E-2
1.600000E-3	2.184310E-2	1.237880E-3	-4.632606E-2
1.700000E-3	2.184310E-2	1.282700E-3	-8.307464E-2
1.800000E-3	2.184310E-2	1.309400E-3	-1.635398E-2
1.900000E-3	2.184310E-2	1.301770E-3	-2.343275E-2
2.000000E-3	2.184310E-2	1.316080E-3	-8.123823E-2
2.100000E-3	2.184310E-2	1.323710E-3	-1.447906E-2
2.200000E-3	2.184310E-2	1.341830E-3	-2.085758E-2
2.300000E-3	2.184310E-2	1.342780E-3	-7.032101E-2
2.400000E-3	2.184310E-2	1.338970E-3	8.511365E-4
2.500000E-3	2.184310E-2	1.347550E-3	-2.149209E-2
2.600000E-3	2.184310E-2	1.341830E-3	-4.264675E-2
2.700000E-3	2.184310E-2	1.328480E-3	1.940831E-2
2.800000E-3	2.184310E-2	1.233110E-3	-7.924720E-3
2.900000E-3	2.184310E-2	1.156810E-3	-4.225089E-2
3.000000E-3	2.184310E-2	1.137740E-3	4.139393E-2
3.100000E-3	2.184310E-2	1.177800E-3	-2.682313E-2
3.200000E-3	2.184310E-2	1.214990E-3	1.282723E-2
3.300000E-3	2.184310E-2	1.226430E-3	3.881802E-2
3.400000E-3	2.184310E-2	1.183520E-3	-1.950265E-2
3.500000E-3	2.184310E-2	1.175890E-3	4.274904E-2
3.600000E-3	2.184310E-2	1.223570E-3	2.583849E-2
3.700000E-3	2.184310E-2	1.218800E-3	5.984344E-3
3.800000E-3	2.184310E-2	1.234060E-3	7.137998E-2
3.900000E-3	2.184310E-2	1.266490E-3	5.767772E-2
4.000000E-3	2.184310E-2	1.307490E-3	2.587896E-2
4.100000E-3	2.184310E-2	1.384740E-3	8.872738E-2
4.200000E-3	2.184310E-2	1.427660E-3	3.773266E-2
4.300000E-3	2.184310E-2	1.404770E-3	3.498336E-2
4.400000E-3	2.184310E-2	1.358990E-3	1.087284E-1
4.500000E-3	2.184310E-2	1.293190E-3	6.354422E-2
4.600000E-3	2.184310E-2	1.229290E-3	5.204684E-2
4.700000E-3	2.184310E-2	1.204500E-3	1.076791E-1
4.800000E-3	2.184310E-2	1.117710E-3	1.107095E-1
4.900000E-3	2.184310E-2	1.029020E-3	1.141924E-1
5.000000E-3	2.184310E-2	1.131070E-3	7.329944E-2
5.100000E-3	2.184310E-2	1.339920E-3	1.077944E-1
5.200000E-3	2.184310E-2	1.375210E-3	1.088641E-1
5.300000E-3	2.184310E-2	1.439100E-3	1.420138E-1
5.400000E-3	2.184310E-2	1.388560E-3	1.007273E-1
5.500000E-3	2.184310E-2	1.441010E-3	1.109065E-1
5.600000E-3	2.184310E-2	1.377110E-3	9.842069E-2
5.700000E-3	2.184310E-2	1.226430E-3	1.608452E-1
5.800000E-3	2.184310E-2	1.143460E-3	1.042428E-1
5.900000E-3	2.184310E-2	1.107220E-3	1.475916E-1
6.000000E-3	2.184310E-2	1.122480E-3	1.284338E-1
6.100000E-3	2.184310E-2	1.115810E-3	1.298730E-1
6.200000E-3	2.184310E-2	1.090060E-3	1.776517E-1
6.300000E-3	2.184310E-2	1.062400E-3	1.229123E-1
6.400000E-3	2.093330E-2	9.985040E-4	1.564431E-1
6.500000E-3	1.966680E-2	9.183920E-4	1.779755E-1
6.600000E-3	1.816950E-2	8.506810E-4	1.292884E-1
6.700000E-3	1.649680E-2	7.915530E-4	1.699566E-1
6.800000E-3	1.468760E-2	7.104910E-4	1.786055E-1
6.900000E-3	1.270780E-2	5.779300E-4	1.495185E-1
7.000000E-3	1.063450E-2	4.377380E-4	1.677976E-1
7.100000E-3	8.481090E-3	3.213900E-4	1.700814E-1
