9.096183E-2
9.007813E-2
8.967941E-2
8.978498E-2
8.994597E-2
9.009050E-2
9.016413E-2
9.020495E-2
8.980871E-2
8.990760E-2
8.994989E-2
8.996902E-2
9.025959E-2
9.044391E-2
9.051367E-2
9.077837E-2
9.039873E-2
9.078794E-2
9.097774E-2
9.148649E-2
9.138550E-2
9.113689E-2
9.181541E-2
9.044689E-2
9.034915E-2
9.124394E-2
9.163023E-2
9.056915E-2
9.074647E-2
9.092689E-2
9.256791E-2
9.138178E-2
9.117201E-2
9.122115E-2
9.294355E-2
9.154716E-2
9.252300E-2
9.179795E-2
9.126192E-2
9.151412E-2
8.983375E-2
9.261258E-2
9.204123E-2
9.183383E-2
9.261101E-2
9.252893E-2
9.256779E-2
9.274730E-2
9.270900E-2
9.317046E-2
9.256936E-2
9.320608E-2
9.322238E-2
9.312876E-2
9.326702E-2
9.343841E-2
9.336717E-2
9.360732E-2
9.346679E-2
9.346216E-2
9.388966E-2
9.365050E-2
9.408003E-2
9.414379E-2
9.413633E-2
9.427973E-2
9.416485E-2
9.417832E-2
9.469335E-2
9.447345E-2
9.451369E-2
9.461915E-2
9.482059E-2
9.514379E-2
9.506566E-2
9.514897E-2
9.523528E-2
9.567951E-2
9.573284E-2
9.585840E-2
9.607436E-2
9.563720E-2
9.572703E-2
9.591056E-2
9.606331E-2
9.618146E-2
9.608490E-2
9.630008E-2
9.586695E-2
9.582545E-2
9.582075E-2
9.498708E-2
9.455825E-2
9.613814E-2
1.006401E-1
