1.775000E-1	4.005460E-5	3.814730E-6	-7.998842E-5
1.770000E-1	4.005460E-5	3.814730E-6	-1.889079E-5
1.765000E-1	4.005460E-5	3.814730E-6	-3.082834E-5
1.760000E-1	4.196190E-5	1.907360E-6	-7.692398E-6
1.755000E-1	4.196190E-5	1.907360E-6	-2.722229E-5
1.750000E-1	4.386930E-5	3.814730E-6	-5.619595E-5
1.745000E-1	4.005460E-5	0.000000E+0	-3.323237E-5
1.740000E-1	4.005460E-5	0.000000E+0	-6.878293E-5
1.735000E-1	4.005460E-5	1.907360E-6	-3.102200E-5
1.730000E-1	4.196190E-5	5.722080E-6	-8.063074E-5
1.725000E-1	4.196190E-5	3.814730E-6	-4.342241E-5
1.720000E-1	4.386930E-5	1.907360E-6	-6.286257E-5
1.715000E-1	4.196190E-5	3.814730E-6	-1.574050E-5
1.710000E-1	4.196190E-5	3.814730E-6	-7.489695E-5
1.705000E-1	4.196190E-5	3.814730E-6	-3.555378E-5
1.700000E-1	4.196190E-5	3.814730E-6	-2.647603E-5
1.695000E-1	4.196190E-5	3.814730E-6	-7.147036E-5
1.690000E-1	4.196190E-5	0.000000E+0	-2.360913E-5
1.685000E-1	4.386930E-5	0.000000E+0	-1.027590E-5
1.680000E-1	4.196190E-5	0.000000E+0	-3.749496E-5
1.675000E-1	4.005460E-5	1.907360E-6	-4.425840E-5
1.670000E-1	4.005460E-5	1.907360E-6	-2.731202E-5
1.665000E-1	4.005460E-5	3.814730E-6	-6.452745E-5
1.660000E-1	4.005460E-5	1.907360E-6	-7.452382E-5
1.655000E-1	4.196190E-5	1.907360E-6	-8.174303E-5
1.650000E-1	4.196190E-5	3.814730E-6	-5.350852E-5
1.645000E-1	4.196190E-5	3.814730E-6	-9.723305E-6
1.640000E-1	4.196190E-5	0.000000E+0	-1.583733E-5
1.635000E-1	4.196190E-5	0.000000E+0	-3.360550E-5
1.630000E-1	4.196190E-5	1.907360E-6	-4.934987E-5
1.625000E-1	4.196190E-5	3.814730E-6	-2.518428E-5
1.620000E-1	4.196190E-5	3.814730E-6	-7.369493E-5
1.615000E-1	4.005460E-5	1.907360E-6	-8.521287E-6
1.610000E-1	4.005460E-5	0.000000E+0	-3.416520E-5
1.605000E-1	4.005460E-5	0.000000E+0	-7.294867E-5
1.600000E-1	4.196190E-5	0.000000E+0	-1.027590E-5
1.595000E-1	4.196190E-5	1.907360E-6	-5.239623E-5
1.590000E-1	4.196190E-5	0.000000E+0	-3.379917E-5
1.585000E-1	4.386930E-5	0.000000E+0	-8.257902E-5
1.580000E-1	4.196190E-5	1.907360E-6	-4.092155E-5
1.575000E-1	4.386930E-5	1.907360E-6	-5.008903E-5
1.570000E-1	4.386930E-5	3.814730E-6	-2.434829E-5
1.565000E-1	4.386930E-5	3.814730E-6	-7.563611E-5
1.560000E-1	4.196190E-5	1.907360E-6	-3.481462E-5
1.555000E-1	4.005460E-5	1.907360E-6	-5.425478E-5
1.550000E-1	4.005460E-5	3.814730E-6	-4.555015E-5
1.545000E-1	4.196190E-5	1.907360E-6	-4.054842E-5
1.540000E-1	4.386930E-5	0.000000E+0	-5.203021E-5
1.535000E-1	4.386930E-5	1.907360E-6	-5.869682E-5
1.530000E-1	4.386930E-5	3.814730E-6	-5.610622E-5
1.525000E-1	4.386930E-5	1.907360E-6	-3.434466E-5
1.520000E-1	4.386930E-5	1.907360E-6	-4.870045E-5
1.515000E-1	4.196190E-5	0.000000E+0	-6.664809E-5
1.510000E-1	4.386930E-5	1.907360E-6	-3.536011E-5
1.505000E-1	4.386930E-5	1.907360E-6	-1.036841E-4
1.500000E-1	4.196190E-5	1.907360E-6	-3.286635E-5
1.495000E-1	4.196190E-5	3.814730E-6	-5.258990E-5
1.490000E-1	4.196190E-5	1.907360E-6	-3.971953E-5
1.485000E-1	4.196190E-5	3.814730E-6	-4.619958E-5
1.480000E-1	4.386930E-5	3.814730E-6	-6.007830E-5
1.475000E-1	4.196190E-5	3.814730E-6	-5.757743E-5
1.470000E-1	4.386930E-5	5.722080E-6	-7.683813E-5
1.465000E-1	4.386930E-5	3.814730E-6	-3.879381E-5
1.460000E-1	4.196190E-5	1.907360E-6	-2.981289E-5
1.455000E-1	4.196190E-5	1.907360E-6	-7.184349E-5
1.450000E-1	4.196190E-5	1.907360E-6	-5.045506E-5
1.445000E-1	4.196190E-5	1.907360E-6	-3.230665E-5
1.440000E-1	4.196190E-5	1.907360E-6	-3.129120E-5
1.435000E-1	4.196190E-5	3.814730E-6	-5.647225E-5
1.430000E-1	4.196190E-5	1.907360E-6	-5.092502E-5
1.425000E-1	4.196190E-5	3.814730E-6	-4.128757E-5
1.420000E-1	4.196190E-5	3.814730E-6	-3.231375E-5
1.415000E-1	4.196190E-5	3.814730E-6	-5.804740E-5
1.410000E-1	4.196190E-5	1.907360E-6	-2.916346E-5
1.405000E-1	4.196190E-5	1.907360E-6	-7.081383E-5
1.400000E-1	4.196190E-5	3.814730E-6	-7.573294E-5
1.395000E-1	4.196190E-5	3.814730E-6	-6.545317E-5
1.390000E-1	4.386930E-5	3.814730E-6	-2.139166E-5
1.385000E-1	4.386930E-5	1.907360E-6	-9.656168E-5
1.380000E-1	4.196190E-5	0.000000E+0	-3.971953E-5
1.375000E-1	4.196190E-5	0.000000E+0	-3.518065E-5
1.370000E-1	4.196190E-5	1.907360E-6	-3.156750E-5
1.365000E-1	4.196190E-5	1.907360E-6	-5.230650E-5
1.360000E-1	4.386930E-5	1.907360E-6	-3.555378E-5
1.355000E-1	4.196190E-5	1.907360E-6	-5.545680E-5
1.350000E-1	4.386930E-5	0.000000E+0	-2.962632E-5
1.345000E-1	4.196190E-5	0.000000E+0	-3.674870E-5
1.340000E-1	4.386930E-5	0.000000E+0	-3.064888E-5
1.335000E-1	4.196190E-5	1.907360E-6	-2.369886E-5
1.330000E-1	4.196190E-5	3.814730E-6	-1.527764E-5
1.325000E-1	4.196190E-5	3.814730E-6	-2.638630E-5
1.320000E-1	4.196190E-5	3.814730E-6	-3.027575E-5
1.315000E-1	4.386930E-5	3.814730E-6	-6.045143E-5
1.310000E-1	4.386930E-5	1.907360E-6	-3.332921E-5
1.305000E-1	4.196190E-5	1.907360E-6	-5.730824E-5
1.300000E-1	4.196190E-5	0.000000E+0	-3.231375E-5
1.295000E-1	4.196190E-5	1.907360E-6	-2.508744E-5
1.290000E-1	4.386930E-5	3.814730E-6	-6.036170E-5
1.285000E-1	4.196190E-5	1.907360E-6	-5.600939E-5
1.280000E-1	4.196190E-5	1.907360E-6	-3.611347E-5
1.275000E-1	4.005460E-5	1.907360E-6	-6.369856E-5
1.270000E-1	4.196190E-5	1.907360E-6	-5.073135E-5
1.265000E-1	4.196190E-5	3.814730E-6	-1.906315E-5
1.260000E-1	4.196190E-5	1.907360E-6	-5.323222E-5
1.255000E-1	4.196190E-5	3.814730E-6	-1.361276E-5
1.250000E-1	4.196190E-5	1.907360E-6	-3.638267E-5
1.245000E-1	4.196190E-5	3.814730E-6	-4.823049E-5
1.240000E-1	4.196190E-5	3.814730E-6	-4.814075E-5
1.235000E-1	4.386930E-5	1.907360E-6	-7.739782E-5
1.230000E-1	4.386930E-5	1.907360E-6	-3.194773E-5
1.225000E-1	4.386930E-5	3.814730E-6	-7.100750E-5
1.220000E-1	4.577660E-5	1.907360E-6	-4.490073E-5
1.215000E-1	4.577660E-5	0.000000E+0	-5.933915E-5
1.210000E-1	4.577660E-5	1.907360E-6	-3.805465E-5
1.205000E-1	4.386930E-5	3.814730E-6	-3.444149E-5
1.200000E-1	4.386930E-5	1.907360E-6	-4.008556E-5
1.195000E-1	4.386930E-5	1.907360E-6	-5.203021E-5
1.190000E-1	4.386930E-5	1.907360E-6	-1.435191E-5
1.185000E-1	4.386930E-5	0.000000E+0	-3.666607E-5
1.180000E-1	4.386930E-5	1.907360E-6	-5.388165E-5
1.175000E-1	4.386930E-5	1.907360E-6	-9.211253E-5
1.170000E-1	4.577660E-5	3.814730E-6	-4.915621E-5
1.165000E-1	4.196190E-5	1.907360E-6	-2.675232E-5
1.160000E-1	4.386930E-5	0.000000E+0	-5.239623E-5
1.155000E-1	4.386930E-5	0.000000E+0	-2.805117E-5
1.150000E-1	4.386930E-5	1.907360E-6	-9.543842E-6
1.145000E-1	4.386930E-5	1.907360E-6	-4.434814E-5
1.140000E-1	4.386930E-5	1.907360E-6	-4.971590E-5
1.135000E-1	4.386930E-5	1.907360E-6	-6.546027E-5
1.130000E-1	4.196190E-5	1.907360E-6	-7.378466E-5
1.125000E-1	4.005460E-5	1.907360E-6	-2.693889E-5
1.120000E-1	4.005460E-5	1.907360E-6	-3.314264E-5
1.115000E-1	4.196190E-5	0.000000E+0	-2.360913E-5
1.110000E-1	4.196190E-5	1.907360E-6	-5.026849E-5
1.105000E-1	4.196190E-5	1.907360E-6	-2.870060E-5
1.100000E-1	4.196190E-5	1.907360E-6	-5.313539E-5
1.095000E-1	4.196190E-5	3.814730E-6	-4.471416E-5
1.090000E-1	4.196190E-5	1.907360E-6	-5.285909E-5
1.085000E-1	4.196190E-5	1.907360E-6	-6.110796E-5
1.080000E-1	4.386930E-5	1.907360E-6	-4.980563E-5
1.075000E-1	4.386930E-5	1.907360E-6	-1.731564E-5
1.070000E-1	4.196190E-5	3.814730E-6	-5.119422E-5
1.065000E-1	4.196190E-5	3.814730E-6	-5.379192E-5
1.060000E-1	4.386930E-5	1.907360E-6	-4.148124E-5
1.055000E-1	4.386930E-5	1.907360E-6	-5.591256E-5
1.050000E-1	4.386930E-5	1.907360E-6	-5.341879E-5
1.045000E-1	4.386930E-5	3.814730E-6	-4.481100E-5
1.040000E-1	4.386930E-5	3.814730E-6	-1.518790E-5
1.035000E-1	4.386930E-5	1.907360E-6	-4.036185E-5
1.030000E-1	4.386930E-5	1.907360E-6	-3.203036E-5
1.025000E-1	4.386930E-5	1.907360E-6	-3.574034E-5
1.020000E-1	4.386930E-5	1.907360E-6	-3.999582E-5
1.015000E-1	4.386930E-5	1.907360E-6	-2.360203E-5
1.010000E-1	4.386930E-5	1.907360E-6	-8.063074E-5
1.005000E-1	4.577660E-5	3.814730E-6	-5.777110E-5
1.000000E-1	4.577660E-5	3.814730E-6	-4.563278E-5
9.950000E-2	4.386930E-5	1.907360E-6	-5.221677E-5
9.900000E-2	4.386930E-5	1.907360E-6	-6.711805E-5
9.850000E-2	4.196190E-5	1.907360E-6	-6.405749E-5
9.800000E-2	4.386930E-5	1.907360E-6	-3.453123E-5
9.750000E-2	4.196190E-5	1.907360E-6	-6.156372E-5
9.700000E-2	4.386930E-5	1.907360E-6	-5.369508E-5
9.650000E-2	4.386930E-5	1.907360E-6	-2.999945E-5
9.600000E-2	4.196190E-5	1.907360E-6	-7.582267E-5
9.550000E-2	4.196190E-5	1.907360E-6	-7.582267E-5
9.500000E-2	4.386930E-5	3.814730E-6	-3.638267E-5
9.450000E-2	4.386930E-5	5.722080E-6	-3.499409E-5
9.400000E-2	4.196190E-5	3.814730E-6	-7.739072E-5
9.350000E-2	3.814720E-5	1.907360E-6	-5.082819E-5
9.300000E-2	3.814720E-5	3.814730E-6	-8.275848E-5
9.250000E-2	3.623990E-5	3.814730E-6	-4.818401E-6
9.200000E-2	3.814720E-5	1.907360E-6	-2.611000E-5
9.150000E-2	3.623990E-5	1.907360E-6	-6.841690E-5
9.100000E-2	3.623990E-5	1.907360E-6	-3.194063E-5
9.050000E-2	3.814720E-5	0.000000E+0	-8.369131E-5
9.000000E-2	3.623990E-5	0.000000E+0	-1.183090E-4
8.950000E-2	3.814720E-5	0.000000E+0	-3.453833E-5
8.900000E-2	3.814720E-5	0.000000E+0	-4.656561E-5
8.850000E-2	3.814720E-5	1.907360E-6	-4.119784E-5
8.800000E-2	3.623990E-5	3.814730E-6	-1.203761E-5
8.750000E-2	3.623990E-5	1.907360E-6	-4.684190E-5
8.700000E-2	3.623990E-5	1.907360E-6	-2.425145E-5
8.650000E-2	3.433250E-5	1.907360E-6	-3.730839E-5
8.600000E-2	3.433250E-5	1.907360E-6	-6.045143E-5
8.550000E-2	3.433250E-5	1.907360E-6	-3.101490E-5
8.500000E-2	3.433250E-5	1.907360E-6	-8.887315E-6
8.450000E-2	3.433250E-5	0.000000E+0	-3.712893E-5
8.400000E-2	3.242520E-5	1.907360E-6	-3.573324E-5
8.350000E-2	3.051780E-5	1.907360E-6	-3.555378E-5
8.300000E-2	3.051780E-5	1.907360E-6	-6.147399E-5
8.250000E-2	3.242520E-5	0.000000E+0	-4.481100E-5
8.200000E-2	3.242520E-5	0.000000E+0	-3.027575E-5
8.150000E-2	3.051780E-5	1.907360E-6	-2.453485E-5
8.100000E-2	3.242520E-5	3.814730E-6	-5.304566E-5
8.050000E-2	3.242520E-5	1.907360E-6	-4.313902E-5
8.000000E-2	3.242520E-5	1.907360E-6	-1.209965E-4
7.950000E-2	3.242520E-5	1.907360E-6	-1.805480E-5
7.900000E-2	3.242520E-5	3.814730E-6	-8.628191E-5
7.850000E-2	3.051780E-5	1.907360E-6	-4.258707E-6
7.800000E-2	2.861030E-5	1.907360E-6	-2.462458E-5
7.750000E-2	3.051780E-5	1.907360E-6	-2.463168E-5
7.700000E-2	3.242520E-5	1.907360E-6	-5.702484E-5
7.650000E-2	3.051780E-5	1.907360E-6	-3.980926E-5
7.600000E-2	3.051780E-5	1.907360E-6	-3.489725E-5
7.550000E-2	3.051780E-5	0.000000E+0	-4.879728E-5
7.500000E-2	3.242520E-5	0.000000E+0	-7.285894E-5
7.450000E-2	3.242520E-5	0.000000E+0	-3.018601E-5
7.400000E-2	3.242520E-5	0.000000E+0	-5.378482E-5
7.350000E-2	3.051780E-5	0.000000E+0	-6.239261E-5
7.300000E-2	3.051780E-5	1.907360E-6	-2.425856E-5
7.250000E-2	3.051780E-5	3.814730E-6	-3.573324E-5
7.200000E-2	3.051780E-5	3.814730E-6	-7.138063E-5
7.150000E-2	3.051780E-5	1.907360E-6	-4.120494E-5
7.100000E-2	3.051780E-5	1.907360E-6	-5.194047E-5
7.050000E-2	3.242520E-5	1.907360E-6	-4.387817E-5
7.000000E-2	3.433250E-5	1.907360E-6	-5.091792E-5
6.950000E-2	3.433250E-5	1.907360E-6	-2.397516E-5
6.900000E-2	3.242520E-5	0.000000E+0	-7.572584E-5
6.850000E-2	3.242520E-5	1.907360E-6	-7.868957E-5
6.800000E-2	3.433250E-5	0.000000E+0	-3.989899E-5
6.750000E-2	3.433250E-5	1.907360E-6	-2.897690E-5
6.700000E-2	3.433250E-5	0.000000E+0	-7.526298E-5
6.650000E-2	3.433250E-5	0.000000E+0	-1.030417E-4
6.600000E-2	3.433250E-5	1.907360E-6	-9.063422E-5
6.550000E-2	3.623990E-5	1.907360E-6	-6.526660E-5
6.500000E-2	3.623990E-5	3.814730E-6	-5.600229E-5
6.450000E-2	3.814720E-5	1.907360E-6	-1.009966E-4
6.400000E-2	3.814720E-5	1.907360E-6	-1.537699E-4
6.350000E-2	3.814720E-5	0.000000E+0	-8.609534E-5
6.300000E-2	3.814720E-5	0.000000E+0	-8.110071E-5
6.250000E-2	4.005460E-5	0.000000E+0	-1.158153E-4
6.200000E-2	4.005460E-5	1.907360E-6	-9.183624E-5
6.150000E-2	3.814720E-5	0.000000E+0	-8.674477E-5
6.100000E-2	4.005460E-5	0.000000E+0	-1.260879E-4
6.050000E-2	4.196190E-5	1.907360E-6	-1.446024E-4
6.000000E-2	4.196190E-5	1.907360E-6	-1.471930E-4
5.950000E-2	4.005460E-5	1.907360E-6	-1.350689E-4
5.900000E-2	3.814720E-5	1.907360E-6	-1.313660E-4
5.850000E-2	4.005460E-5	1.907360E-6	-1.242436E-4
5.800000E-2	4.196190E-5	0.000000E+0	-9.692771E-5
5.750000E-2	4.196190E-5	0.000000E+0	-1.073869E-4
5.700000E-2	4.386930E-5	3.814730E-6	-1.338668E-4
5.650000E-2	4.386930E-5	3.814730E-6	-1.126650E-4
5.600000E-2	4.386930E-5	1.907360E-6	-1.028481E-4
5.550000E-2	4.386930E-5	1.907360E-6	-1.173833E-4
5.500000E-2	4.386930E-5	3.814730E-6	-1.605333E-4
5.450000E-2	4.768390E-5	3.814730E-6	-1.902461E-4
5.400000E-2	4.959130E-5	3.814730E-6	-2.248639E-4
5.350000E-2	5.149860E-5	3.814730E-6	-1.902461E-4
5.300000E-2	5.149860E-5	3.814730E-6	-2.104254E-4
5.250000E-2	5.149860E-5	3.814730E-6	-2.294027E-4
5.200000E-2	5.149860E-5	3.814730E-6	-1.478424E-4
5.150000E-2	5.149860E-5	1.907360E-6	-1.596902E-4
5.100000E-2	5.149860E-5	0.000000E+0	-1.421015E-4
5.050000E-2	5.149860E-5	1.907360E-6	-2.028331E-4
5.000000E-2	5.340600E-5	1.907360E-6	-2.069020E-4
4.950000E-2	5.531330E-5	3.814730E-6	-2.616235E-4
4.900000E-2	5.340600E-5	3.814730E-6	-2.396825E-4
4.850000E-2	5.340600E-5	3.814730E-6	-2.089471E-4
4.800000E-2	5.340600E-5	3.814730E-6	-2.369951E-4
4.750000E-2	5.722070E-5	5.722080E-6	-2.872603E-4
4.700000E-2	6.294300E-5	5.722080E-6	-2.626319E-4
4.650000E-2	6.294300E-5	5.722080E-6	-2.477377E-4
4.600000E-2	6.294300E-5	3.814730E-6	-2.708807E-4
4.550000E-2	6.485030E-5	3.814730E-6	-2.643110E-4
4.500000E-2	6.675770E-5	3.814730E-6	-2.717994E-4
4.450000E-2	6.866500E-5	1.907360E-6	-2.633852E-4
4.400000E-2	6.866500E-5	1.907360E-6	-2.705973E-4
4.350000E-2	6.866500E-5	3.814730E-6	-2.750394E-4
4.300000E-2	7.057240E-5	1.907360E-6	-3.432665E-4
4.250000E-2	7.438710E-5	3.814730E-6	-3.261478E-4
4.200000E-2	7.629440E-5	3.814730E-6	-3.090148E-4
4.150000E-2	7.629440E-5	5.722080E-6	-3.379058E-4
4.100000E-2	7.629440E-5	5.722080E-6	-3.512320E-4
4.050000E-2	7.247970E-5	3.814730E-6	-3.662301E-4
4.000000E-2	7.438710E-5	3.814730E-6	-3.069839E-4
3.950000E-2	9.346050E-5	9.536800E-6	-7.762492E-4
3.900000E-2	1.125340E-4	7.629450E-6	-7.411545E-4
3.850000E-2	1.201630E-4	5.722080E-6	-7.434759E-4
3.800000E-2	1.430520E-4	3.814730E-6	-9.428791E-4
3.750000E-2	1.602180E-4	7.629450E-6	-9.376979E-4
3.700000E-2	1.583110E-4	7.629450E-6	-9.859252E-4
3.650000E-2	1.583110E-4	9.536800E-6	-9.805574E-4
3.600000E-2	1.583110E-4	7.629450E-6	-1.015548E-3
3.550000E-2	1.544960E-4	5.722080E-6	-9.737114E-4
3.500000E-2	1.335150E-4	3.814730E-6	-1.013891E-3
3.450000E-2	1.220710E-4	3.814730E-6	-1.002678E-3
3.400000E-2	1.277930E-4	3.814730E-6	-1.261894E-3
3.350000E-2	1.316080E-4	5.722080E-6	-1.292823E-3
3.300000E-2	1.373300E-4	7.629450E-6	-1.250509E-3
3.250000E-2	1.430520E-4	1.144420E-5	-1.245694E-3
3.200000E-2	1.506810E-4	7.629450E-6	-1.006291E-3
3.150000E-2	1.583110E-4	7.629450E-6	-9.888960E-4
3.100000E-2	1.621260E-4	7.629450E-6	-1.012405E-3
3.050000E-2	1.640330E-4	9.536800E-6	-1.134331E-3
3.000000E-2	1.640330E-4	9.536800E-6	-1.043417E-3
2.950000E-2	1.602180E-4	9.536800E-6	-9.651933E-4
2.900000E-2	1.640330E-4	7.629450E-6	-9.328899E-4
2.850000E-2	1.659400E-4	9.536800E-6	-9.276047E-4
2.800000E-2	1.640330E-4	9.536800E-6	-8.824238E-4
2.750000E-2	1.564040E-4	7.629450E-6	-8.749283E-4
2.700000E-2	1.583110E-4	9.536800E-6	-1.006022E-3
2.650000E-2	1.621260E-4	9.536800E-6	-9.403854E-4
2.600000E-2	1.640330E-4	9.536800E-6	-1.238288E-3
2.550000E-2	1.831060E-4	9.536800E-6	-1.207277E-3
2.500000E-2	1.869210E-4	9.536800E-6	-1.159415E-3
2.450000E-2	1.850140E-4	9.536800E-6	-1.533041E-3
2.400000E-2	2.136240E-4	1.144420E-5	-1.676632E-3
2.350000E-2	2.288830E-4	1.144420E-5	-1.710517E-3
2.300000E-2	2.326970E-4	1.144420E-5	-1.631734E-3
2.250000E-2	2.365120E-4	5.722080E-6	-2.184404E-3
2.200000E-2	2.651230E-4	1.144420E-5	-2.135162E-3
2.150000E-2	2.727530E-4	1.144420E-5	-2.354378E-3
2.100000E-2	2.918260E-4	1.144420E-5	-2.305308E-3
2.050000E-2	3.185290E-4	1.335150E-5	-2.514348E-3
2.000000E-2	3.337880E-4	1.335150E-5	-2.562113E-3
1.950000E-2	3.414170E-4	1.525890E-5	-2.541194E-3
1.900000E-2	3.376030E-4	1.525890E-5	-2.448802E-3
1.850000E-2	3.261580E-4	1.335150E-5	-2.480276E-3
1.800000E-2	3.280660E-4	1.525890E-5	-2.622665E-3
1.750000E-2	3.166220E-4	1.525890E-5	-2.248369E-3
1.700000E-2	3.032700E-4	1.525890E-5	-2.292355E-3
1.650000E-2	2.632160E-4	2.098100E-5	-1.674324E-3
1.600000E-2	2.422340E-4	1.525890E-5	-1.545448E-3
1.550000E-2	2.536790E-4	1.144420E-5	-1.619700E-3
1.500000E-2	3.089920E-4	1.716630E-5	-2.731161E-3
1.450000E-2	3.280660E-4	1.907360E-5	-2.693020E-3
1.400000E-2	3.032700E-4	1.144420E-5	-1.674594E-3
1.350000E-2	2.460500E-4	5.722080E-6	-1.603037E-3
1.300000E-2	2.098090E-4	7.629450E-6	-1.625441E-3
1.250000E-2	1.964580E-4	7.629450E-6	-1.703664E-3
1.200000E-2	2.021800E-4	9.536800E-6	-1.726158E-3
1.150000E-2	2.098090E-4	1.144420E-5	-1.613586E-3
1.100000E-2	2.021800E-4	1.335150E-5	-1.850861E-3
1.050000E-2	2.231610E-4	1.716630E-5	-2.035169E-3
1.000000E-2	2.517720E-4	1.525890E-5	-2.007584E-3
9.500000E-3	2.765670E-4	1.335150E-5	-2.384188E-3
9.000000E-3	3.013630E-4	1.144420E-5	-2.514722E-3
8.500000E-3	2.937340E-4	1.144420E-5	-2.606644E-3
8.000000E-3	2.899190E-4	1.335150E-5	-2.511378E-3
7.500000E-3	2.784750E-4	1.335150E-5	-2.389466E-3
7.000000E-3	2.594010E-4	1.525890E-5	-2.389929E-3
6.500000E-3	2.613090E-4	1.144420E-5	-2.715790E-3
6.000000E-3	2.784750E-4	1.525890E-5	-2.680329E-3
5.500000E-3	2.784750E-4	1.335150E-5	-2.576275E-3
5.000000E-3	2.651230E-4	1.144420E-5	-2.460560E-3
4.500000E-3	2.498650E-4	1.144420E-5	-2.445009E-3
4.000000E-3	2.365120E-4	1.335150E-5	-2.529996E-3
3.500000E-3	2.365120E-4	1.716630E-5	-3.223189E-3
3.000000E-3	2.574940E-4	1.525890E-5	-3.185884E-3
2.500000E-3	2.651230E-4	1.525890E-5	-3.477224E-3
2.000000E-3	2.727530E-4	1.335150E-5	-3.240502E-3
1.500000E-3	2.784750E-4	7.629450E-6	-3.538508E-3
1.000000E-3	2.784750E-4	7.629450E-6	-4.279294E-3
5.000000E-4	3.547690E-4	1.144420E-5	-4.380018E-3
0.000000E+0	3.967300E-4	1.907360E-5	-4.318823E-3
