-1.500000E-1	2.708450E-4	1.144420E-5	-5.752637E-4
-1.495000E-1	2.384200E-4	1.144420E-5	-5.112921E-4
-1.490000E-1	2.136240E-4	1.144420E-5	-4.900005E-4
-1.485000E-1	1.926430E-4	1.144420E-5	-4.430650E-4
-1.480000E-1	1.735700E-4	1.144420E-5	-3.479022E-4
-1.475000E-1	1.583110E-4	7.629450E-6	-3.145691E-4
-1.470000E-1	1.449590E-4	7.629450E-6	-3.441993E-4
-1.465000E-1	1.354230E-4	7.629450E-6	-2.774576E-4
-1.460000E-1	1.277930E-4	5.722080E-6	-2.313510E-4
-1.455000E-1	1.182560E-4	9.536800E-6	-2.109851E-4
-1.450000E-1	1.125340E-4	7.629450E-6	-2.411608E-4
-1.445000E-1	1.068120E-4	5.722080E-6	-2.374579E-4
-1.440000E-1	1.010900E-4	3.814730E-6	-1.711720E-4
-1.435000E-1	9.536790E-5	3.814730E-6	-1.734863E-4
-1.430000E-1	9.155320E-5	5.722080E-6	-1.883947E-4
-1.425000E-1	8.964590E-5	3.814730E-6	-1.486784E-4
-1.420000E-1	8.583120E-5	3.814730E-6	-1.689545E-4
-1.415000E-1	8.201650E-5	3.814730E-6	-1.445126E-4
-1.410000E-1	7.820180E-5	3.814730E-6	-1.437664E-4
-1.405000E-1	7.629440E-5	3.814730E-6	-1.375697E-4
-1.400000E-1	7.629440E-5	5.722080E-6	-1.541430E-4
-1.395000E-1	7.438710E-5	3.814730E-6	-1.687680E-4
-1.390000E-1	7.247970E-5	3.814730E-6	-1.700597E-4
-1.385000E-1	7.057240E-5	1.907360E-6	-1.187790E-4
-1.380000E-1	6.866500E-5	1.907360E-6	-1.239602E-4
-1.375000E-1	6.675770E-5	3.814730E-6	-1.368306E-4
-1.370000E-1	6.485030E-5	1.907360E-6	-9.933174E-5
-1.365000E-1	6.485030E-5	1.907360E-6	-1.327546E-4
-1.360000E-1	6.294300E-5	3.814730E-6	-1.343368E-4
-1.355000E-1	6.294300E-5	1.907360E-6	-1.254385E-4
-1.350000E-1	6.294300E-5	3.814730E-6	-1.103578E-4
-1.345000E-1	6.103560E-5	3.814730E-6	-1.064612E-4
-1.340000E-1	5.912800E-5	3.814730E-6	-1.293280E-4
-1.335000E-1	5.722070E-5	1.907360E-6	-1.051624E-4
-1.330000E-1	5.722070E-5	0.000000E+0	-1.024820E-4
-1.325000E-1	5.722070E-5	1.907360E-6	-8.480359E-5
-1.320000E-1	5.722070E-5	1.907360E-6	-9.553912E-5
-1.315000E-1	5.722070E-5	1.907360E-6	-1.290517E-4
-1.310000E-1	5.531330E-5	1.907360E-6	-1.137773E-4
-1.305000E-1	5.531330E-5	1.907360E-6	-1.286785E-4
-1.300000E-1	5.531330E-5	3.814730E-6	-9.461340E-5
-1.295000E-1	5.531330E-5	3.814730E-6	-8.489332E-5
-1.290000E-1	5.531330E-5	1.907360E-6	-6.850663E-5
-1.285000E-1	5.722070E-5	1.907360E-6	-1.087826E-4
-1.280000E-1	5.531330E-5	1.907360E-6	-8.720053E-5
-1.275000E-1	5.531330E-5	1.907360E-6	-9.822656E-5
-1.270000E-1	5.531330E-5	1.907360E-6	-7.933899E-5
-1.265000E-1	5.149860E-5	1.907360E-6	-9.017136E-5
-1.260000E-1	5.149860E-5	3.814730E-6	-1.206304E-4
-1.255000E-1	5.149860E-5	1.907360E-6	-7.100750E-5
-1.250000E-1	5.149860E-5	3.814730E-6	-1.100815E-4
-1.245000E-1	5.149860E-5	1.907360E-6	-1.332174E-4
-1.240000E-1	5.149860E-5	1.907360E-6	-1.207202E-4
-1.235000E-1	5.149860E-5	3.814730E-6	-9.035792E-5
-1.230000E-1	5.149860E-5	3.814730E-6	-9.192597E-5
-1.225000E-1	5.149860E-5	3.814730E-6	-8.008525E-5
-1.220000E-1	5.149860E-5	5.722080E-6	-7.906270E-5
-1.215000E-1	5.149860E-5	1.907360E-6	-9.063422E-5
-1.210000E-1	4.959130E-5	1.907360E-6	-1.027583E-4
-1.205000E-1	4.768390E-5	1.907360E-6	-6.156372E-5
-1.200000E-1	4.959130E-5	1.907360E-6	-6.082456E-5
-1.195000E-1	5.149860E-5	1.907360E-6	-9.544939E-5
-1.190000E-1	5.149860E-5	1.907360E-6	-9.692771E-5
-1.185000E-1	5.149860E-5	1.907360E-6	-6.508714E-5
-1.180000E-1	4.959130E-5	1.907360E-6	-4.795419E-5
-1.175000E-1	4.959130E-5	1.907360E-6	-5.869682E-5
-1.170000E-1	4.959130E-5	1.907360E-6	-7.609897E-5
-1.165000E-1	4.959130E-5	1.907360E-6	-5.369508E-5
-1.160000E-1	4.959130E-5	1.907360E-6	-8.591588E-5
-1.155000E-1	4.959130E-5	1.907360E-6	-9.248566E-5
-1.150000E-1	4.768390E-5	3.814730E-6	-8.081731E-5
-1.145000E-1	4.768390E-5	1.907360E-6	-8.026472E-5
-1.140000E-1	4.959130E-5	1.907360E-6	-6.369856E-5
-1.135000E-1	4.959130E-5	1.907360E-6	-8.470676E-5
-1.130000E-1	4.959130E-5	1.907360E-6	-8.201933E-5
-1.125000E-1	4.768390E-5	0.000000E+0	-6.239971E-5
-1.120000E-1	4.959130E-5	1.907360E-6	-6.443772E-5
-1.115000E-1	4.768390E-5	3.814730E-6	-8.461703E-5
-1.110000E-1	4.959130E-5	1.907360E-6	-7.471039E-5
-1.105000E-1	4.768390E-5	0.000000E+0	-1.097012E-4
-1.100000E-1	4.959130E-5	1.907360E-6	-7.064147E-5
-1.095000E-1	4.959130E-5	1.907360E-6	-9.877915E-5
-1.090000E-1	4.959130E-5	1.907360E-6	-9.961514E-5
-1.085000E-1	4.959130E-5	3.814730E-6	-5.684538E-5
-1.080000E-1	4.768390E-5	1.907360E-6	-7.064147E-5
-1.075000E-1	4.577660E-5	1.907360E-6	-4.415447E-5
-1.070000E-1	4.768390E-5	1.907360E-6	-7.573294E-5
-1.065000E-1	4.768390E-5	1.907360E-6	-6.887266E-5
-1.060000E-1	4.959130E-5	1.907360E-6	-7.786068E-5
-1.055000E-1	4.959130E-5	3.814730E-6	-9.294852E-5
-1.050000E-1	4.959130E-5	3.814730E-6	-5.434451E-5
-1.045000E-1	4.768390E-5	3.814730E-6	-5.564336E-5
-1.040000E-1	4.768390E-5	3.814730E-6	-4.536359E-5
-1.035000E-1	4.768390E-5	1.907360E-6	-5.379192E-5
-1.030000E-1	4.768390E-5	1.907360E-6	-7.600214E-5
-1.025000E-1	4.577660E-5	1.907360E-6	-4.694584E-5
-1.020000E-1	4.577660E-5	3.814730E-6	-9.229910E-5
-1.015000E-1	4.577660E-5	3.814730E-6	-7.035807E-5
-1.010000E-1	4.577660E-5	1.907360E-6	-6.878293E-5
-1.005000E-1	4.768390E-5	3.814730E-6	-1.000780E-4
-1.000000E-1	4.768390E-5	3.814730E-6	-5.998857E-5
-9.950000E-2	4.768390E-5	1.907360E-6	-4.934987E-5
-9.900000E-2	4.577660E-5	1.907360E-6	-7.054464E-5
-9.850000E-2	4.577660E-5	3.814730E-6	-8.091414E-5
-9.800000E-2	4.577660E-5	3.814730E-6	-5.822686E-5
-9.750000E-2	4.768390E-5	3.814730E-6	-9.443394E-5
-9.700000E-2	4.768390E-5	3.814730E-6	-7.887613E-5
-9.650000E-2	4.577660E-5	3.814730E-6	-7.054464E-5
-9.600000E-2	4.577660E-5	3.814730E-6	-9.387424E-5
-9.550000E-2	4.577660E-5	3.814730E-6	-6.702122E-5
-9.500000E-2	4.577660E-5	3.814730E-6	-8.054101E-5
-9.450000E-2	4.577660E-5	3.814730E-6	-6.730461E-5
-9.400000E-2	4.386930E-5	3.814730E-6	-7.906270E-5
-9.350000E-2	4.196190E-5	1.907360E-6	-9.600909E-5
-9.300000E-2	4.005460E-5	3.814730E-6	-3.768152E-5
-9.250000E-2	4.196190E-5	3.814730E-6	-3.703209E-5
-9.200000E-2	4.005460E-5	3.814730E-6	-5.415794E-5
-9.150000E-2	3.814720E-5	1.907360E-6	-6.378119E-5
-9.100000E-2	3.814720E-5	3.814730E-6	-6.222024E-5
-9.050000E-2	3.814720E-5	1.907360E-6	-5.795056E-5
-9.000000E-2	3.814720E-5	0.000000E+0	-6.184001E-5
-8.950000E-2	3.623990E-5	1.907360E-6	-1.925682E-5
-8.900000E-2	3.623990E-5	1.907360E-6	-7.387440E-5
-8.850000E-2	3.814720E-5	1.907360E-6	-6.017514E-5
-8.800000E-2	3.433250E-5	0.000000E+0	-5.119422E-5
-8.750000E-2	3.433250E-5	0.000000E+0	-7.360520E-5
-8.700000E-2	3.242520E-5	3.814730E-6	-6.823033E-5
-8.650000E-2	3.051780E-5	1.907360E-6	-1.220190E-4
-8.600000E-2	3.051780E-5	1.907360E-6	-9.850285E-5
-8.550000E-2	3.051780E-5	1.907360E-6	-7.146326E-5
-8.500000E-2	3.051780E-5	3.814730E-6	-8.591588E-5
-8.450000E-2	2.670300E-5	3.814730E-6	-1.161813E-4
-8.400000E-2	2.479560E-5	0.000000E+0	-1.007203E-4
-8.350000E-2	2.479560E-5	0.000000E+0	-1.087755E-4
-8.300000E-2	2.670300E-5	1.907360E-6	-6.517687E-5
-8.250000E-2	3.242520E-5	0.000000E+0	-8.276558E-5
-8.200000E-2	3.433250E-5	1.907360E-6	-4.628931E-5
-8.150000E-2	3.242520E-5	3.814730E-6	-5.869682E-5
-8.100000E-2	3.433250E-5	0.000000E+0	-9.415054E-5
-8.050000E-2	3.051780E-5	1.907360E-6	-1.287683E-4
-8.000000E-2	2.670300E-5	1.907360E-6	-1.478424E-4
-7.950000E-2	2.479560E-5	1.907360E-6	-1.506196E-4
-7.900000E-2	2.479560E-5	0.000000E+0	-1.304403E-4
-7.850000E-2	2.479560E-5	0.000000E+0	-1.252590E-4
-7.800000E-2	2.288830E-5	0.000000E+0	-1.713586E-4
-7.750000E-2	2.098100E-5	0.000000E+0	-1.693277E-4
-7.700000E-2	2.288830E-5	0.000000E+0	-1.840424E-4
-7.650000E-2	2.479560E-5	1.907360E-6	-1.898730E-4
-7.600000E-2	2.479560E-5	0.000000E+0	-1.991302E-4
-7.550000E-2	2.861030E-5	1.907360E-6	-4.314612E-5
-7.500000E-2	3.433250E-5	3.814730E-6	-7.350837E-5
-7.450000E-2	3.623990E-5	3.814730E-6	-5.166418E-5
-7.400000E-2	3.623990E-5	3.814730E-6	-4.925304E-5
-7.350000E-2	3.623990E-5	1.907360E-6	-3.749496E-5
-7.300000E-2	3.623990E-5	1.907360E-6	-6.350489E-5
-7.250000E-2	3.433250E-5	3.814730E-6	-3.786808E-5
-7.200000E-2	3.623990E-5	1.907360E-6	-5.859999E-5
-7.150000E-2	3.623990E-5	1.907360E-6	-6.193685E-5
-7.100000E-2	3.623990E-5	0.000000E+0	-1.135010E-4
-7.050000E-2	3.242520E-5	0.000000E+0	-1.014666E-4
-7.000000E-2	3.433250E-5	0.000000E+0	-9.368768E-5
-6.950000E-2	3.433250E-5	1.907360E-6	-1.072004E-4
-6.900000E-2	3.433250E-5	0.000000E+0	-9.748740E-5
-6.850000E-2	3.242520E-5	0.000000E+0	-1.284022E-4
-6.800000E-2	3.433250E-5	0.000000E+0	-1.355317E-4
-6.750000E-2	3.433250E-5	1.907360E-6	-8.906617E-5
-6.700000E-2	3.623990E-5	1.907360E-6	-8.730446E-5
-6.650000E-2	3.814720E-5	1.907360E-6	-9.192597E-5
-6.600000E-2	3.814720E-5	1.907360E-6	-1.193316E-4
-6.550000E-2	3.433250E-5	1.907360E-6	-1.040572E-4
-6.500000E-2	3.623990E-5	3.814730E-6	-1.285888E-4
-6.450000E-2	3.623990E-5	3.814730E-6	-1.567336E-4
-6.400000E-2	3.623990E-5	1.907360E-6	-1.315525E-4
-6.350000E-2	3.623990E-5	1.907360E-6	-1.114630E-4
-6.300000E-2	3.814720E-5	1.907360E-6	-1.111867E-4
-6.250000E-2	4.005460E-5	1.907360E-6	-8.758076E-5
-6.200000E-2	4.005460E-5	1.907360E-6	-1.222953E-4
-6.150000E-2	3.814720E-5	0.000000E+0	-9.340428E-5
-6.100000E-2	3.814720E-5	1.907360E-6	-1.238705E-4
-6.050000E-2	3.814720E-5	0.000000E+0	-1.160916E-4
-6.000000E-2	3.814720E-5	0.000000E+0	-1.163679E-4
-5.950000E-2	4.005460E-5	0.000000E+0	-1.322917E-4
-5.900000E-2	4.196190E-5	1.907360E-6	-1.818178E-4
-5.850000E-2	4.386930E-5	1.907360E-6	-1.902461E-4
-5.800000E-2	4.196190E-5	5.722080E-6	-2.069020E-4
-5.750000E-2	4.196190E-5	5.722080E-6	-2.501417E-4
-5.700000E-2	4.005460E-5	3.814730E-6	-2.254236E-4
-5.650000E-2	4.005460E-5	3.814730E-6	-2.128366E-4
-5.600000E-2	4.005460E-5	1.907360E-6	-2.133892E-4
-5.550000E-2	4.196190E-5	1.907360E-6	-1.902461E-4
-5.500000E-2	4.196190E-5	1.907360E-6	-2.602278E-4
-5.450000E-2	4.768390E-5	3.814730E-6	-2.475440E-4
-5.400000E-2	4.959130E-5	3.814730E-6	-2.811534E-4
-5.350000E-2	5.149860E-5	1.907360E-6	-2.004291E-4
-5.300000E-2	5.149860E-5	0.000000E+0	-2.596753E-4
-5.250000E-2	5.340600E-5	1.907360E-6	-3.568831E-4
-5.200000E-2	5.912800E-5	1.907360E-6	-3.517846E-4
-5.150000E-2	6.103560E-5	1.907360E-6	-3.026245E-4
-5.100000E-2	6.103560E-5	3.814730E-6	-3.403099E-4
-5.050000E-2	6.103560E-5	3.814730E-6	-3.867825E-4
-5.000000E-2	6.485030E-5	3.814730E-6	-4.015043E-4
-4.950000E-2	6.866500E-5	3.814730E-6	-4.076113E-4
-4.900000E-2	6.485030E-5	3.814730E-6	-3.728896E-4
-4.850000E-2	6.103560E-5	3.814730E-6	-3.690072E-4
-4.800000E-2	5.722070E-5	3.814730E-6	-3.521577E-4
-4.750000E-2	5.722070E-5	1.907360E-6	-3.416985E-4
-4.700000E-2	6.103560E-5	1.907360E-6	-3.617880E-4
-4.650000E-2	6.485030E-5	3.814730E-6	-4.426092E-4
-4.600000E-2	6.866500E-5	1.907360E-6	-4.148234E-4
-4.550000E-2	7.057240E-5	1.907360E-6	-4.414001E-4
-4.500000E-2	6.866500E-5	3.814730E-6	-4.547333E-4
-4.450000E-2	6.485030E-5	3.814730E-6	-3.915906E-4
-4.400000E-2	6.294300E-5	5.722080E-6	-4.080741E-4
-4.350000E-2	5.912800E-5	5.722080E-6	-3.965994E-4
-4.300000E-2	5.531330E-5	3.814730E-6	-3.565100E-4
-4.250000E-2	5.722070E-5	1.907360E-6	-2.820791E-4
-4.200000E-2	5.722070E-5	0.000000E+0	-3.409593E-4
-4.150000E-2	5.912800E-5	1.907360E-6	-3.567863E-4
-4.100000E-2	5.912800E-5	1.907360E-6	-3.340164E-4
-4.050000E-2	5.722070E-5	3.814730E-6	-3.102239E-4
-4.000000E-2	5.912800E-5	3.814730E-6	-3.486414E-4
-3.950000E-2	6.294300E-5	3.814730E-6	-3.431768E-4
-3.900000E-2	6.485030E-5	1.907360E-6	-2.926352E-4
-3.850000E-2	6.485030E-5	1.907360E-6	-3.250284E-4
-3.800000E-2	6.675770E-5	1.907360E-6	-2.972567E-4
-3.750000E-2	6.866500E-5	3.814730E-6	-3.232738E-4
-3.700000E-2	7.057240E-5	5.722080E-6	-3.239232E-4
-3.650000E-2	7.247970E-5	3.814730E-6	-4.088133E-4
-3.600000E-2	7.629440E-5	3.814730E-6	-4.440804E-4
-3.550000E-2	7.820180E-5	5.722080E-6	-4.389961E-4
-3.500000E-2	7.820180E-5	5.722080E-6	-4.146510E-4
-3.450000E-2	8.010910E-5	3.814730E-6	-4.611165E-4
-3.400000E-2	7.820180E-5	3.814730E-6	-4.063195E-4
-3.350000E-2	8.201650E-5	3.814730E-6	-4.412135E-4
-3.300000E-2	8.010910E-5	5.722080E-6	-4.139047E-4
-3.250000E-2	7.820180E-5	3.814730E-6	-4.281637E-4
-3.200000E-2	8.201650E-5	3.814730E-6	-5.349051E-4
-3.150000E-2	8.392380E-5	3.814730E-6	-5.009226E-4
-3.100000E-2	8.201650E-5	3.814730E-6	-6.051631E-4
-3.050000E-2	8.201650E-5	3.814730E-6	-6.127554E-4
-3.000000E-2	8.201650E-5	3.814730E-6	-5.463798E-4
-2.950000E-2	8.201650E-5	1.907360E-6	-5.683208E-4
-2.900000E-2	8.392380E-5	5.722080E-6	-6.234012E-4
-2.850000E-2	8.773850E-5	5.722080E-6	-7.031101E-4
-2.800000E-2	9.155320E-5	3.814730E-6	-7.094107E-4
-2.750000E-2	9.346050E-5	5.722080E-6	-6.743230E-4
-2.700000E-2	1.049050E-4	5.722080E-6	-7.877239E-4
-2.650000E-2	1.106270E-4	7.629450E-6	-9.017814E-4
-2.600000E-2	1.163490E-4	5.722080E-6	-9.420503E-4
-2.550000E-2	1.163490E-4	7.629450E-6	-8.606694E-4
-2.500000E-2	1.125340E-4	5.722080E-6	-8.767798E-4
-2.450000E-2	1.087190E-4	3.814730E-6	-8.533604E-4
-2.400000E-2	1.087190E-4	5.722080E-6	-8.066115E-4
-2.350000E-2	1.068120E-4	7.629450E-6	-8.839093E-4
-2.300000E-2	1.049050E-4	5.722080E-6	-9.904641E-4
-2.250000E-2	1.125340E-4	5.722080E-6	-1.211719E-3
-2.200000E-2	1.201630E-4	7.629450E-6	-1.164507E-3
-2.150000E-2	1.220710E-4	5.722080E-6	-1.337997E-3
-2.100000E-2	1.220710E-4	5.722080E-6	-1.277818E-3
-2.050000E-2	1.297010E-4	5.722080E-6	-1.470099E-3
-2.000000E-2	1.564040E-4	5.722080E-6	-1.379834E-3
-1.950000E-2	1.773840E-4	7.629450E-6	-1.341879E-3
-1.900000E-2	1.831060E-4	1.144420E-5	-1.284947E-3
-1.850000E-2	1.945500E-4	1.144420E-5	-1.317258E-3
-1.800000E-2	2.174390E-4	9.536800E-6	-1.249673E-3
-1.750000E-2	2.250680E-4	9.536800E-6	-1.295593E-3
-1.700000E-2	2.365120E-4	1.144420E-5	-1.381969E-3
-1.650000E-2	2.403270E-4	1.335150E-5	-1.306889E-3
-1.600000E-2	2.403270E-4	1.144420E-5	-1.519715E-3
-1.550000E-2	2.555870E-4	1.525890E-5	-1.477228E-3
-1.500000E-2	2.632160E-4	1.335150E-5	-1.496765E-3
-1.450000E-2	2.689380E-4	1.335150E-5	-1.662096E-3
-1.400000E-2	2.746600E-4	1.335150E-5	-1.511107E-3
-1.350000E-2	2.613090E-4	1.525890E-5	-1.551839E-3
-1.300000E-2	2.632160E-4	1.335150E-5	-1.530084E-3
-1.250000E-2	2.689380E-4	1.335150E-5	-1.403910E-3
-1.200000E-2	2.689380E-4	1.144420E-5	-1.335399E-3
-1.150000E-2	2.746600E-4	1.335150E-5	-1.603216E-3
-1.100000E-2	2.937340E-4	1.144420E-5	-1.703754E-3
-1.050000E-2	3.032700E-4	1.335150E-5	-1.723664E-3
-1.000000E-2	3.013630E-4	1.144420E-5	-1.738102E-3
-9.500000E-3	2.899190E-4	1.144420E-5	-1.637751E-3
-9.000000E-3	2.613090E-4	1.144420E-5	-1.696632E-3
-8.500000E-3	3.185290E-4	1.716630E-5	-2.621732E-3
-8.000000E-3	3.547690E-4	2.098100E-5	-3.002867E-3
-7.500000E-3	3.986380E-4	2.098100E-5	-2.991848E-3
-7.000000E-3	4.234330E-4	2.288830E-5	-3.174775E-3
-6.500000E-3	4.272480E-4	2.098100E-5	-3.123674E-3
-6.000000E-3	4.367850E-4	1.907360E-5	-2.986944E-3
-5.500000E-3	4.367850E-4	1.907360E-5	-3.014066E-3
-5.000000E-3	4.615800E-4	2.288830E-5	-3.041195E-3
-4.500000E-3	5.130810E-4	2.288830E-5	-3.294567E-3
-4.000000E-3	5.607640E-4	2.479560E-5	-3.339561E-3
-3.500000E-3	5.836520E-4	2.670300E-5	-3.451670E-3
-3.000000E-3	6.256140E-4	3.051780E-5	-3.509162E-3
-2.500000E-3	6.217990E-4	3.051780E-5	-3.274671E-3
-2.000000E-3	7.057230E-4	3.623990E-5	-4.453523E-3
-1.500000E-3	7.839240E-4	3.814720E-5	-4.433433E-3
-1.000000E-3	7.934610E-4	3.814720E-5	-4.369462E-3
-5.000000E-4	7.915530E-4	3.814720E-5	-4.646999E-3
0.000000E+0	8.182560E-4	4.005460E-5	-4.987119E-3
5.000000E-4	8.506810E-4	4.005460E-5	-4.784662E-3
1.000000E-3	8.773840E-4	4.959130E-5	-5.392143E-3
1.500000E-3	9.040870E-4	4.577660E-5	-5.355301E-3
2.000000E-3	9.117160E-4	4.577660E-5	-5.575996E-3
2.500000E-3	9.098090E-4	4.959130E-5	-5.211247E-3
3.000000E-3	8.697550E-4	4.768390E-5	-4.692919E-3
3.500000E-3	8.220710E-4	4.005460E-5	-4.714763E-3
4.000000E-3	8.144420E-4	4.386930E-5	-5.845485E-3
4.500000E-3	9.174380E-4	5.531330E-5	-6.118117E-3
5.000000E-3	9.632150E-4	4.959130E-5	-5.934071E-3
5.500000E-3	9.059940E-4	4.386930E-5	-5.992585E-3
6.000000E-3	8.754770E-4	4.196190E-5	-5.595153E-3
6.500000E-3	8.659400E-4	4.768390E-5	-6.271600E-3
7.000000E-3	8.449590E-4	4.005460E-5	-5.610711E-3
7.500000E-3	8.068120E-4	3.623990E-5	-5.470277E-3
8.000000E-3	7.915530E-4	3.814720E-5	-5.975922E-3
8.500000E-3	8.029970E-4	3.814720E-5	-5.823171E-3
9.000000E-3	8.087200E-4	3.814720E-5	-5.772629E-3
9.500000E-3	9.155310E-4	4.196190E-5	-7.878896E-3
1.000000E-2	1.094830E-3	5.340600E-5	-7.485734E-3
1.050000E-2	1.132970E-3	5.531330E-5	-7.483047E-3
1.100000E-2	1.195920E-3	5.722070E-5	-7.234670E-3
1.150000E-2	1.199730E-3	6.103560E-5	-6.685509E-3
1.200000E-2	1.146320E-3	5.722070E-5	-6.577939E-3
1.250000E-2	1.180660E-3	6.294300E-5	-8.044608E-3
1.300000E-2	1.138690E-3	5.912800E-5	-8.038217E-3
1.350000E-2	1.079570E-3	5.340600E-5	-7.944167E-3
1.400000E-2	1.087200E-3	5.531330E-5	-8.097374E-3
1.450000E-2	1.108180E-3	5.149860E-5	-8.490917E-3
1.500000E-2	1.134880E-3	5.149860E-5	-8.433052E-3
1.550000E-2	1.159680E-3	5.149860E-5	-8.441846E-3
1.600000E-2	1.214990E-3	5.722070E-5	-9.166155E-3
1.650000E-2	1.272210E-3	6.103560E-5	-8.943982E-3
1.700000E-2	1.277930E-3	6.294300E-5	-8.792156E-3
1.750000E-2	1.264580E-3	6.485030E-5	-9.821684E-3
1.800000E-2	1.308450E-3	6.294300E-5	-9.788082E-3
1.850000E-2	1.335150E-3	6.294300E-5	-9.737989E-3
1.900000E-2	1.327520E-3	6.485030E-5	-9.513494E-3
1.950000E-2	1.319890E-3	6.485030E-5	-9.301594E-3
2.000000E-2	1.358040E-3	6.485030E-5	-9.037577E-3
2.050000E-2	1.346600E-3	7.438710E-5	-1.017615E-2
2.100000E-2	1.295100E-3	6.866500E-5	-1.003840E-2
2.150000E-2	1.276020E-3	5.149860E-5	-1.128345E-2
2.200000E-2	1.314170E-3	5.149860E-5	-1.104442E-2
2.250000E-2	1.359950E-3	6.485030E-5	-1.089129E-2
2.300000E-2	1.491550E-3	7.629440E-5	-1.096202E-2
2.350000E-2	1.583110E-3	7.247970E-5	-1.083223E-2
2.400000E-2	1.577380E-3	7.629440E-5	-1.075633E-2
2.450000E-2	1.552590E-3	7.629440E-5	-1.100238E-2
2.500000E-2	1.583110E-3	7.247970E-5	-1.125179E-2
2.550000E-2	1.586920E-3	7.057240E-5	-1.106524E-2
2.600000E-2	1.583110E-3	7.629440E-5	-1.089787E-2
2.650000E-2	1.581200E-3	7.629440E-5	-1.067088E-2
2.700000E-2	1.501090E-3	6.675770E-5	-1.077002E-2
2.750000E-2	1.407630E-3	6.103560E-5	-1.075707E-2
2.800000E-2	1.390460E-3	5.531330E-5	-1.130937E-2
2.850000E-2	1.386650E-3	5.912800E-5	-1.128678E-2
2.900000E-2	1.411450E-3	5.912800E-5	-1.175604E-2
2.950000E-2	1.478200E-3	6.675770E-5	-1.147045E-2
3.000000E-2	1.506810E-3	6.103560E-5	-1.291036E-2
3.050000E-2	1.625070E-3	5.722070E-5	-1.319466E-2
3.100000E-2	1.722340E-3	7.820180E-5	-1.304368E-2
3.150000E-2	1.729970E-3	8.010910E-5	-1.326251E-2
3.200000E-2	1.850140E-3	8.010910E-5	-1.297369E-2
3.250000E-2	1.955050E-3	8.773850E-5	-1.293665E-2
3.300000E-2	1.977940E-3	9.155320E-5	-1.279196E-2
3.350000E-2	1.987470E-3	9.155320E-5	-1.243165E-2
3.400000E-2	1.989380E-3	8.964590E-5	-1.240249E-2
3.450000E-2	1.943600E-3	9.155320E-5	-1.218883E-2
3.500000E-2	1.890190E-3	8.964590E-5	-1.220476E-2
3.550000E-2	1.869210E-3	8.392380E-5	-1.113023E-2
3.600000E-2	1.789100E-3	8.392380E-5	-1.094046E-2
3.650000E-2	1.762400E-3	8.583120E-5	-1.111542E-2
3.700000E-2	1.758580E-3	8.201650E-5	-1.089268E-2
3.750000E-2	1.848230E-3	7.820180E-5	-1.226438E-2
3.800000E-2	1.892100E-3	7.438710E-5	-1.309764E-2
3.850000E-2	2.010360E-3	9.155320E-5	-1.308700E-2
3.900000E-2	2.124800E-3	1.010900E-4	-1.319679E-2
3.950000E-2	2.162950E-3	1.049050E-4	-1.281335E-2
4.000000E-2	2.199190E-3	1.029970E-4	-1.271234E-2
4.050000E-2	2.244960E-3	1.010900E-4	-1.228224E-2
4.100000E-2	2.351780E-3	1.068120E-4	-1.273456E-2
4.150000E-2	2.340330E-3	1.106270E-4	-1.218161E-2
4.200000E-2	2.256410E-3	1.029970E-4	-1.225243E-2
4.250000E-2	2.216350E-3	9.536790E-5	-1.230797E-2
4.300000E-2	2.262130E-3	1.029970E-4	-1.239639E-2
4.350000E-2	2.365130E-3	1.144410E-4	-1.231677E-2
4.400000E-2	2.532970E-3	1.182560E-4	-1.291841E-2
4.450000E-2	2.500550E-3	1.144410E-4	-1.236972E-2
4.500000E-2	2.414720E-3	1.049050E-4	-1.276438E-2
4.550000E-2	2.527250E-3	1.201630E-4	-1.273058E-2
4.600000E-2	2.492920E-3	1.239790E-4	-1.293073E-2
4.650000E-2	2.376570E-3	1.182560E-4	-1.256895E-2
4.700000E-2	2.290740E-3	1.106270E-4	-1.237908E-2
4.750000E-2	2.285020E-3	1.068120E-4	-1.206311E-2
4.800000E-2	2.296460E-3	1.049050E-4	-1.276410E-2
4.850000E-2	2.349870E-3	1.106270E-4	-1.219254E-2
4.900000E-2	2.397550E-3	9.918260E-5	-1.246823E-2
4.950000E-2	2.359410E-3	1.068120E-4	-1.199609E-2
5.000000E-2	2.300280E-3	1.144410E-4	-9.422311E-3
5.050000E-2	2.174390E-3	1.182560E-4	-9.248372E-3
5.100000E-2	2.138150E-3	1.163490E-4	-1.061144E-2
5.150000E-2	2.294560E-3	1.182560E-4	-1.088084E-2
5.200000E-2	2.468120E-3	1.182560E-4	-1.106349E-2
5.250000E-2	2.481480E-3	1.182560E-4	-1.118670E-2
5.300000E-2	2.426160E-3	1.182560E-4	-1.120559E-2
5.350000E-2	2.378480E-3	1.163490E-4	-1.099961E-2
5.400000E-2	2.328890E-3	1.068120E-4	-1.091203E-2
5.450000E-2	2.309810E-3	1.029970E-4	-1.107404E-2
5.500000E-2	2.296460E-3	1.068120E-4	-1.113125E-2
5.550000E-2	2.313630E-3	1.182560E-4	-1.123373E-2
5.600000E-2	2.393740E-3	1.182560E-4	-1.126909E-2
5.650000E-2	2.361310E-3	1.220710E-4	-1.063894E-2
5.700000E-2	2.326980E-3	1.163490E-4	-1.163523E-2
5.750000E-2	2.346050E-3	1.125340E-4	-1.082631E-2
5.800000E-2	2.311720E-3	1.029970E-4	-1.121624E-2
5.850000E-2	2.376570E-3	1.068120E-4	-1.130030E-2
5.900000E-2	2.321260E-3	1.163490E-4	-1.118513E-2
5.950000E-2	2.340330E-3	1.106270E-4	-1.171994E-2
6.000000E-2	2.367030E-3	1.049050E-4	-1.104896E-2
6.050000E-2	2.401370E-3	1.125340E-4	-1.043157E-2
6.100000E-2	2.370850E-3	1.182560E-4	-1.030585E-2
6.150000E-2	2.340330E-3	1.125340E-4	-1.016884E-2
6.200000E-2	2.328890E-3	1.068120E-4	-1.020068E-2
6.250000E-2	2.344150E-3	1.049050E-4	-1.079382E-2
6.300000E-2	2.338420E-3	1.029970E-4	-1.080446E-2
6.350000E-2	2.256410E-3	1.106270E-4	-1.064061E-2
6.400000E-2	2.166760E-3	1.068120E-4	-1.068208E-2
6.450000E-2	2.136250E-3	1.087190E-4	-1.041629E-2
6.500000E-2	2.069490E-3	1.029970E-4	-1.028752E-2
6.550000E-2	2.021800E-3	9.155320E-5	-1.027021E-2
6.600000E-2	2.002730E-3	9.727520E-5	-1.016412E-2
6.650000E-2	1.974120E-3	9.536790E-5	-9.952950E-3
6.700000E-2	1.956950E-3	9.155320E-5	-9.712255E-3
6.750000E-2	1.937870E-3	8.773850E-5	-9.450822E-3
6.800000E-2	1.882560E-3	8.392380E-5	-9.433703E-3
6.850000E-2	1.852040E-3	9.155320E-5	-9.245035E-3
6.900000E-2	1.829150E-3	9.155320E-5	-9.332150E-3
6.950000E-2	1.798640E-3	8.773850E-5	-9.067006E-3
7.000000E-2	1.760490E-3	7.820180E-5	-8.876673E-3
7.050000E-2	1.739510E-3	7.820180E-5	-9.091358E-3
7.100000E-2	1.743320E-3	8.010910E-5	-8.827334E-3
7.150000E-2	1.770030E-3	8.201650E-5	-8.901026E-3
7.200000E-2	1.758580E-3	8.010910E-5	-8.771238E-3
7.250000E-2	1.710900E-3	8.010910E-5	-8.516374E-3
7.300000E-2	1.661310E-3	7.629440E-5	-8.673940E-3
7.350000E-2	1.613620E-3	8.010910E-5	-8.528035E-3
7.400000E-2	1.609810E-3	7.629440E-5	-8.345019E-3
7.450000E-2	1.623160E-3	7.247970E-5	-8.229393E-3
7.500000E-2	1.552590E-3	7.438710E-5	-7.364360E-3
7.550000E-2	1.491550E-3	6.866500E-5	-7.402412E-3
7.600000E-2	1.396190E-3	6.485030E-5	-7.366585E-3
7.650000E-2	1.352320E-3	6.485030E-5	-7.287249E-3
7.700000E-2	1.337060E-3	6.485030E-5	-7.256514E-3
7.750000E-2	1.331340E-3	6.103560E-5	-7.213841E-3
7.800000E-2	1.308450E-3	5.722070E-5	-7.008503E-3
7.850000E-2	1.266490E-3	5.912800E-5	-7.036558E-3
7.900000E-2	1.279840E-3	6.294300E-5	-6.990362E-3
7.950000E-2	1.295100E-3	6.485030E-5	-6.926390E-3
8.000000E-2	1.241690E-3	5.531330E-5	-6.459999E-3
8.050000E-2	1.188290E-3	5.149860E-5	-6.567666E-3
8.100000E-2	1.146320E-3	5.340600E-5	-6.538036E-3
8.150000E-2	1.085290E-3	5.531330E-5	-5.737079E-3
8.200000E-2	9.861070E-4	4.959130E-5	-5.670882E-3
8.250000E-2	9.155310E-4	4.577660E-5	-5.660983E-3
8.300000E-2	8.811990E-4	4.196190E-5	-5.614040E-3
8.350000E-2	8.602180E-4	3.814720E-5	-5.621177E-3
8.400000E-2	8.754770E-4	4.005460E-5	-5.562849E-3
8.450000E-2	8.888280E-4	4.386930E-5	-5.541647E-3
8.500000E-2	8.525890E-4	4.577660E-5	-4.541929E-3
8.550000E-2	7.820170E-4	3.814720E-5	-4.439085E-3
8.600000E-2	7.629430E-4	3.051780E-5	-4.329842E-3
8.650000E-2	7.267040E-4	3.242520E-5	-4.358167E-3
8.700000E-2	6.942790E-4	2.861030E-5	-3.725601E-3
8.750000E-2	6.103550E-4	2.670300E-5	-3.674320E-3
8.800000E-2	5.722080E-4	2.670300E-5	-3.668759E-3
8.850000E-2	5.073580E-4	1.907360E-5	-3.307997E-3
8.900000E-2	4.596730E-4	1.716630E-5	-3.121457E-3
8.950000E-2	4.253410E-4	1.907360E-5	-2.725144E-3
9.000000E-2	3.986380E-4	2.098100E-5	-2.742456E-3
9.050000E-2	3.719350E-4	1.907360E-5	-2.723658E-3
9.100000E-2	3.643050E-4	1.716630E-5	-2.764487E-3
9.150000E-2	3.681200E-4	1.525890E-5	-2.693386E-3
9.200000E-2	3.471390E-4	1.525890E-5	-2.743099E-3
9.250000E-2	3.337880E-4	1.716630E-5	-2.686630E-3
9.300000E-2	3.166220E-4	1.907360E-5	-2.334102E-3
9.350000E-2	2.803820E-4	1.716630E-5	-2.336782E-3
9.400000E-2	2.670310E-4	1.716630E-5	-2.285322E-3
9.450000E-2	2.574940E-4	1.335150E-5	-2.262269E-3
9.500000E-2	2.365120E-4	9.536800E-6	-1.981022E-3
9.550000E-2	2.079020E-4	1.144420E-5	-1.740230E-3
9.600000E-2	1.888280E-4	9.536800E-6	-1.694780E-3
9.650000E-2	1.907360E-4	9.536800E-6	-1.831504E-3
9.700000E-2	2.021800E-4	9.536800E-6	-1.962687E-3
9.750000E-2	2.021800E-4	1.144420E-5	-1.501760E-3
9.800000E-2	1.735700E-4	9.536800E-6	-1.473160E-3
9.850000E-2	1.716620E-4	7.629450E-6	-1.485187E-3
9.900000E-2	1.678480E-4	9.536800E-6	-1.334570E-3
9.950000E-2	1.316080E-4	9.536800E-6	-1.277169E-3
1.000000E-1	9.918260E-5	9.536800E-6	-1.280782E-3
1.005000E-1	1.277930E-4	1.335150E-5	-1.492123E-3
1.010000E-1	1.316080E-4	7.629450E-6	-1.396684E-3
1.015000E-1	1.163490E-4	5.722080E-6	-1.331607E-3
1.020000E-1	1.049050E-4	3.814730E-6	-1.240699E-3
1.025000E-1	9.155320E-5	1.907360E-6	-1.149972E-3
1.030000E-1	8.583120E-5	3.814730E-6	-9.532486E-4
1.035000E-1	7.629440E-5	5.722080E-6	-7.985563E-4
1.040000E-1	6.866500E-5	7.629450E-6	-5.439757E-4
1.045000E-1	6.485030E-5	5.722080E-6	-3.991003E-4
1.050000E-1	6.103560E-5	3.814730E-6	-2.971670E-4
1.055000E-1	5.340600E-5	3.814730E-6	-1.131278E-4
1.060000E-1	5.149860E-5	3.814730E-6	-7.647210E-5
1.065000E-1	5.340600E-5	1.907360E-6	-7.369493E-5
1.070000E-1	5.340600E-5	1.907360E-6	-9.193307E-5
1.075000E-1	5.340600E-5	1.907360E-6	-5.748770E-5
1.080000E-1	5.149860E-5	0.000000E+0	-8.230272E-5
1.085000E-1	5.149860E-5	1.907360E-6	-4.537069E-5
1.090000E-1	5.340600E-5	1.907360E-6	-4.535649E-5
1.095000E-1	5.340600E-5	3.814730E-6	-6.129452E-5
1.100000E-1	5.149860E-5	1.907360E-6	-5.406821E-5
1.105000E-1	5.340600E-5	3.814730E-6	-5.980911E-5
1.110000E-1	5.149860E-5	3.814730E-6	-4.063815E-5
1.115000E-1	5.149860E-5	3.814730E-6	-9.442684E-5
1.120000E-1	5.340600E-5	5.722080E-6	-4.999930E-5
1.125000E-1	5.149860E-5	5.722080E-6	-6.795404E-5
1.130000E-1	5.149860E-5	3.814730E-6	-9.415054E-5
1.135000E-1	4.959130E-5	3.814730E-6	-7.869667E-5
1.140000E-1	4.959130E-5	1.907360E-6	-4.573672E-5
1.145000E-1	5.149860E-5	1.907360E-6	-5.064162E-5
1.150000E-1	5.149860E-5	1.907360E-6	-6.591603E-5
1.155000E-1	5.149860E-5	3.814730E-6	-7.489695E-5
1.160000E-1	5.149860E-5	3.814730E-6	-8.934247E-5
1.165000E-1	4.959130E-5	1.907360E-6	-2.296681E-5
1.170000E-1	4.959130E-5	1.907360E-6	-7.156719E-5
1.175000E-1	5.149860E-5	1.907360E-6	-4.240696E-5
1.180000E-1	5.149860E-5	3.814730E-6	-3.647950E-5
1.185000E-1	5.149860E-5	3.814730E-6	-2.953659E-5
1.190000E-1	5.149860E-5	3.814730E-6	-4.758816E-5
1.195000E-1	5.149860E-5	3.814730E-6	-5.165708E-5
1.200000E-1	5.149860E-5	3.814730E-6	-7.294867E-5
1.205000E-1	5.149860E-5	3.814730E-6	-2.647603E-5
1.210000E-1	5.149860E-5	3.814730E-6	-4.619958E-5
1.215000E-1	5.149860E-5	1.907360E-6	-4.499046E-5
1.220000E-1	5.149860E-5	1.907360E-6	-5.851026E-5
1.225000E-1	5.149860E-5	3.814730E-6	-7.137353E-5
1.230000E-1	5.149860E-5	3.814730E-6	-7.480012E-5
1.235000E-1	5.149860E-5	1.907360E-6	-1.073876E-5
1.240000E-1	5.149860E-5	1.907360E-6	-3.730839E-5
1.245000E-1	5.149860E-5	1.907360E-6	-3.360550E-5
1.250000E-1	5.149860E-5	0.000000E+0	-4.397501E-5
1.255000E-1	4.959130E-5	1.907360E-6	-7.193322E-5
1.260000E-1	4.959130E-5	5.722080E-6	-8.609534E-5
1.265000E-1	5.149860E-5	3.814730E-6	-6.443772E-5
1.270000E-1	5.149860E-5	1.907360E-6	-4.119784E-5
1.275000E-1	5.149860E-5	1.907360E-6	-4.906648E-5
1.280000E-1	5.149860E-5	1.907360E-6	-5.295593E-5
1.285000E-1	4.959130E-5	1.907360E-6	-6.748408E-5
1.290000E-1	5.149860E-5	5.722080E-6	-3.416520E-5
1.295000E-1	5.149860E-5	5.722080E-6	-8.267585E-5
1.300000E-1	5.149860E-5	3.814730E-6	-5.942888E-5
1.305000E-1	5.149860E-5	1.907360E-6	-5.555363E-5
1.310000E-1	4.768390E-5	1.907360E-6	-4.212356E-5
1.315000E-1	4.959130E-5	3.814730E-6	-1.768167E-5
1.320000E-1	4.959130E-5	1.907360E-6	-1.028552E-4
1.325000E-1	4.959130E-5	3.814730E-6	-9.562886E-5
1.330000E-1	4.959130E-5	3.814730E-6	-4.666244E-5
1.335000E-1	4.959130E-5	3.814730E-6	-7.424753E-5
1.340000E-1	4.959130E-5	1.907360E-6	-1.076703E-4
1.345000E-1	4.959130E-5	3.814730E-6	-6.859636E-5
1.350000E-1	5.149860E-5	3.814730E-6	-8.183986E-5
1.355000E-1	5.149860E-5	1.907360E-6	-7.239608E-5
1.360000E-1	5.149860E-5	1.907360E-6	-5.813713E-5
1.365000E-1	4.959130E-5	3.814730E-6	-3.240349E-5
1.370000E-1	4.959130E-5	1.907360E-6	-5.638252E-5
1.375000E-1	5.149860E-5	1.907360E-6	-8.016788E-5
1.380000E-1	4.959130E-5	1.907360E-6	-4.360188E-5
1.385000E-1	4.959130E-5	3.814730E-6	-4.555015E-5
1.390000E-1	4.959130E-5	1.907360E-6	-5.730114E-5
1.395000E-1	4.959130E-5	1.907360E-6	-5.600939E-5
1.400000E-1	4.959130E-5	0.000000E+0	-6.832007E-5
1.405000E-1	4.959130E-5	0.000000E+0	-8.183986E-5
1.410000E-1	4.959130E-5	0.000000E+0	-4.702847E-5
1.415000E-1	5.149860E-5	1.907360E-6	-7.619580E-5
1.420000E-1	5.149860E-5	1.907360E-6	-6.008540E-5
1.425000E-1	5.149860E-5	1.907360E-6	-5.758454E-5
1.430000E-1	4.768390E-5	3.814730E-6	-5.684538E-5
1.435000E-1	4.768390E-5	5.722080E-6	-8.211616E-5
1.440000E-1	4.959130E-5	3.814730E-6	-1.897923E-7
1.445000E-1	4.768390E-5	3.814730E-6	-6.675202E-5
1.450000E-1	4.768390E-5	1.907360E-6	-7.368783E-5
1.455000E-1	4.768390E-5	3.814730E-6	-9.553912E-5
1.460000E-1	4.768390E-5	3.814730E-6	-5.924941E-5
1.465000E-1	4.959130E-5	1.907360E-6	-6.323570E-5
1.470000E-1	4.959130E-5	3.814730E-6	-6.730461E-5
1.475000E-1	4.959130E-5	1.907360E-6	-5.184364E-5
1.480000E-1	4.768390E-5	1.907360E-6	-8.952193E-5
1.485000E-1	4.577660E-5	1.907360E-6	-4.906648E-5
1.490000E-1	4.768390E-5	1.907360E-6	-5.008903E-5
1.495000E-1	4.959130E-5	1.907360E-6	-5.998857E-5
1.500000E-1	4.959130E-5	1.907360E-6	-9.591225E-5
