8.871461E-2	0.000000E+0	8.842527E-3	3.910083E-4	2.398327E-1
8.861304E-2	1.000000E-2	8.991937E-3	5.060870E-4	2.401358E-1
8.840344E-2	2.000000E-2	9.061873E-3	4.202543E-4	2.403158E-1
8.857787E-2	3.000000E-2	9.035803E-3	3.725703E-4	2.399785E-1
8.881601E-2	4.000000E-2	8.944253E-3	1.691190E-4	2.390008E-1
8.867129E-2	5.000000E-2	8.906740E-3	1.017259E-4	2.389804E-1
8.880447E-2	6.000000E-2	8.575500E-3	3.312447E-4	2.388016E-1
8.752214E-2	7.000000E-2	9.087307E-3	4.405990E-4	2.383659E-1
8.865046E-2	8.000000E-2	8.936623E-3	4.514090E-5	2.381103E-1
8.841319E-2	9.000000E-2	8.529090E-3	2.841967E-4	2.384097E-1
8.860269E-2	1.000000E-1	8.794207E-3	6.637610E-4	2.384498E-1
9.034248E-2	1.100000E-1	9.147703E-3	3.725707E-4	2.386598E-1
8.859057E-2	1.200000E-1	8.846343E-3	6.612197E-5	2.384057E-1
8.896113E-2	1.300000E-1	8.776407E-3	6.135340E-4	2.385207E-1
8.844303E-2	1.400000E-1	9.131807E-3	3.910083E-4	2.386761E-1
8.409590E-2	1.500000E-1	8.791663E-3	1.239782E-4	2.385509E-1
8.714769E-2	1.600000E-1	9.148337E-3	4.361487E-4	2.387011E-1
8.727577E-2	1.700000E-1	8.970320E-3	1.061765E-4	2.385142E-1
8.919604E-2	1.800000E-1	8.685487E-3	5.518633E-4	2.384677E-1
8.819580E-2	1.900000E-1	9.064417E-3	5.340607E-4	2.386536E-1
8.905776E-2	2.000000E-1	8.665780E-3	1.633973E-4	2.388109E-1
8.905918E-2	2.100000E-1	8.616827E-3	4.730250E-4	2.392737E-1
8.889604E-2	2.200000E-1	9.086667E-3	2.422347E-4	2.391398E-1
8.848640E-2	2.300000E-1	8.660060E-3	3.115353E-4	2.389076E-1
8.818454E-2	2.400000E-1	9.139437E-3	3.897367E-4	2.392539E-1
8.770596E-2	2.500000E-1	8.983670E-3	7.883737E-5	2.392323E-1
8.909565E-2	2.600000E-1	8.544983E-3	3.210723E-4	2.398866E-1
8.939527E-2	2.700000E-1	8.884490E-3	6.020900E-4	2.391858E-1
8.799469E-2	2.800000E-1	8.916280E-3	5.594917E-5	2.391075E-1
9.072675E-2	2.900000E-1	8.539893E-3	2.409630E-4	2.390482E-1
8.854306E-2	3.000000E-1	8.771320E-3	6.472307E-4	2.388738E-1
8.941633E-2	3.100000E-1	9.160417E-3	4.107177E-4	2.391398E-1
8.864928E-2	3.200000E-1	8.894660E-3	5.340600E-5	2.388611E-1
8.993267E-2	3.300000E-1	8.637170E-3	3.153503E-4	2.395823E-1
8.865564E-2	3.400000E-1	8.941073E-3	5.455057E-4	2.397778E-1
8.823052E-2	3.500000E-1	8.654337E-3	3.547687E-4	2.393813E-1
8.859704E-2	3.600000E-1	9.108920E-3	2.244320E-4	2.396569E-1
9.122283E-2	3.700000E-1	8.687397E-3	1.004542E-4	2.398151E-1
8.812568E-2	3.800000E-1	8.653700E-3	5.226173E-4	2.396492E-1
8.913875E-2	3.900000E-1	9.152793E-3	5.302460E-4	2.401179E-1
9.122739E-2	4.000000E-1	9.100653E-3	9.981827E-5	2.402018E-1
8.691269E-2	4.100000E-1	8.591393E-3	1.824707E-4	2.401080E-1
9.003165E-2	4.200000E-1	8.726813E-3	6.186203E-4	2.399381E-1
8.748352E-2	4.300000E-1	9.152793E-3	4.851053E-4	2.401438E-1
8.834836E-2	4.400000E-1	8.646070E-3	1.703910E-4	2.397821E-1
8.686553E-2	4.500000E-1	8.558330E-3	3.560403E-4	2.392604E-1
9.003367E-2	4.600000E-1	8.626997E-3	9.727527E-5	2.395290E-1
8.799656E-2	4.700000E-1	8.684217E-3	5.226170E-4	2.395132E-1
8.773202E-2	4.800000E-1	9.052337E-3	3.058133E-4	2.391679E-1
8.866964E-2	4.900000E-1	8.703290E-3	2.460493E-4	2.391981E-1
8.730094E-2	5.000000E-1	8.774503E-3	6.020900E-4	2.394195E-1
8.950014E-2	5.100000E-1	8.540530E-3	4.831973E-4	2.394772E-1
8.942817E-2	5.200000E-1	8.900383E-3	6.987290E-4	2.395441E-1
8.908479E-2	5.300000E-1	9.150883E-3	2.740240E-4	2.395370E-1
8.821023E-2	5.400000E-1	8.778950E-3	8.392370E-5	2.393997E-1
8.759160E-2	5.500000E-1	8.860330E-3	5.544067E-4	2.395989E-1
8.749729E-2	5.600000E-1	8.808833E-3	1.659403E-4	2.394910E-1
8.767897E-2	5.700000E-1	8.691210E-3	5.060867E-4	2.392776E-1
9.076236E-2	5.800000E-1	9.074590E-3	3.789287E-4	2.387168E-1
8.732797E-2	5.900000E-1	9.138803E-3	4.940063E-4	2.387732E-1
8.961434E-2	6.000000E-1	9.100020E-3	3.153500E-4	2.389891E-1
8.768610E-2	6.100000E-1	8.799297E-3	6.974573E-4	2.392336E-1
8.794364E-2	6.200000E-1	9.130537E-3	4.666670E-4	2.392333E-1
8.867094E-2	6.300000E-1	8.903563E-3	8.646703E-5	2.393988E-1
8.856035E-2	6.400000E-1	8.763690E-3	4.800187E-4	2.394352E-1
8.657677E-2	6.500000E-1	8.669597E-3	1.290650E-4	2.393634E-1
9.056390E-2	6.600000E-1	8.593937E-3	5.849240E-4	2.392977E-1
8.794610E-2	6.700000E-1	9.000203E-3	5.455047E-4	2.392524E-1
8.817751E-2	6.800000E-1	8.856513E-3	1.640330E-4	2.390085E-1
8.961872E-2	6.900000E-1	8.699477E-3	5.480487E-4	2.391725E-1
8.769626E-2	7.000000E-1	8.592030E-3	1.608540E-4	2.391105E-1
8.934925E-2	7.100000E-1	8.616823E-3	3.693917E-4	2.397485E-1
8.808255E-2	7.200000E-1	9.063147E-3	4.329700E-4	2.406485E-1
8.915163E-2	7.300000E-1	8.717917E-3	5.569493E-4	2.405045E-1
8.991200E-2	7.400000E-1	9.056787E-3	1.977293E-4	2.403840E-1
8.729732E-2	7.500000E-1	8.832990E-3	1.347869E-4	2.406852E-1
8.932524E-2	7.600000E-1	8.712193E-3	5.779303E-4	2.409673E-1
8.994549E-2	7.700000E-1	8.604747E-3	1.856497E-4	2.411434E-1
8.774149E-2	7.800000E-1	8.919457E-3	6.179847E-4	2.414641E-1
8.925466E-2	7.900000E-1	9.070140E-3	2.663947E-4	2.412667E-1
8.971629E-2	8.000000E-1	8.557697E-3	3.115353E-4	2.412698E-1
9.023578E-2	8.100000E-1	9.042163E-3	4.183470E-4	2.412880E-1
8.730921E-2	8.200000E-1	8.696300E-3	2.021800E-4	2.413031E-1
8.877761E-2	8.300000E-1	9.014190E-3	4.272480E-4	2.416016E-1
8.889038E-2	8.400000E-1	8.546253E-3	4.692100E-4	2.415180E-1
8.797771E-2	8.500000E-1	8.955697E-3	6.745697E-4	2.414367E-1
8.858222E-2	8.600000E-1	9.079040E-3	4.615800E-4	2.414323E-1
9.037906E-2	8.700000E-1	8.659427E-3	3.509540E-4	2.414305E-1
8.803381E-2	8.800000E-1	8.853973E-3	5.614000E-4	2.415273E-1
8.687865E-2	8.900000E-1	8.807563E-3	1.869207E-4	2.414561E-1
9.127224E-2	9.000000E-1	8.966507E-3	4.990927E-4	2.412063E-1
8.773319E-2	9.100000E-1	8.946797E-3	1.494097E-4	2.412812E-1
8.892551E-2	9.200000E-1	8.616187E-3	5.054513E-4	2.410953E-1
9.005019E-2	9.300000E-1	9.039620E-3	6.097193E-4	2.415547E-1
8.726261E-2	9.400000E-1	9.060600E-3	3.223437E-4	2.414662E-1
9.027912E-2	9.500000E-1	8.773860E-3	1.392373E-4	2.416186E-1
8.687354E-2	9.600000E-1	9.115917E-3	3.159857E-4	2.411841E-1
8.811783E-2	9.700000E-1	8.906107E-3	8.519543E-5	2.413873E-1
8.898071E-2	9.800000E-1	8.700750E-3	5.582210E-4	2.401000E-1
8.890783E-2	9.900000E-1	8.850157E-3	7.502287E-5	2.402557E-1
8.872768E-2	1.000000E+0	8.606653E-3	1.735697E-4	2.402449E-1
8.855070E-2	1.010000E+0	8.798657E-3	5.435977E-4	2.409359E-1
8.934109E-2	1.020000E+0	9.087303E-3	3.414173E-4	2.412303E-1
8.791835E-2	1.030000E+0	8.824090E-3	6.020903E-4	2.410404E-1
8.892740E-2	1.040000E+0	8.579950E-3	1.811990E-4	2.410898E-1
8.845784E-2	1.050000E+0	8.583763E-3	2.943693E-4	2.411249E-1
8.783200E-2	1.060000E+0	9.015460E-3	3.471390E-4	2.412544E-1
8.840426E-2	1.070000E+0	8.625730E-3	3.725710E-4	2.413324E-1
8.831443E-2	1.080000E+0	8.919460E-3	6.993657E-5	2.414049E-1
8.901575E-2	1.090000E+0	8.759240E-3	1.392372E-4	2.416006E-1
8.862151E-2	1.100000E+0	8.857150E-3	5.861953E-4	2.416981E-1
8.851214E-2	1.110000E+0	8.501750E-3	3.121713E-4	2.414496E-1
8.846536E-2	1.120000E+0	8.574863E-3	4.316987E-4	2.424560E-1
8.837419E-2	1.130000E+0	8.736350E-3	1.303361E-4	2.424958E-1
8.896125E-2	1.140000E+0	8.613647E-3	4.450497E-4	2.425115E-1
8.904537E-2	1.150000E+0	8.721730E-3	4.959137E-5	2.426913E-1
8.877737E-2	1.160000E+0	8.613007E-3	1.475023E-4	2.443849E-1
8.972234E-2	1.170000E+0	9.075860E-3	5.118083E-4	2.442576E-1
8.855811E-2	1.180000E+0	8.977950E-3	6.173490E-4	2.442484E-1
8.808009E-2	1.190000E+0	8.522730E-3	4.361490E-4	2.443578E-1
8.857846E-2	1.200000E+0	8.676587E-3	5.435977E-4	2.442487E-1
8.817575E-2	1.210000E+0	8.979223E-3	1.742057E-4	2.455196E-1
8.865999E-2	1.220000E+0	8.915643E-3	5.677580E-4	2.454228E-1
8.812803E-2	1.230000E+0	8.819003E-3	8.328800E-5	2.445111E-1
8.918978E-2	1.240000E+0	8.628270E-3	1.608540E-4	2.441442E-1
8.890240E-2	1.250000E+0	8.897840E-3	4.673023E-4	2.437276E-1
8.777610E-2	1.260000E+0	8.647980E-3	2.651233E-4	2.431235E-1
8.840133E-2	1.270000E+0	8.955697E-3	5.054513E-4	2.431408E-1
8.898767E-2	1.280000E+0	8.576133E-3	3.185290E-4	2.428926E-1
8.881495E-2	1.290000E+0	8.752880E-3	6.256143E-4	2.428109E-1
8.886787E-2	1.300000E+0	8.623180E-3	4.444147E-4	2.437233E-1
8.889321E-2	1.310000E+0	8.887033E-3	1.169846E-4	2.433150E-1
8.798790E-2	1.320000E+0	9.066323E-3	4.755680E-4	2.435463E-1
8.891184E-2	1.330000E+0	8.705833E-3	6.472310E-4	2.433754E-1
8.840861E-2	1.340000E+0	9.049157E-3	5.760230E-4	2.433607E-1
8.879693E-2	1.350000E+0	9.113370E-3	3.274303E-4	2.434963E-1
8.909365E-2	1.360000E+0	9.003383E-3	5.779303E-4	2.435518E-1
8.852883E-2	1.370000E+0	9.032627E-3	1.824703E-4	2.435765E-1
8.869601E-2	1.380000E+0	8.631450E-3	1.430518E-4	2.437726E-1
8.893778E-2	1.390000E+0	8.718550E-3	5.550420E-4	2.438475E-1
8.865069E-2	1.400000E+0	8.886397E-3	1.837423E-4	2.440187E-1
8.867282E-2	1.410000E+0	8.948067E-3	5.321533E-4	2.438774E-1
8.880871E-2	1.420000E+0	8.934720E-3	7.820177E-5	2.439993E-1
8.830516E-2	1.430000E+0	9.093027E-3	1.735693E-4	2.441738E-1
8.889946E-2	1.440000E+0	8.960783E-3	1.436875E-4	2.442425E-1
8.850908E-2	1.450000E+0	8.726817E-3	5.722083E-4	2.443539E-1
8.853248E-2	1.460000E+0	8.661330E-3	1.754770E-4	2.439952E-1
8.912671E-2	1.470000E+0	9.021817E-3	3.064493E-4	2.443773E-1
8.797806E-2	1.480000E+0	8.625093E-3	5.010000E-4	2.443178E-1
8.833157E-2	1.490000E+0	8.845070E-3	7.693020E-5	2.443465E-1
8.854235E-2	1.500000E+0	8.607920E-3	1.811990E-4	2.442915E-1
8.841084E-2	1.510000E+0	8.653700E-3	5.588570E-4	2.434908E-1
8.840403E-2	1.520000E+0	8.610467E-3	1.290647E-4	2.431852E-1
8.891207E-2	1.530000E+0	8.543710E-3	3.236150E-4	2.433789E-1
8.894403E-2	1.540000E+0	8.853337E-3	5.493200E-4	2.435312E-1
8.862151E-2	1.550000E+0	8.942980E-3	2.301543E-4	2.440634E-1
8.862269E-2	1.560000E+0	8.797387E-3	5.016357E-4	2.440899E-1
8.852072E-2	1.570000E+0	8.860967E-3	1.735697E-4	2.443094E-1
8.828884E-2	1.580000E+0	8.571050E-3	3.388740E-4	2.440988E-1
8.776277E-2	1.590000E+0	8.817097E-3	5.849237E-4	2.437026E-1
8.896078E-2	1.600000E+0	8.584400E-3	4.908273E-4	2.434935E-1
8.865387E-2	1.610000E+0	8.906103E-3	2.237970E-4	2.432087E-1
8.844526E-2	1.620000E+0	8.583763E-3	2.638517E-4	2.430634E-1
8.877902E-2	1.630000E+0	8.960783E-3	3.465037E-4	2.429774E-1
8.880635E-2	1.640000E+0	8.763690E-3	1.525887E-4	2.430782E-1
8.922511E-2	1.650000E+0	8.824090E-3	5.346970E-4	2.431818E-1
8.827100E-2	1.660000E+0	8.756697E-3	1.697550E-4	2.433422E-1
8.878279E-2	1.670000E+0	8.998930E-3	3.738423E-4	2.436185E-1
8.846771E-2	1.680000E+0	8.682310E-3	4.100817E-4	2.434359E-1
8.858975E-2	1.690000E+0	8.956333E-3	5.130800E-4	2.435974E-1
8.868989E-2	1.700000E+0	8.892120E-3	1.951867E-4	2.437960E-1
8.825106E-2	1.710000E+0	8.665143E-3	5.232523E-4	2.436816E-1
8.845831E-2	1.720000E+0	8.825363E-3	9.600383E-5	2.444248E-1
8.896844E-2	1.730000E+0	8.664507E-3	4.641240E-4	2.436502E-1
8.832065E-2	1.740000E+0	8.727450E-3	1.837423E-4	2.438756E-1
8.847006E-2	1.750000E+0	8.573593E-3	4.774747E-4	2.443294E-1
8.808220E-2	1.760000E+0	8.944890E-3	5.257960E-4	2.441186E-1
8.878409E-2	1.770000E+0	8.622550E-3	2.594007E-4	2.440517E-1
8.875641E-2	1.780000E+0	8.785310E-3	5.537707E-4	2.441836E-1
8.874122E-2	1.790000E+0	8.866687E-3	1.703907E-4	2.444719E-1
8.893153E-2	1.800000E+0	8.806290E-3	5.118080E-4	2.449702E-1
9.041708E-2	1.810000E+0	8.824727E-3	1.366940E-4	2.449175E-1
8.829377E-2	1.820000E+0	8.831080E-3	5.137160E-4	2.459195E-1
8.858128E-2	1.830000E+0	8.884490E-3	1.309721E-4	2.462347E-1
8.845901E-2	1.840000E+0	8.887667E-3	5.270670E-4	2.465038E-1
8.812088E-2	1.850000E+0	8.840620E-3	1.640330E-4	2.465763E-1
8.840720E-2	1.860000E+0	8.988757E-3	5.156230E-4	2.458971E-1
8.846924E-2	1.870000E+0	8.952520E-3	1.583110E-4	2.459961E-1
8.861716E-2	1.880000E+0	8.609830E-3	3.458677E-4	2.455462E-1
8.906732E-2	1.890000E+0	8.862237E-3	5.531350E-4	2.458187E-1
8.886728E-2	1.900000E+0	8.723637E-3	6.167137E-5	2.464379E-1
8.838148E-2	1.910000E+0	8.551340E-3	1.729340E-4	2.466395E-1
8.839733E-2	1.920000E+0	8.908650E-3	4.005450E-4	2.467737E-1
8.966625E-2	1.930000E+0	8.726813E-3	1.201636E-4	2.469953E-1
8.803276E-2	1.940000E+0	8.576767E-3	4.819260E-4	2.468054E-1
8.881366E-2	1.950000E+0	8.935353E-3	4.418707E-4	2.466768E-1
8.857222E-2	1.960000E+0	8.725547E-3	1.347866E-4	2.467956E-1
8.742345E-2	1.970000E+0	8.578040E-3	4.596730E-4	2.469685E-1
8.906957E-2	1.980000E+0	8.953790E-3	4.539517E-4	2.470959E-1
8.899628E-2	1.990000E+0	8.763690E-3	1.564037E-4	2.470613E-1
8.836057E-2	2.000000E+0	8.600293E-3	4.736600E-4	2.469152E-1
8.756533E-2	2.010000E+0	8.895933E-3	5.397833E-4	2.469571E-1
8.934582E-2	2.020000E+0	8.554520E-3	4.692103E-4	2.467403E-1
8.838617E-2	2.030000E+0	8.735717E-3	1.258855E-4	2.466808E-1
8.830563E-2	2.040000E+0	8.857150E-3	5.149877E-4	2.470869E-1
8.902566E-2	2.050000E+0	8.860330E-3	2.396913E-4	2.471831E-1
8.842870E-2	2.060000E+0	8.610467E-3	5.353333E-4	2.471813E-1
8.535844E-2	2.070000E+0	8.924547E-3	4.564940E-4	2.476913E-1
8.853166E-2	2.080000E+0	8.567870E-3	3.865577E-4	2.476614E-1
8.834542E-2	2.090000E+0	8.789757E-3	5.474123E-4	2.477203E-1
8.776616E-2	2.100000E+0	8.622547E-3	1.964580E-4	2.481702E-1
8.878586E-2	2.110000E+0	8.641620E-3	5.226173E-4	2.478368E-1
8.848828E-2	2.120000E+0	8.901653E-3	3.693917E-4	2.479379E-1
8.853154E-2	2.130000E+0	8.612377E-3	1.907357E-4	2.481501E-1
8.842752E-2	2.140000E+0	8.646707E-3	5.321540E-4	2.477659E-1
8.882497E-2	2.150000E+0	8.906743E-3	4.107177E-4	2.476080E-1
8.853166E-2	2.160000E+0	8.532267E-3	3.159860E-4	2.478306E-1
8.845067E-2	2.170000E+0	8.925180E-3	2.835610E-4	2.474307E-1
9.061737E-2	2.180000E+0	8.684853E-3	1.506813E-4	2.474856E-1
8.859798E-2	2.190000E+0	8.805017E-3	5.041790E-4	2.473993E-1
8.869530E-2	2.200000E+0	8.568507E-3	2.288830E-4	2.471865E-1
8.903569E-2	2.210000E+0	8.587580E-3	5.245240E-4	2.470151E-1
8.813870E-2	2.220000E+0	8.726177E-3	1.379659E-4	2.471076E-1
8.849862E-2	2.230000E+0	8.450883E-3	4.247047E-4	2.471359E-1
8.996557E-2	2.240000E+0	8.756697E-3	2.034517E-4	2.462322E-1
8.813448E-2	2.250000E+0	8.772593E-3	5.594927E-4	2.463771E-1
8.887623E-2	2.260000E+0	8.915640E-3	3.198007E-4	2.466287E-1
8.916190E-2	2.270000E+0	8.724273E-3	5.690293E-4	2.469038E-1
8.826924E-2	2.280000E+0	8.935987E-3	3.096280E-4	2.468381E-1
8.836938E-2	2.290000E+0	8.595210E-3	4.227973E-4	2.468816E-1
8.893955E-2	2.300000E+0	8.907380E-3	2.326977E-4	2.469053E-1
8.840262E-2	2.310000E+0	8.595847E-3	4.450497E-4	2.473277E-1
8.828849E-2	2.320000E+0	8.857150E-3	1.799277E-4	2.469753E-1
8.858893E-2	2.330000E+0	8.570410E-3	3.433243E-4	2.470413E-1
9.044438E-2	2.340000E+0	8.978587E-3	4.533150E-4	2.472143E-1
8.786897E-2	2.350000E+0	8.595847E-3	3.484110E-4	2.476700E-1
8.900277E-2	2.360000E+0	8.853973E-3	1.672120E-4	2.477825E-1
8.918884E-2	2.370000E+0	8.675953E-3	5.200737E-4	2.477862E-1
8.831349E-2	2.380000E+0	8.904197E-3	3.166217E-4	2.480338E-1
8.816883E-2	2.390000E+0	8.569777E-3	1.818347E-4	2.479383E-1
8.888130E-2	2.400000E+0	8.625093E-3	5.397830E-4	2.479164E-1
8.812357E-2	2.410000E+0	8.897843E-3	3.821077E-4	2.472324E-1
8.842741E-2	2.420000E+0	8.443260E-3	3.732067E-4	2.471350E-1
8.873097E-2	2.430000E+0	8.656243E-3	1.220708E-4	2.474785E-1
8.789740E-2	2.440000E+0	8.469960E-3	3.395100E-4	2.473925E-1
8.857869E-2	2.450000E+0	8.882583E-3	3.007273E-4	2.475575E-1
8.861116E-2	2.460000E+0	8.832993E-3	6.001830E-4	2.477039E-1
8.809685E-2	2.470000E+0	8.478223E-3	4.189830E-4	2.476293E-1
8.867988E-2	2.480000E+0	8.894663E-3	3.039060E-4	2.474560E-1
8.739616E-2	2.490000E+0	8.841890E-3	5.378760E-4	2.479185E-1
8.818642E-2	2.500000E+0	8.482677E-3	3.026347E-4	2.479620E-1
8.743173E-2	2.510000E+0	8.692483E-3	5.582210E-4	2.478741E-1
8.886091E-2	2.520000E+0	8.838713E-3	2.155313E-4	2.479650E-1
8.835306E-2	2.530000E+0	8.482673E-3	3.643053E-4	2.481877E-1
8.863469E-2	2.540000E+0	8.840620E-3	2.689377E-4	2.482059E-1
8.828579E-2	2.550000E+0	8.537990E-3	4.647597E-4	2.483724E-1
8.862645E-2	2.560000E+0	8.825363E-3	2.415990E-4	2.486012E-1
8.849709E-2	2.570000E+0	8.621273E-3	5.035433E-4	2.487340E-1
8.815734E-2	2.580000E+0	8.923907E-3	4.202543E-4	2.487822E-1
8.830891E-2	2.590000E+0	8.519550E-3	2.943693E-4	2.487427E-1
8.861657E-2	2.600000E+0	8.886393E-3	3.910083E-4	2.483970E-1
8.828380E-2	2.610000E+0	8.661330E-3	2.288833E-4	2.484301E-1
8.874381E-2	2.620000E+0	8.800567E-3	4.844697E-4	2.484334E-1
8.833897E-2	2.630000E+0	8.786580E-3	1.761127E-4	2.479706E-1
8.953200E-2	2.640000E+0	8.489670E-3	5.321540E-4	2.480141E-1
8.809310E-2	2.650000E+0	8.848247E-3	5.569497E-4	2.479293E-1
8.840955E-2	2.660000E+0	8.494757E-3	4.762037E-4	2.477403E-1
8.874404E-2	2.670000E+0	8.400660E-3	3.089923E-4	2.477600E-1
9.067921E-2	2.680000E+0	8.724910E-3	5.372403E-4	2.481837E-1
8.821316E-2	2.690000E+0	8.583130E-3	2.148960E-4	2.483776E-1
8.961801E-2	2.700000E+0	8.743983E-3	5.442340E-4	2.480813E-1
8.891042E-2	2.710000E+0	8.620003E-3	1.595823E-4	2.479743E-1
8.805197E-2	2.720000E+0	8.951250E-3	3.293373E-4	2.480104E-1
8.877066E-2	2.730000E+0	8.730633E-3	5.683937E-4	2.477776E-1
8.842306E-2	2.740000E+0	8.867323E-3	2.505007E-4	2.479962E-1
8.562478E-2	2.750000E+0	8.571687E-3	1.869210E-4	2.480542E-1
8.891172E-2	2.760000E+0	8.861600E-3	4.056313E-4	2.481159E-1
8.877125E-2	2.770000E+0	8.746523E-3	1.538603E-4	2.479925E-1
8.787938E-2	2.780000E+0	8.735077E-3	5.366043E-4	2.479351E-1
8.866458E-2	2.790000E+0	8.923907E-3	3.159860E-4	2.480529E-1
8.813072E-2	2.800000E+0	8.598387E-3	4.552220E-4	2.482358E-1
8.832922E-2	2.810000E+0	8.884487E-3	4.609447E-4	2.483831E-1
8.886350E-2	2.820000E+0	8.498570E-3	3.007270E-4	2.482090E-1
8.660099E-2	2.830000E+0	8.855880E-3	4.933707E-4	2.485068E-1
8.866317E-2	2.840000E+0	8.718550E-3	1.608543E-4	2.486801E-1
8.899864E-2	2.850000E+0	8.467417E-3	3.433247E-4	2.487726E-1
8.807376E-2	2.860000E+0	8.838713E-3	3.318807E-4	2.486977E-1
8.615733E-2	2.870000E+0	8.465510E-3	3.763853E-4	2.490754E-1
9.049184E-2	2.880000E+0	8.806923E-3	2.034517E-4	2.493008E-1
8.863045E-2	2.890000E+0	8.476950E-3	1.831063E-4	2.490452E-1
8.785189E-2	2.900000E+0	8.805650E-3	2.422347E-4	2.489160E-1
8.904714E-2	2.910000E+0	8.481403E-3	4.145323E-4	2.486733E-1
8.847582E-2	2.920000E+0	8.754787E-3	1.913717E-4	2.488728E-1
8.873616E-2	2.930000E+0	8.443890E-3	3.058133E-4	2.489191E-1
9.105951E-2	2.940000E+0	8.633993E-3	5.658503E-4	2.493652E-1
9.001120E-2	2.950000E+0	8.551340E-3	1.729337E-4	2.497651E-1
8.813002E-2	2.960000E+0	8.419093E-3	4.564940E-4	2.498857E-1
8.867659E-2	2.970000E+0	8.601567E-3	1.538600E-4	2.500630E-1
8.881708E-2	2.980000E+0	8.810740E-3	4.768400E-4	2.501241E-1
8.834343E-2	2.990000E+0	8.838717E-3	2.307903E-4	2.502033E-1
8.840567E-2	3.000000E+0	8.512557E-3	5.092653E-4	2.497313E-1
3.124826E-2	3.010000E+0	8.443257E-3	1.786560E-4	2.564990E-1
1.042700E-1	3.020000E+0	7.873597E-3	4.215260E-4	2.549727E-1
8.144907E-2	3.030000E+0	8.132360E-3	5.486843E-4	2.542583E-1
1.024465E-1	3.040000E+0	8.537353E-3	2.765673E-4	2.535019E-1
9.456304E-2	3.050000E+0	8.321823E-3	1.614900E-4	2.530532E-1
9.408933E-2	3.060000E+0	8.581853E-3	4.177113E-4	2.527696E-1
9.399099E-2	3.070000E+0	8.553883E-3	1.481380E-4	2.526789E-1
9.245574E-2	3.080000E+0	8.465510E-3	5.086293E-4	2.527110E-1
9.295447E-2	3.090000E+0	8.633990E-3	2.746600E-4	2.528991E-1
9.247848E-2	3.100000E+0	8.292573E-3	2.059950E-4	2.528127E-1
9.199915E-2	3.110000E+0	8.435627E-3	5.003640E-4	2.525858E-1
9.254745E-2	3.120000E+0	8.646707E-3	2.574940E-4	2.526123E-1
9.108742E-2	3.130000E+0	8.286853E-3	2.009087E-4	2.533224E-1
9.197251E-2	3.140000E+0	8.344073E-3	5.003643E-4	2.534454E-1
9.197745E-2	3.150000E+0	8.458517E-3	1.506813E-4	2.531260E-1
9.125917E-2	3.160000E+0	8.288760E-3	4.227977E-4	2.531446E-1
9.177412E-2	3.170000E+0	8.632720E-3	4.386920E-4	2.531939E-1
9.167737E-2	3.180000E+0	8.513193E-3	1.386015E-4	2.534562E-1
9.103532E-2	3.190000E+0	8.281133E-3	3.350597E-4	2.535595E-1
9.136978E-2	3.200000E+0	8.677863E-3	2.905547E-4	2.534732E-1
9.132262E-2	3.210000E+0	8.485853E-3	5.588570E-4	2.539089E-1
9.138622E-2	3.220000E+0	8.421640E-3	1.627613E-4	2.537714E-1
9.156135E-2	3.230000E+0	8.301477E-3	3.960947E-4	2.539123E-1
9.157493E-2	3.240000E+0	8.650520E-3	2.346050E-4	2.532302E-1
9.108251E-2	3.250000E+0	8.351067E-3	4.342417E-4	2.532157E-1
9.089878E-2	3.260000E+0	8.630177E-3	2.505000E-4	2.529500E-1
9.112875E-2	3.270000E+0	8.363147E-3	4.806540E-4	2.529990E-1
9.106334E-2	3.280000E+0	8.620003E-3	2.009090E-4	2.528007E-1
9.080778E-2	3.290000E+0	8.382860E-3	4.933707E-4	2.530431E-1
9.077300E-2	3.300000E+0	8.631450E-3	2.276117E-4	2.532404E-1
9.075686E-2	3.310000E+0	8.459783E-3	5.334250E-4	2.528161E-1
9.087354E-2	3.320000E+0	8.629543E-3	1.862850E-4	2.529253E-1
9.095297E-2	3.330000E+0	8.444523E-3	4.641243E-4	2.529533E-1
9.062417E-2	3.340000E+0	8.619370E-3	1.532243E-4	2.529219E-1
9.082870E-2	3.350000E+0	8.457247E-3	4.971850E-4	2.528750E-1
9.075639E-2	3.360000E+0	8.510013E-3	1.595823E-4	2.534381E-1
9.097439E-2	3.370000E+0	8.346617E-3	3.630337E-4	2.537177E-1
9.093084E-2	3.380000E+0	8.696297E-3	2.880117E-4	2.535975E-1
9.070119E-2	3.390000E+0	8.314827E-3	3.795643E-4	2.535179E-1
9.054779E-2	3.400000E+0	8.539897E-3	1.373297E-4	2.532984E-1
9.045237E-2	3.410000E+0	8.553883E-3	5.035433E-4	2.535124E-1
9.014807E-2	3.420000E+0	8.504927E-3	1.392373E-4	2.531963E-1
9.026137E-2	3.430000E+0	8.506833E-3	5.073580E-4	2.536113E-1
9.015200E-2	3.440000E+0	8.291940E-3	2.975483E-4	2.533859E-1
9.014843E-2	3.450000E+0	8.698207E-3	2.950053E-4	2.536998E-1
9.045368E-2	3.460000E+0	8.414010E-3	1.602183E-4	2.534769E-1
9.006612E-2	3.470000E+0	8.427997E-3	5.118083E-4	2.535941E-1
9.005483E-2	3.480000E+0	8.718547E-3	3.757497E-4	2.538867E-1
9.009538E-2	3.490000E+0	8.341533E-3	3.331523E-4	2.537483E-1
9.003735E-2	3.500000E+0	8.715370E-3	3.833790E-4	2.538367E-1
9.008301E-2	3.510000E+0	8.450883E-3	5.022713E-4	2.539203E-1
9.056223E-2	3.520000E+0	8.665780E-3	1.487740E-4	2.538015E-1
9.054707E-2	3.530000E+0	8.768777E-3	4.361487E-4	2.537797E-1
9.051462E-2	3.540000E+0	8.630173E-3	1.519530E-4	2.536554E-1
9.048803E-2	3.550000E+0	8.548800E-3	5.448693E-4	2.533147E-1
9.088143E-2	3.560000E+0	8.580587E-3	1.386017E-4	2.532672E-1
9.058215E-2	3.570000E+0	8.728723E-3	4.170757E-4	2.531720E-1
9.030961E-2	3.580000E+0	8.396843E-3	4.800187E-4	2.530527E-1
9.027090E-2	3.590000E+0	8.683580E-3	2.117170E-4	2.532241E-1
9.017496E-2	3.600000E+0	8.401293E-3	4.679387E-4	2.534044E-1
8.998019E-2	3.610000E+0	8.634627E-3	2.263400E-4	2.534890E-1
8.999053E-2	3.620000E+0	8.453427E-3	4.812900E-4	2.534933E-1
8.993516E-2	3.630000E+0	8.646070E-3	1.710267E-4	2.531248E-1
9.000027E-2	3.640000E+0	8.635897E-3	5.346970E-4	2.533986E-1
9.012571E-2	3.650000E+0	8.377770E-3	2.059943E-4	2.533477E-1
9.011191E-2	3.660000E+0	8.609197E-3	4.901917E-4	2.535552E-1
9.017163E-2	3.670000E+0	8.344073E-3	2.816537E-4	2.537205E-1
9.015259E-2	3.680000E+0	8.438167E-3	5.238880E-4	2.531470E-1
8.999718E-2	3.690000E+0	8.525907E-3	1.252498E-4	2.530351E-1
9.027959E-2	3.700000E+0	8.483947E-3	5.086297E-4	2.530239E-1
8.997472E-2	3.710000E+0	8.462327E-3	1.570390E-4	2.537856E-1
9.006850E-2	3.720000E+0	8.354883E-3	4.634873E-4	2.536733E-1
9.025364E-2	3.730000E+0	8.670867E-3	5.003647E-4	2.540668E-1
9.005804E-2	3.740000E+0	8.337717E-3	2.435063E-4	2.540646E-1
9.001893E-2	3.750000E+0	8.721093E-3	2.136243E-4	2.540529E-1
9.028912E-2	3.760000E+0	8.571047E-3	5.620357E-4	2.540060E-1
8.997555E-2	3.770000E+0	8.455337E-3	1.684837E-4	2.539545E-1
9.018305E-2	3.780000E+0	8.632083E-3	4.736607E-4	2.542132E-1
8.997246E-2	3.790000E+0	8.244257E-3	4.297910E-4	2.542681E-1
9.020935E-2	3.800000E+0	8.351703E-3	5.245240E-4	2.542104E-1
9.013974E-2	3.810000E+0	8.592027E-3	1.881923E-4	2.542570E-1
9.015687E-2	3.820000E+0	8.421643E-3	5.016357E-4	2.543134E-1
8.993124E-2	3.830000E+0	8.510650E-3	1.462307E-4	2.540393E-1
8.978035E-2	3.840000E+0	8.325637E-3	4.069030E-4	2.544713E-1
9.019317E-2	3.850000E+0	8.651160E-3	4.812903E-4	2.551601E-1
8.969234E-2	3.860000E+0	8.627633E-3	1.659400E-4	2.552456E-1
8.969258E-2	3.870000E+0	8.436263E-3	4.959137E-4	2.553994E-1
8.977632E-2	3.880000E+0	8.588850E-3	1.799273E-4	2.551099E-1
8.955936E-2	3.890000E+0	8.461693E-3	5.327897E-4	2.546471E-1
8.979827E-2	3.900000E+0	8.529087E-3	1.513167E-4	2.547426E-1
8.987590E-2	3.910000E+0	8.571050E-3	5.156233E-4	2.548450E-1
8.964978E-2	3.920000E+0	8.681040E-3	2.524077E-4	2.548290E-1
8.967194E-2	3.930000E+0	8.317367E-3	3.897370E-4	2.548644E-1
8.969341E-2	3.940000E+0	8.650520E-3	2.231610E-4	2.548339E-1
8.947244E-2	3.950000E+0	8.311647E-3	4.113533E-4	2.547152E-1
8.934275E-2	3.960000E+0	8.487127E-3	1.195276E-4	2.546245E-1
8.950464E-2	3.970000E+0	8.709017E-3	3.871937E-4	2.547704E-1
8.957132E-2	3.980000E+0	8.316733E-3	3.878297E-4	2.549357E-1
8.933695E-2	3.990000E+0	8.605383E-3	5.181660E-4	2.550383E-1
8.929793E-2	4.000000E+0	8.611103E-3	1.805633E-4	2.551691E-1
8.924355E-2	4.010000E+0	8.323733E-3	4.927350E-4	2.553577E-1
8.956268E-2	4.020000E+0	8.354883E-3	1.640330E-4	2.553535E-1
8.943184E-2	4.030000E+0	8.573593E-3	5.130807E-4	2.556609E-1
8.958874E-2	4.040000E+0	8.300840E-3	4.145323E-4	2.555943E-1
8.937054E-2	4.050000E+0	8.614920E-3	5.029073E-4	2.548518E-1
8.952785E-2	4.060000E+0	8.349163E-3	2.142597E-4	2.550802E-1
8.965487E-2	4.070000E+0	8.653700E-3	3.884653E-4	2.553152E-1
8.955190E-2	4.080000E+0	8.462330E-3	1.138059E-4	2.553322E-1
8.994086E-2	4.090000E+0	8.350433E-3	2.524073E-4	2.559926E-1
8.988955E-2	4.100000E+0	8.613647E-3	5.022723E-4	2.559023E-1
8.967550E-2	4.110000E+0	8.314830E-3	5.010000E-4	2.561810E-1
8.986070E-2	4.120000E+0	8.633353E-3	4.043597E-4	2.561157E-1
8.972875E-2	4.130000E+0	8.330087E-3	1.881927E-4	2.559929E-1
8.946983E-2	4.140000E+0	8.623817E-3	4.151680E-4	2.561607E-1
8.944107E-2	4.150000E+0	8.298933E-3	3.560403E-4	2.561453E-1
8.953650E-2	4.160000E+0	8.555790E-3	5.448693E-4	2.570376E-1
8.959668E-2	4.170000E+0	8.642257E-3	2.574933E-4	2.572460E-1
8.966175E-2	4.180000E+0	8.373957E-3	5.092650E-4	2.572081E-1
8.978237E-2	4.190000E+0	8.656243E-3	3.700273E-4	2.574477E-1
8.955818E-2	4.200000E+0	8.299567E-3	2.129883E-4	2.580566E-1
8.953981E-2	4.210000E+0	8.616827E-3	3.878293E-4	2.581541E-1
8.937646E-2	4.220000E+0	8.269053E-3	3.884650E-4	2.574372E-1
8.942521E-2	4.230000E+0	8.567237E-3	5.067220E-4	2.578371E-1
8.934487E-2	4.240000E+0	8.443890E-3	1.392370E-4	2.568881E-1
8.946450E-2	4.250000E+0	8.564053E-3	4.819260E-4	2.571905E-1
8.971463E-2	4.260000E+0	8.302750E-3	2.199820E-4	2.573351E-1
8.971724E-2	4.270000E+0	8.424183E-3	5.404193E-4	2.572651E-1
8.979839E-2	4.280000E+0	8.688030E-3	3.693917E-4	2.573148E-1
8.950914E-2	4.290000E+0	8.323097E-3	4.227973E-4	2.575152E-1
8.963994E-2	4.300000E+0	8.696297E-3	3.604907E-4	2.569556E-1
8.948842E-2	4.310000E+0	8.309743E-3	4.081747E-4	2.567653E-1
8.938273E-2	4.320000E+0	8.690577E-3	2.555863E-4	2.570404E-1
8.935126E-2	4.330000E+0	8.459787E-3	4.914633E-4	2.572479E-1
8.902731E-2	4.340000E+0	8.486490E-3	1.379657E-4	2.571804E-1
8.943775E-2	4.350000E+0	8.460423E-3	5.016357E-4	2.569395E-1
8.964089E-2	4.360000E+0	8.269687E-3	2.295183E-4	2.569275E-1
8.982829E-2	4.370000E+0	8.669593E-3	3.261583E-4	2.570493E-1
8.945172E-2	4.380000E+0	8.466143E-3	1.207994E-4	2.568748E-1
8.955652E-2	4.390000E+0	8.499207E-3	5.022713E-4	2.569247E-1
8.945811E-2	4.400000E+0	8.417190E-3	1.379660E-4	2.571655E-1
8.933009E-2	4.410000E+0	8.647980E-3	3.172577E-4	2.570879E-1
8.908349E-2	4.420000E+0	8.267143E-3	3.185290E-4	2.573314E-1
8.916143E-2	4.430000E+0	8.637807E-3	3.433247E-4	2.583634E-1
8.946936E-2	4.440000E+0	8.264600E-3	3.515900E-4	2.585756E-1
8.954621E-2	4.450000E+0	8.501113E-3	1.163489E-4	2.587846E-1
8.962714E-2	4.460000E+0	8.405110E-3	4.742967E-4	2.591824E-1
8.933991E-2	4.470000E+0	8.470593E-3	1.602180E-4	2.592145E-1
8.908137E-2	4.480000E+0	8.533537E-3	4.488643E-4	2.586530E-1
8.936794E-2	4.490000E+0	8.275410E-3	2.339690E-4	2.583554E-1
8.965191E-2	4.500000E+0	8.602837E-3	4.151680E-4	2.587399E-1
8.982402E-2	4.510000E+0	8.248707E-3	3.649413E-4	2.585978E-1
8.956197E-2	4.520000E+0	8.453430E-3	5.391473E-4	2.585907E-1
8.915434E-2	4.530000E+0	8.410830E-3	1.595823E-4	2.585919E-1
8.914253E-2	4.540000E+0	8.497300E-3	5.099013E-4	2.584689E-1
8.950002E-2	4.550000E+0	8.393663E-3	1.710263E-4	2.582105E-1
8.939018E-2	4.560000E+0	8.515737E-3	5.029073E-4	2.584183E-1
8.975508E-2	4.570000E+0	8.344710E-3	1.379660E-4	2.591109E-1
8.983328E-2	4.580000E+0	8.649883E-3	3.070850E-4	2.584079E-1
8.951968E-2	4.590000E+0	8.300840E-3	3.662127E-4	2.579568E-1
8.931105E-2	4.600000E+0	8.642257E-3	3.204367E-4	2.579583E-1
8.926660E-2	4.610000E+0	8.297663E-3	4.043597E-4	2.579497E-1
8.880435E-2	4.620000E+0	8.616827E-3	2.206177E-4	2.578670E-1
8.892316E-2	4.630000E+0	8.294483E-3	2.581293E-4	2.578263E-1
8.927085E-2	4.640000E+0	8.376500E-3	5.327890E-4	2.580517E-1
8.936214E-2	4.650000E+0	8.282400E-3	1.970933E-4	2.581618E-1
8.944580E-2	4.660000E+0	8.606017E-3	3.935513E-4	2.581060E-1
8.955853E-2	4.670000E+0	8.292577E-3	2.460493E-4	2.582207E-1
8.939917E-2	4.680000E+0	8.679767E-3	3.687557E-4	2.583283E-1
8.920266E-2	4.690000E+0	8.322460E-3	2.835607E-4	2.581775E-1
8.913013E-2	4.700000E+0	8.643527E-3	3.929157E-4	2.583502E-1
8.907547E-2	4.710000E+0	8.280497E-3	3.693920E-4	2.581652E-1
8.969424E-2	4.720000E+0	8.569777E-3	5.200737E-4	2.579462E-1
8.957156E-2	4.730000E+0	8.631450E-3	2.091737E-4	2.578806E-1
8.930467E-2	4.740000E+0	8.363147E-3	4.755683E-4	2.578661E-1
8.962121E-2	4.750000E+0	8.574230E-3	1.926433E-4	2.577418E-1
8.911100E-2	4.760000E+0	8.479493E-3	5.423263E-4	2.575090E-1
8.912163E-2	4.770000E+0	8.288127E-3	2.314263E-4	2.576888E-1
8.887765E-2	4.780000E+0	8.421003E-3	5.111727E-4	2.576151E-1
8.905162E-2	4.790000E+0	8.752880E-3	2.530433E-4	2.575929E-1
8.909683E-2	4.800000E+0	8.333903E-3	3.223440E-4	2.577425E-1
8.911254E-2	4.810000E+0	8.629540E-3	2.180743E-4	2.578575E-1
8.943752E-2	4.820000E+0	8.297660E-3	2.269757E-4	2.575840E-1
8.939160E-2	4.830000E+0	8.436263E-3	5.461413E-4	2.568480E-1
8.911525E-2	4.840000E+0	8.679130E-3	3.496823E-4	2.566608E-1
8.947528E-2	4.850000E+0	8.507470E-3	5.626717E-4	2.569072E-1
8.921779E-2	4.860000E+0	8.630813E-3	2.600367E-4	2.572396E-1
8.917820E-2	4.870000E+0	8.227087E-3	4.564937E-4	2.571206E-1
8.933447E-2	4.880000E+0	8.457880E-3	1.494100E-4	2.574128E-1
8.877796E-2	4.890000E+0	8.663237E-3	3.592193E-4	2.576012E-1
8.899900E-2	4.900000E+0	8.185130E-3	3.681203E-4	2.575873E-1
8.969708E-2	4.910000E+0	8.244253E-3	4.736607E-4	2.575127E-1
8.944462E-2	4.920000E+0	8.580587E-3	2.435060E-4	2.576728E-1
8.904218E-2	4.930000E+0	8.328180E-3	4.641240E-4	2.579228E-1
8.989739E-2	4.940000E+0	8.530993E-3	1.532247E-4	2.578208E-1
8.909341E-2	4.950000E+0	8.285580E-3	3.395097E-4	2.578778E-1
8.897057E-2	4.960000E+0	8.583127E-3	5.175303E-4	2.571273E-1
8.922417E-2	4.970000E+0	8.618097E-3	2.117170E-4	2.572704E-1
8.931886E-2	4.980000E+0	8.406380E-3	6.084480E-4	2.572562E-1
8.942734E-2	4.990000E+0	8.587580E-3	5.531347E-4	2.581603E-1
8.909896E-2	5.000000E+0	8.632720E-3	1.672120E-4	2.582228E-1
8.946794E-2	5.000000E+0	8.635900E-3	5.385117E-4	2.585130E-1
8.866599E-2	4.990000E+0	8.660693E-3	4.971853E-4	2.585722E-1
8.892375E-2	4.980000E+0	8.354250E-3	1.544960E-4	2.583206E-1
8.899664E-2	4.970000E+0	8.552613E-3	5.944607E-4	2.581476E-1
8.915470E-2	4.960000E+0	8.720457E-3	3.007273E-4	2.581143E-1
8.911443E-2	4.950000E+0	8.235990E-3	3.401460E-4	2.579752E-1
8.939314E-2	4.940000E+0	8.646070E-3	4.151683E-4	2.580801E-1
8.909861E-2	4.930000E+0	8.228360E-3	1.964580E-4	2.571637E-1
8.904584E-2	4.920000E+0	8.542440E-3	5.493200E-4	2.573077E-1
8.875688E-2	4.910000E+0	8.681040E-3	2.212533E-4	2.573416E-1
8.879504E-2	4.900000E+0	8.266510E-3	3.789287E-4	2.571896E-1
8.885148E-2	4.890000E+0	8.682310E-3	3.668487E-4	2.571079E-1
8.896313E-2	4.880000E+0	8.199750E-3	2.371480E-4	2.573595E-1
8.912517E-2	4.870000E+0	8.344077E-3	6.205277E-4	2.573092E-1
8.955178E-2	4.860000E+0	8.684853E-3	4.469573E-4	2.574520E-1
8.963200E-2	4.850000E+0	8.285583E-3	2.034520E-4	2.573465E-1
8.939018E-2	4.840000E+0	8.635900E-3	5.639433E-4	2.577727E-1
8.900018E-2	4.830000E+0	8.686123E-3	2.206180E-4	2.577853E-1
8.889958E-2	4.820000E+0	8.222640E-3	4.501363E-4	2.573259E-1
8.904596E-2	4.810000E+0	8.542437E-3	6.122627E-4	2.569022E-1
8.934759E-2	4.800000E+0	8.435627E-3	9.663963E-5	2.572806E-1
8.963389E-2	4.790000E+0	8.350433E-3	5.531347E-4	2.569605E-1
8.946758E-2	4.780000E+0	8.647977E-3	1.799277E-4	2.569898E-1
8.905363E-2	4.770000E+0	8.292573E-3	4.399637E-4	2.567977E-1
8.879233E-2	4.760000E+0	8.739533E-3	2.619440E-4	2.561169E-1
8.876159E-2	4.750000E+0	8.382223E-3	3.051775E-5	2.562341E-1
8.915364E-2	4.740000E+0	8.239170E-3	3.922800E-4	2.563676E-1
8.940509E-2	4.730000E+0	8.668323E-3	3.376027E-4	2.566340E-1
8.948581E-2	4.720000E+0	8.303383E-3	5.594927E-4	2.564881E-1
8.898531E-2	4.710000E+0	8.703923E-3	6.186203E-4	2.571874E-1
8.880576E-2	4.700000E+0	8.778950E-3	4.018167E-4	2.574045E-1
8.892186E-2	4.690000E+0	8.241080E-3	2.695737E-4	2.573157E-1
8.916580E-2	4.680000E+0	8.302113E-3	6.561313E-4	2.573197E-1
8.957796E-2	4.670000E+0	8.557700E-3	7.063583E-4	2.572775E-1
8.951885E-2	4.660000E+0	8.730633E-3	2.587653E-4	2.573506E-1
8.893790E-2	4.650000E+0	8.408923E-3	8.328820E-5	2.568550E-1
8.896632E-2	4.640000E+0	8.432447E-3	5.830167E-4	2.568973E-1
8.862645E-2	4.630000E+0	8.221367E-3	3.795643E-4	2.571196E-1
8.919652E-2	4.620000E+0	8.573590E-3	3.369670E-5	2.572180E-1
8.923870E-2	4.610000E+0	8.201023E-3	2.066307E-4	2.569173E-1
8.940474E-2	4.600000E+0	8.368873E-3	5.556780E-4	2.569198E-1
8.910451E-2	4.590000E+0	8.584403E-3	9.791100E-5	2.569741E-1
8.895169E-2	4.580000E+0	8.248707E-3	1.646687E-4	2.571061E-1
8.879540E-2	4.570000E+0	8.664510E-3	5.022713E-4	2.574564E-1
8.911797E-2	4.560000E+0	8.691847E-3	1.691190E-4	2.579694E-1
8.921991E-2	4.550000E+0	8.268417E-3	3.967303E-4	2.578090E-1
8.939136E-2	4.540000E+0	8.726817E-3	2.784743E-4	2.578338E-1
8.911502E-2	4.530000E+0	8.462967E-3	7.565880E-5	2.573928E-1
8.902956E-2	4.520000E+0	8.450250E-3	5.588570E-4	2.573416E-1
8.869283E-2	4.510000E+0	8.590757E-3	1.678480E-4	2.572139E-1
8.879728E-2	4.500000E+0	8.324367E-3	4.819257E-4	2.568646E-1
8.918187E-2	4.490000E+0	8.735083E-3	2.530437E-4	2.565998E-1
8.929698E-2	4.480000E+0	8.253793E-3	3.592193E-4	2.564823E-1
8.926541E-2	4.470000E+0	8.522093E-3	6.542243E-4	2.563537E-1
8.889262E-2	4.460000E+0	8.752880E-3	2.625803E-4	2.565276E-1
8.875511E-2	4.450000E+0	8.216280E-3	3.032700E-4	2.562356E-1
8.914301E-2	4.440000E+0	8.462330E-3	6.039977E-4	2.560207E-1
8.900891E-2	4.430000E+0	8.803110E-3	3.077207E-4	2.559291E-1
8.940213E-2	4.420000E+0	8.454700E-3	-3.814717E-6	2.557413E-1
8.926695E-2	4.410000E+0	8.178137E-3	3.789287E-4	2.557756E-1
8.865105E-2	4.400000E+0	8.557060E-3	6.357867E-4	2.558736E-1
8.892563E-2	4.390000E+0	8.775770E-3	2.237967E-4	2.552887E-1
8.921542E-2	4.380000E+0	8.336447E-3	5.976412E-5	2.551675E-1
8.927322E-2	4.370000E+0	8.441983E-3	5.671223E-4	2.551719E-1
8.914041E-2	4.360000E+0	8.508107E-3	1.303363E-4	2.550167E-1
8.875370E-2	4.350000E+0	8.359967E-3	5.861953E-4	2.546881E-1
8.867200E-2	4.340000E+0	8.686123E-3	4.863770E-4	2.544330E-1
8.877620E-2	4.330000E+0	8.335810E-3	1.926430E-4	2.543621E-1
8.911018E-2	4.320000E+0	8.616823E-3	5.881030E-4	2.544358E-1
8.934464E-2	4.310000E+0	8.731900E-3	2.479570E-4	2.546994E-1
8.886586E-2	4.300000E+0	8.276680E-3	3.350597E-4	2.550621E-1
8.861069E-2	4.290000E+0	8.624457E-3	8.710273E-5	2.552844E-1
8.894426E-2	4.280000E+0	8.228997E-3	1.722983E-4	2.550874E-1
8.915009E-2	4.270000E+0	8.308470E-3	6.529527E-4	2.550430E-1
8.927144E-2	4.260000E+0	8.493480E-3	6.682117E-4	2.548000E-1
8.899227E-2	4.250000E+0	8.532267E-3	9.091743E-5	2.549181E-1
8.879222E-2	4.240000E+0	8.237900E-3	2.021803E-4	2.551462E-1
8.907381E-2	4.230000E+0	8.675317E-3	1.099907E-4	2.552736E-1
8.927665E-2	4.220000E+0	8.358060E-3	1.297005E-4	2.550368E-1
8.924497E-2	4.210000E+0	8.628270E-3	5.887387E-4	2.545795E-1
8.866846E-2	4.200000E+0	8.761780E-3	2.727527E-4	2.545212E-1
8.881649E-2	4.190000E+0	8.269050E-3	3.299730E-4	2.543723E-1
8.928208E-2	4.180000E+0	8.611737E-3	9.028163E-5	2.544414E-1
8.923764E-2	4.170000E+0	8.276680E-3	1.532243E-4	2.540427E-1
8.873757E-2	4.160000E+0	8.590760E-3	5.296110E-4	2.548870E-1
8.877184E-2	4.150000E+0	8.195937E-3	3.083563E-4	2.550528E-1
8.926057E-2	4.140000E+0	8.453427E-3	6.370583E-4	2.552236E-1
8.941124E-2	4.130000E+0	8.794843E-3	3.668483E-4	2.551462E-1
8.884382E-2	4.120000E+0	8.474410E-3	7.502287E-5	2.555896E-1
8.884394E-2	4.110000E+0	8.181313E-3	4.151680E-4	2.555690E-1
8.928291E-2	4.100000E+0	8.532900E-3	6.453237E-4	2.556239E-1
8.919096E-2	4.090000E+0	8.701383E-3	4.584020E-4	2.556831E-1
8.907582E-2	4.080000E+0	8.374590E-3	1.176206E-4	2.556587E-1
8.872685E-2	4.070000E+0	8.560237E-3	5.518633E-4	2.564129E-1
8.882579E-2	4.060000E+0	8.260787E-3	2.002727E-4	2.564493E-1
8.911856E-2	4.050000E+0	8.502383E-3	5.544067E-4	2.566660E-1
8.928610E-2	4.040000E+0	8.169867E-3	2.943693E-4	2.565794E-1
8.921282E-2	4.030000E+0	8.419733E-3	6.421447E-4	2.568615E-1
8.878998E-2	4.020000E+0	8.674680E-3	2.549507E-4	2.568270E-1
8.872709E-2	4.010000E+0	8.273503E-3	2.091737E-4	2.571486E-1
8.933269E-2	4.000000E+0	8.713463E-3	4.774753E-4	2.572535E-1
8.928102E-2	3.990000E+0	8.698207E-3	8.964590E-5	2.571017E-1
8.885467E-2	3.980000E+0	8.300843E-3	1.538603E-4	2.565874E-1
8.894320E-2	3.970000E+0	8.625727E-3	5.219810E-4	2.565476E-1
8.922109E-2	3.960000E+0	8.457880E-3	1.455947E-4	2.563768E-1
8.893471E-2	3.950000E+0	8.430540E-3	5.944607E-4	2.564098E-1
8.869106E-2	3.940000E+0	8.239167E-3	3.802000E-4	2.562196E-1
8.880906E-2	3.930000E+0	8.585673E-3	6.739340E-5	2.559735E-1
8.926825E-2	3.920000E+0	8.198480E-3	1.831063E-4	2.559196E-1
8.892717E-2	3.910000E+0	8.372050E-3	6.192563E-4	2.557419E-1
8.874016E-2	3.900000E+0	8.743347E-3	4.514077E-4	2.556195E-1
8.883145E-2	3.890000E+0	8.352340E-3	2.021797E-4	2.554330E-1
8.900725E-2	3.880000E+0	8.618733E-3	5.168947E-4	2.556251E-1
8.908373E-2	3.870000E+0	8.463603E-3	1.341507E-4	2.551891E-1
8.864175E-2	3.860000E+0	8.511283E-3	6.160770E-4	2.556180E-1
8.883334E-2	3.850000E+0	8.812007E-3	3.623983E-4	2.553470E-1
8.917773E-2	3.840000E+0	8.519550E-3	4.514082E-5	2.555511E-1
8.894603E-2	3.830000E+0	8.440077E-3	5.766587E-4	2.556195E-1
8.874828E-2	3.820000E+0	8.686763E-3	1.309720E-4	2.553279E-1
8.914655E-2	3.810000E+0	8.331993E-3	1.538600E-4	2.554407E-1
8.934487E-2	3.800000E+0	8.740803E-3	5.277037E-4	2.552822E-1
8.890347E-2	3.790000E+0	8.767507E-3	1.417807E-4	2.554826E-1
8.879646E-2	3.780000E+0	8.389853E-3	1.354227E-4	2.550670E-1
8.897481E-2	3.770000E+0	8.814553E-3	2.651233E-4	2.551805E-1
8.904171E-2	3.760000E+0	8.544347E-3	5.722065E-5	2.552310E-1
8.880541E-2	3.750000E+0	8.733810E-3	4.768397E-4	2.552307E-1
8.859610E-2	3.740000E+0	8.706470E-3	6.548610E-5	2.553649E-1
8.925277E-2	3.730000E+0	8.265237E-3	1.843780E-4	2.561764E-1
8.931011E-2	3.720000E+0	8.378407E-3	6.027260E-4	2.562439E-1
8.900950E-2	3.710000E+0	8.670867E-3	1.271570E-4	2.563377E-1
8.863316E-2	3.700000E+0	8.304023E-3	1.653043E-4	2.562344E-1
8.888755E-2	3.690000E+0	8.370143E-3	5.957323E-4	2.563423E-1
8.923303E-2	3.680000E+0	8.748430E-3	1.958220E-4	2.565631E-1
8.945503E-2	3.670000E+0	8.386670E-3	1.430517E-4	2.565175E-1
8.915009E-2	3.660000E+0	8.638443E-3	5.315173E-4	2.565541E-1
8.895700E-2	3.650000E+0	8.491577E-3	6.993647E-5	2.564810E-1
8.892941E-2	3.640000E+0	8.228363E-3	4.170757E-4	2.563426E-1
8.904242E-2	3.630000E+0	8.646070E-3	5.149873E-4	2.564746E-1
8.902708E-2	3.620000E+0	8.350433E-3	2.314257E-4	2.564564E-1
8.935670E-2	3.610000E+0	8.809467E-3	2.282467E-4	2.564931E-1
8.905623E-2	3.600000E+0	8.436897E-3	5.340603E-5	2.563368E-1
8.855600E-2	3.590000E+0	8.266510E-3	4.469570E-4	2.561983E-1
8.860751E-2	3.580000E+0	8.799930E-3	2.924620E-4	2.566676E-1
8.884536E-2	3.570000E+0	8.569140E-3	8.010913E-5	2.565189E-1
8.911218E-2	3.560000E+0	8.804380E-3	4.889200E-4	2.564450E-1
8.913379E-2	3.550000E+0	8.696930E-3	1.589467E-4	2.561515E-1
8.872568E-2	3.540000E+0	8.359333E-3	5.563137E-4	2.562257E-1
8.861057E-2	3.530000E+0	8.769410E-3	6.192563E-4	2.560543E-1
8.917064E-2	3.520000E+0	8.916277E-3	4.100820E-4	2.562368E-1
8.912352E-2	3.510000E+0	8.620003E-3	1.780204E-5	2.563130E-1
8.904466E-2	3.500000E+0	8.263333E-3	3.083567E-4	2.557188E-1
8.879434E-2	3.490000E+0	8.564053E-3	5.887383E-4	2.555967E-1
8.880188E-2	3.480000E+0	8.639717E-3	1.360583E-4	2.553812E-1
8.914714E-2	3.470000E+0	8.480133E-3	5.658503E-4	2.552465E-1
8.887270E-2	3.460000E+0	8.864783E-3	5.162590E-4	2.553143E-1
8.870048E-2	3.450000E+0	8.742710E-3	1.004544E-4	2.555061E-1
8.889380E-2	3.440000E+0	8.403203E-3	4.838337E-4	2.553990E-1
8.907145E-2	3.430000E+0	8.803747E-3	2.028157E-4	2.559772E-1
8.923185E-2	3.420000E+0	8.488397E-3	9.028157E-5	2.553075E-1
8.904926E-2	3.410000E+0	8.592667E-3	5.378760E-4	2.557265E-1
8.876984E-2	3.400000E+0	8.578043E-3	8.964577E-5	2.554981E-1
8.907405E-2	3.390000E+0	8.237900E-3	3.019987E-4	2.562874E-1
8.922842E-2	3.380000E+0	8.534810E-3	6.656683E-4	2.550655E-1
8.880718E-2	3.370000E+0	8.769413E-3	6.326077E-4	2.552455E-1
8.812135E-2	3.360000E+0	8.824730E-3	1.386013E-4	2.551845E-1
8.880082E-2	3.350000E+0	8.413377E-3	1.220709E-4	2.552856E-1
8.889179E-2	3.340000E+0	8.566597E-3	5.404193E-4	2.550451E-1
8.913864E-2	3.330000E+0	8.530993E-3	1.360582E-4	2.547174E-1
8.881354E-2	3.320000E+0	8.500477E-3	5.989113E-4	2.545468E-1
8.873686E-2	3.310000E+0	8.881947E-3	4.043597E-4	2.546039E-1
8.879563E-2	3.300000E+0	8.494753E-3	1.405090E-4	2.544959E-1
8.899640E-2	3.290000E+0	8.447707E-3	6.275213E-4	2.543249E-1
8.843234E-2	3.280000E+0	8.850793E-3	4.787470E-4	2.544004E-1
8.868824E-2	3.270000E+0	8.707107E-3	1.080838E-4	2.543782E-1
8.925927E-2	3.260000E+0	8.457880E-3	5.944607E-4	2.541626E-1
8.889274E-2	3.250000E+0	8.861600E-3	5.238883E-4	2.538916E-1
8.861845E-2	3.240000E+0	8.712827E-3	7.247973E-5	2.538256E-1
8.915234E-2	3.230000E+0	8.267143E-3	2.454133E-4	2.534368E-1
8.899522E-2	3.220000E+0	8.486487E-3	5.811090E-4	2.534125E-1
8.936688E-2	3.210000E+0	8.708377E-3	9.918260E-5	2.536986E-1
8.928658E-2	3.200000E+0	8.373323E-3	1.780200E-4	2.539355E-1
8.867812E-2	3.190000E+0	8.719820E-3	4.933707E-4	2.539252E-1
8.895511E-2	3.180000E+0	8.457880E-3	6.357860E-5	2.538497E-1
8.923882E-2	3.170000E+0	8.562783E-3	5.175303E-4	2.537680E-1
8.876077E-2	3.160000E+0	8.620640E-3	6.930080E-5	2.536964E-1
8.836668E-2	3.150000E+0	8.387310E-3	1.392373E-4	2.539811E-1
8.913722E-2	3.140000E+0	8.286217E-3	4.342413E-4	2.539930E-1
8.904124E-2	3.130000E+0	8.824727E-3	3.719350E-4	2.539061E-1
8.897682E-2	3.120000E+0	8.368873E-3	1.659403E-4	2.539046E-1
8.840426E-2	3.110000E+0	8.775137E-3	1.710267E-4	2.544170E-1
8.876713E-2	3.100000E+0	8.441350E-3	8.138070E-5	2.540572E-1
8.943610E-2	3.090000E+0	8.525907E-3	5.811090E-4	2.540686E-1
8.875853E-2	3.080000E+0	8.569777E-3	6.039970E-5	2.541025E-1
8.916793E-2	3.070000E+0	8.233447E-3	2.740237E-4	2.540967E-1
8.866293E-2	3.060000E+0	8.537987E-3	6.287930E-4	2.540310E-1
8.922901E-2	3.050000E+0	8.701387E-3	1.087193E-4	2.540409E-1
8.888743E-2	3.040000E+0	8.343440E-3	2.326977E-4	2.536308E-1
8.826795E-2	3.030000E+0	8.822817E-3	4.838337E-4	2.536379E-1
8.868918E-2	3.020000E+0	8.737623E-3	1.602183E-4	2.535987E-1
8.910238E-2	3.010000E+0	8.380313E-3	5.232530E-4	2.534245E-1
8.861692E-2	3.000000E+0	8.724270E-3	5.868313E-4	2.532913E-1
8.856235E-2	2.990000E+0	8.301477E-3	4.189827E-4	2.531738E-1
8.835200E-2	2.980000E+0	8.412103E-3	5.715727E-4	2.532364E-1
8.885950E-2	2.970000E+0	8.759877E-3	2.180743E-4	2.534803E-1
8.906520E-2	2.960000E+0	8.300207E-3	4.291553E-4	2.533671E-1
8.839404E-2	2.950000E+0	8.654970E-3	6.561313E-4	2.534362E-1
8.901386E-2	2.940000E+0	8.855243E-3	2.180743E-4	2.534109E-1
8.915990E-2	2.930000E+0	8.324363E-3	3.140787E-4	2.535197E-1
8.857834E-2	2.920000E+0	8.633353E-3	6.605823E-4	2.532943E-1
8.820131E-2	2.910000E+0	8.881310E-3	2.746597E-4	2.533296E-1
8.864787E-2	2.900000E+0	8.460427E-3	4.450510E-5	2.534677E-1
8.924296E-2	2.890000E+0	8.312920E-3	3.884650E-4	2.536795E-1
8.927617E-2	2.880000E+0	8.645437E-3	5.022717E-5	2.535364E-1
8.865646E-2	2.870000E+0	8.269050E-3	2.714810E-4	2.533804E-1
8.905446E-2	2.860000E+0	8.526547E-3	5.906460E-4	2.531581E-1
8.920479E-2	2.850000E+0	8.716643E-3	1.417807E-4	2.532201E-1
8.901044E-2	2.840000E+0	8.412737E-3	4.946423E-4	2.533039E-1
8.843246E-2	2.830000E+0	8.768140E-3	2.822893E-4	2.531131E-1
8.859398E-2	2.820000E+0	8.287490E-3	3.821073E-4	2.526342E-1
8.918600E-2	2.810000E+0	8.733170E-3	5.041793E-4	2.525716E-1
8.925241E-2	2.800000E+0	8.337080E-3	5.315180E-4	2.526238E-1
8.816273E-2	2.790000E+0	8.722363E-3	6.148060E-4	2.526987E-1
8.912624E-2	2.780000E+0	8.835533E-3	1.977290E-4	2.526592E-1
8.894509E-2	2.770000E+0	8.315463E-3	4.069030E-4	2.525078E-1
8.866458E-2	2.760000E+0	8.613643E-3	5.938250E-4	2.527320E-1
8.929828E-2	2.750000E+0	8.550067E-3	2.861040E-5	2.526851E-1
8.853577E-2	2.740000E+0	8.410830E-3	6.802940E-5	2.526367E-1
8.928232E-2	2.730000E+0	8.501747E-3	5.016360E-4	2.529111E-1
8.870319E-2	2.720000E+0	8.709650E-3	1.843780E-4	2.531060E-1
8.827006E-2	2.710000E+0	8.503023E-3	5.289750E-4	2.530998E-1
8.890429E-2	2.700000E+0	8.784037E-3	2.199820E-4	2.532398E-1
8.916427E-2	2.690000E+0	8.620003E-3	6.128980E-4	2.532315E-1
8.849133E-2	2.680000E+0	8.889573E-3	3.426887E-4	2.532752E-1
8.876100E-2	2.670000E+0	8.604110E-3	8.646687E-5	2.532120E-1
8.868518E-2	2.660000E+0	8.527817E-3	5.544063E-4	2.535561E-1
8.919333E-2	2.650000E+0	8.694393E-3	1.233427E-4	2.535725E-1
8.855988E-2	2.640000E+0	8.358060E-3	4.227973E-4	2.532645E-1
8.855847E-2	2.630000E+0	8.775770E-3	2.848327E-4	2.530940E-1
8.946190E-2	2.620000E+0	8.361240E-3	2.861043E-4	2.526682E-1
8.859622E-2	2.610000E+0	8.772590E-3	1.163490E-4	2.535694E-1
8.834073E-2	2.600000E+0	8.550067E-3	6.993650E-5	2.536505E-1
8.884418E-2	2.590000E+0	8.489030E-3	5.474130E-4	2.537683E-1
8.900336E-2	2.580000E+0	8.717913E-3	1.710263E-4	2.540264E-1
8.867129E-2	2.570000E+0	8.392393E-3	4.590370E-4	2.541624E-1
8.849074E-2	2.560000E+0	8.787850E-3	2.988200E-4	2.542113E-1
8.899829E-2	2.550000E+0	8.306563E-3	3.312447E-4	2.541515E-1
8.916686E-2	2.540000E+0	8.540533E-3	5.703007E-4	2.546655E-1
8.814374E-2	2.530000E+0	8.626997E-3	1.023615E-4	2.547504E-1
8.848980E-2	2.520000E+0	8.391760E-3	4.247050E-4	2.541100E-1
8.904785E-2	2.510000E+0	8.587580E-3	7.693043E-5	2.537593E-1
8.854330E-2	2.500000E+0	8.837443E-3	5.340613E-4	2.540726E-1
8.857164E-2	2.490000E+0	8.829813E-3	1.684833E-4	2.538346E-1
8.863810E-2	2.480000E+0	8.464873E-3	4.202543E-4	2.534473E-1
8.877714E-2	2.470000E+0	8.860327E-3	3.236153E-4	2.531377E-1
8.896656E-2	2.460000E+0	8.632720E-3	6.122627E-4	2.514317E-1
8.848945E-2	2.450000E+0	8.494757E-3	5.944607E-4	2.506911E-1
8.873156E-2	2.440000E+0	8.427360E-3	2.644877E-4	2.504703E-1
8.899652E-2	2.430000E+0	8.878770E-3	5.435980E-4	2.500155E-1
8.873203E-2	2.420000E+0	8.869233E-3	1.347870E-4	2.490029E-1
8.881531E-2	2.410000E+0	8.451523E-3	1.640327E-4	2.494340E-1
8.847065E-2	2.400000E+0	8.753517E-3	5.620357E-4	2.493276E-1
8.903251E-2	2.390000E+0	8.567870E-3	1.207995E-4	2.496366E-1
8.877843E-2	2.380000E+0	8.395573E-3	4.259763E-4	2.492906E-1
8.924981E-2	2.370000E+0	8.956333E-3	3.821073E-4	2.492709E-1
8.850544E-2	2.360000E+0	8.672773E-3	1.780200E-5	2.495003E-1
8.855458E-2	2.350000E+0	8.382853E-3	3.789283E-4	2.495252E-1
8.832429E-2	2.340000E+0	8.932173E-3	3.935517E-4	2.493735E-1
8.903793E-2	2.330000E+0	8.717913E-3	1.207997E-5	2.495391E-1
8.876925E-2	2.320000E+0	8.326907E-3	2.905547E-4	2.491929E-1
8.875559E-2	2.310000E+0	8.814557E-3	4.685740E-4	2.482509E-1
8.907027E-2	2.300000E+0	8.408290E-3	5.277037E-4	2.492397E-1
8.886574E-2	2.290000E+0	8.775770E-3	6.491380E-4	2.487060E-1
8.909896E-2	2.280000E+0	8.858423E-3	1.691193E-4	2.490587E-1
8.829025E-2	2.270000E+0	8.434353E-3	8.519533E-5	2.485099E-1
8.818114E-2	2.260000E+0	8.409563E-3	5.340613E-4	2.484661E-1
8.896019E-2	2.250000E+0	8.880037E-3	4.984567E-4	2.477230E-1
8.873298E-2	2.240000E+0	8.846977E-3	1.538600E-4	2.476580E-1
8.912494E-2	2.230000E+0	8.452157E-3	4.692103E-4	2.475152E-1
8.827523E-2	2.220000E+0	8.679767E-3	5.404187E-5	2.475393E-1
8.845290E-2	2.210000E+0	8.442620E-3	2.930977E-4	2.474696E-1
8.925088E-2	2.200000E+0	8.884490E-3	4.520433E-4	2.475041E-1
8.817375E-2	2.190000E+0	8.441983E-3	4.787470E-4	2.475852E-1
8.856246E-2	2.180000E+0	8.805017E-3	6.052690E-4	2.473305E-1
8.891478E-2	2.170000E+0	8.714100E-3	6.230703E-5	2.471766E-1
8.865293E-2	2.160000E+0	8.405747E-3	3.986377E-4	2.473410E-1
8.863610E-2	2.150000E+0	8.740167E-3	6.160773E-4	2.474159E-1
8.902130E-2	2.140000E+0	8.707107E-3	1.271572E-4	2.477998E-1
8.887364E-2	2.130000E+0	8.588217E-3	6.256140E-4	2.477412E-1
8.851990E-2	2.120000E+0	8.916280E-3	4.844697E-4	2.480005E-1
8.896903E-2	2.110000E+0	8.520820E-3	1.843777E-4	2.478757E-1
8.905623E-2	2.100000E+0	8.966507E-3	2.613083E-4	2.475574E-1
8.878126E-2	2.090000E+0	8.633993E-3	4.577661E-5	2.478451E-1
8.834754E-2	2.080000E+0	8.583130E-3	5.467770E-4	2.477514E-1
8.846324E-2	2.070000E+0	8.817730E-3	9.536787E-5	2.477400E-1
8.909447E-2	2.060000E+0	8.469957E-3	1.748410E-4	2.478353E-1
8.872179E-2	2.050000E+0	8.902293E-3	4.940063E-4	2.475467E-1
8.853295E-2	2.040000E+0	8.891483E-3	9.409630E-5	2.475544E-1
8.901020E-2	2.030000E+0	8.469320E-3	1.544957E-4	2.477317E-1
8.884158E-2	2.020000E+0	8.886400E-3	5.277037E-4	2.476009E-1
8.868365E-2	2.010000E+0	8.929630E-3	1.347870E-4	2.477968E-1
8.838664E-2	2.000000E+0	8.568507E-3	1.265217E-4	2.474464E-1
8.837502E-2	1.990000E+0	9.018640E-3	3.255227E-4	2.475787E-1
8.867611E-2	1.980000E+0	8.698203E-3	2.797461E-5	2.480949E-1
8.905906E-2	1.970000E+0	8.391757E-3	3.814717E-4	2.480400E-1
8.863669E-2	1.960000E+0	8.858423E-3	4.158037E-4	2.479768E-1
8.808197E-2	1.950000E+0	8.436900E-3	5.505917E-4	2.479867E-1
8.869683E-2	1.940000E+0	8.832993E-3	5.366040E-4	2.479546E-1
8.872002E-2	1.930000E+0	8.567233E-3	9.727527E-5	2.481029E-1
8.864434E-2	1.920000E+0	8.567233E-3	5.086293E-4	2.479383E-1
8.859634E-2	1.910000E+0	8.422910E-3	1.417803E-4	2.475180E-1
8.856540E-2	1.900000E+0	8.468053E-3	5.658503E-4	2.472916E-1
8.868353E-2	1.890000E+0	8.900383E-3	2.435063E-4	2.470851E-1
8.954586E-2	1.880000E+0	8.496660E-3	8.964600E-5	2.468295E-1
8.859775E-2	1.870000E+0	8.733807E-3	5.950963E-4	2.467354E-1
8.821269E-2	1.860000E+0	8.906743E-3	4.425067E-4	2.467694E-1
8.917348E-2	1.850000E+0	8.508107E-3	1.869210E-4	2.467024E-1
8.860210E-2	1.840000E+0	8.775133E-3	5.480483E-4	2.472152E-1
8.884406E-2	1.830000E+0	8.611737E-3	1.049047E-4	2.468680E-1
8.865293E-2	1.820000E+0	8.611100E-3	5.817447E-4	2.467999E-1
8.848369E-2	1.810000E+0	8.906107E-3	3.992737E-4	2.470499E-1
8.850074E-2	1.800000E+0	8.487123E-3	4.119890E-4	2.470342E-1
8.914088E-2	1.790000E+0	8.863510E-3	5.518633E-4	2.471797E-1
8.811255E-2	1.780000E+0	8.633990E-3	1.684833E-4	2.469928E-1
8.850367E-2	1.770000E+0	8.974770E-3	4.545867E-4	2.468834E-1
8.883192E-2	1.760000E+0	8.827903E-3	1.144415E-4	2.469275E-1
8.879339E-2	1.750000E+0	8.581860E-3	5.181667E-4	2.467028E-1
8.891184E-2	1.740000E+0	8.950610E-3	1.773843E-4	2.466210E-1
8.835036E-2	1.730000E+0	8.522730E-3	3.941870E-4	2.464475E-1
8.890665E-2	1.720000E+0	8.793570E-3	6.230710E-4	2.463731E-1
8.910262E-2	1.710000E+0	8.518910E-3	2.943693E-4	2.462831E-1
8.798930E-2	1.700000E+0	8.909920E-3	4.978213E-4	2.461120E-1
8.859034E-2	1.690000E+0	8.721730E-3	1.290646E-4	2.459677E-1
8.865976E-2	1.680000E+0	8.890210E-3	5.957323E-4	2.460546E-1
8.897540E-2	1.670000E+0	9.101290E-3	3.217080E-4	2.466106E-1
8.840050E-2	1.660000E+0	8.728723E-3	8.837423E-5	2.465310E-1
8.857775E-2	1.650000E+0	8.701387E-3	5.709367E-4	2.465566E-1
8.877985E-2	1.640000E+0	8.862237E-3	1.233426E-4	2.462177E-1
8.861339E-2	1.630000E+0	8.566600E-3	5.188027E-4	2.463605E-1
8.904289E-2	1.620000E+0	8.960150E-3	3.077207E-4	2.464610E-1
8.830387E-2	1.610000E+0	8.468050E-3	3.382383E-4	2.462566E-1
8.915659E-2	1.600000E+0	8.906743E-3	4.011810E-4	2.464598E-1
8.863328E-2	1.590000E+0	8.508740E-3	1.932790E-4	2.463309E-1
8.870766E-2	1.580000E+0	8.557697E-3	6.097193E-4	2.464820E-1
8.853389E-2	1.570000E+0	8.970320E-3	3.954590E-4	2.468726E-1
8.894922E-2	1.560000E+0	8.464237E-3	4.495003E-4	2.458770E-1
8.882073E-2	1.550000E+0	8.827907E-3	6.732977E-4	2.457407E-1
8.826079E-2	1.540000E+0	8.971590E-3	3.013630E-4	2.457484E-1
8.835646E-2	1.530000E+0	8.657517E-3	6.205277E-4	2.459680E-1
8.861116E-2	1.520000E+0	9.061873E-3	4.558587E-4	2.461487E-1
8.873745E-2	1.510000E+0	8.820913E-3	6.294290E-5	2.463706E-1
8.851167E-2	1.500000E+0	8.448340E-3	3.331520E-4	2.465396E-1
8.838829E-2	1.490000E+0	8.756063E-3	6.675753E-4	2.467315E-1
8.908479E-2	1.480000E+0	9.068867E-3	3.204367E-4	2.467773E-1
8.795944E-2	1.470000E+0	8.710287E-3	2.670307E-5	2.478254E-1
8.829964E-2	1.460000E+0	8.482040E-3	3.910087E-4	2.479108E-1
8.849321E-2	1.450000E+0	9.023090E-3	3.134427E-4	2.473564E-1
8.952489E-2	1.440000E+0	8.757967E-3	5.722087E-6	2.472645E-1
8.852131E-2	1.430000E+0	8.510013E-3	3.312447E-4	2.473028E-1
8.886044E-2	1.420000E+0	8.965233E-3	3.776567E-4	2.472032E-1
8.910604E-2	1.410000E+0	8.497937E-3	2.479567E-4	2.474011E-1
8.911643E-2	1.400000E+0	8.601567E-3	5.474127E-4	2.473869E-1
8.908231E-2	1.390000E+0	8.924547E-3	1.252500E-4	2.474581E-1
8.842799E-2	1.380000E+0	8.586947E-3	1.481380E-4	2.472250E-1
8.923173E-2	1.370000E+0	8.839350E-3	5.499560E-4	2.473265E-1
8.883475E-2	1.360000E+0	8.473137E-3	3.089923E-4	2.475421E-1
8.869683E-2	1.350000E+0	8.628270E-3	6.237070E-4	2.471316E-1
8.883263E-2	1.340000E+0	8.546253E-3	1.722980E-4	2.473025E-1
8.931330E-2	1.330000E+0	8.803743E-3	5.779303E-4	2.481593E-1
8.878692E-2	1.320000E+0	8.826633E-3	6.039970E-5	2.482096E-1
8.846125E-2	1.310000E+0	8.475680E-3	3.026343E-4	2.481575E-1
8.901587E-2	1.300000E+0	8.983037E-3	4.069030E-4	2.480076E-1
8.832136E-2	1.290000E+0	8.650520E-3	1.449593E-4	2.480378E-1
8.829624E-2	1.280000E+0	8.939807E-3	5.467767E-4	2.479169E-1
8.856317E-2	1.270000E+0	9.019277E-3	2.276113E-4	2.478103E-1
8.907181E-2	1.260000E+0	8.523363E-3	4.456857E-4	2.481525E-1
8.828286E-2	1.250000E+0	8.939803E-3	6.656683E-4	2.481282E-1
8.840579E-2	1.240000E+0	9.164870E-3	2.969127E-4	2.480394E-1
8.843222E-2	1.230000E+0	8.724910E-3	5.188020E-4	2.483641E-1
8.874381E-2	1.220000E+0	8.749703E-3	5.086293E-5	2.478938E-1
8.880317E-2	1.210000E+0	9.032627E-3	4.641237E-4	2.480045E-1
8.876748E-2	1.200000E+0	8.966507E-3	6.179847E-4	2.480495E-1
8.849850E-2	1.190000E+0	9.069503E-3	3.248870E-4	2.471896E-1
8.862457E-2	1.180000E+0	8.759873E-3	6.446877E-4	2.478026E-1
8.867965E-2	1.170000E+0	9.077767E-3	4.355130E-4	2.467135E-1
8.830410E-2	1.160000E+0	8.883853E-3	9.918260E-5	2.476777E-1
8.872191E-2	1.150000E+0	8.688033E-3	6.287930E-4	2.473906E-1
8.888331E-2	1.140000E+0	8.822820E-3	6.338793E-4	2.473570E-1
8.867494E-2	1.130000E+0	8.562783E-3	2.670307E-4	2.463987E-1
8.880518E-2	1.120000E+0	9.026907E-3	5.092653E-4	2.462066E-1
8.788418E-2	1.110000E+0	9.007197E-3	1.049047E-4	2.470219E-1
8.825317E-2	1.100000E+0	8.599660E-3	3.318807E-4	2.471760E-1
8.838794E-2	1.090000E+0	9.025000E-3	2.276117E-4	2.472679E-1
8.906744E-2	1.080000E+0	8.698203E-3	-1.589470E-5	2.471770E-1
8.754654E-2	1.070000E+0	8.495393E-3	4.634883E-4	2.470703E-1
8.864128E-2	1.060000E+0	8.866687E-3	6.205280E-4	2.473998E-1
8.930348E-2	1.050000E+0	8.542440E-3	2.638513E-4	2.473987E-1
8.882497E-2	1.040000E+0	8.673410E-3	5.893740E-4	2.473623E-1
8.897458E-2	1.030000E+0	8.876857E-3	1.602183E-4	2.472035E-1
8.809755E-2	1.020000E+0	8.698203E-3	5.963683E-4	2.470629E-1
8.910510E-2	1.010000E+0	9.054880E-3	2.415987E-4	2.470037E-1
8.867659E-2	1.000000E+0	8.874953E-3	8.646710E-5	2.469559E-1
8.865434E-2	9.900000E-1	8.617463E-3	5.257963E-4	2.468748E-1
8.842846E-2	9.800000E-1	8.960150E-3	2.295190E-4	2.461119E-1
8.816836E-2	9.700000E-1	8.593937E-3	4.463217E-4	2.463025E-1
8.949517E-2	9.600000E-1	8.988760E-3	3.191650E-4	2.464774E-1
8.859387E-2	9.500000E-1	8.541167E-3	4.762040E-4	2.458832E-1
8.925135E-2	9.400000E-1	8.928993E-3	2.511357E-4	2.460429E-1
8.773413E-2	9.300000E-1	8.565327E-3	4.323343E-4	2.460611E-1
8.874157E-2	9.200000E-1	8.755427E-3	1.907363E-5	2.462408E-1
8.879363E-2	9.100000E-1	8.534810E-3	2.028160E-4	2.462532E-1
8.867364E-2	9.000000E-1	8.841257E-3	6.440520E-4	2.460167E-1
8.816050E-2	8.900000E-1	8.995117E-3	5.404190E-4	2.461474E-1
8.856117E-2	8.800000E-1	8.551973E-3	4.495003E-4	2.459791E-1
8.916946E-2	8.700000E-1	9.018003E-3	4.100817E-4	2.461073E-1
8.839052E-2	8.600000E-1	8.570413E-3	5.366043E-4	2.460713E-1
8.811935E-2	8.500000E-1	9.009740E-3	2.695737E-4	2.462973E-1
8.910734E-2	8.400000E-1	8.733173E-3	9.346073E-5	2.462550E-1
8.853577E-2	8.300000E-1	9.093027E-3	4.158037E-4	2.461422E-1
8.862081E-2	8.200000E-1	8.909283E-3	1.487738E-4	2.457423E-1
8.902283E-2	8.100000E-1	8.753520E-3	5.620357E-4	2.458101E-1
8.872626E-2	8.000000E-1	8.915010E-3	1.494100E-4	2.462473E-1
8.871567E-2	7.900000E-1	8.635897E-3	5.200743E-4	2.461591E-1
8.757047E-2	7.800000E-1	8.965233E-3	5.156237E-4	2.462541E-1
8.869024E-2	7.700000E-1	8.643527E-3	2.683020E-4	2.462288E-1
8.874616E-2	7.600000E-1	8.976043E-3	4.380563E-4	2.460586E-1
8.885525E-2	7.500000E-1	8.604743E-3	4.927347E-4	2.458283E-1
8.856141E-2	7.400000E-1	8.953153E-3	5.067227E-4	2.457780E-1
8.865952E-2	7.300000E-1	8.651793E-3	2.358763E-4	2.457586E-1
8.907169E-2	7.200000E-1	9.103200E-3	1.990010E-4	2.459637E-1
8.883817E-2	7.100000E-1	8.709013E-3	4.959133E-5	2.457728E-1
8.858587E-2	7.000000E-1	8.540530E-3	2.733883E-4	2.457351E-1
8.865446E-2	6.900000E-1	9.061873E-3	5.416907E-4	2.459211E-1
8.977086E-2	6.800000E-1	9.174403E-3	3.554043E-4	2.460839E-1
8.803147E-2	6.700000E-1	8.859057E-3	6.421463E-5	2.462652E-1
8.874216E-2	6.600000E-1	8.743343E-3	5.614003E-4	2.463194E-1
8.922558E-2	6.500000E-1	8.946797E-3	1.544960E-4	2.463315E-1
8.906449E-2	6.400000E-1	8.588213E-3	5.423263E-4	2.462094E-1
8.841530E-2	6.300000E-1	8.815190E-3	6.224353E-4	2.464446E-1
8.816813E-2	6.200000E-1	9.072680E-3	2.721173E-4	2.458564E-1
8.865493E-2	6.100000E-1	9.050430E-3	5.194380E-4	2.459421E-1
8.963449E-2	6.000000E-1	8.719820E-3	1.614897E-4	2.458656E-1
8.860634E-2	5.900000E-1	8.639080E-3	4.660313E-4	2.456464E-1
8.832523E-2	5.800000E-1	8.873680E-3	1.824707E-4	2.457552E-1
8.839440E-2	5.700000E-1	8.655607E-3	5.594927E-4	2.458431E-1
8.844644E-2	5.600000E-1	8.449613E-3	3.420530E-4	2.459470E-1
8.919463E-2	5.500000E-1	8.585037E-3	4.933707E-4	2.456457E-1
8.876913E-2	5.400000E-1	8.798657E-3	1.074481E-4	2.457592E-1
8.888861E-2	5.300000E-1	9.045980E-3	5.366043E-4	2.456581E-1
8.833075E-2	5.200000E-1	8.994480E-3	1.233427E-4	2.465325E-1
8.799504E-2	5.100000E-1	8.808830E-3	6.485027E-5	2.462504E-1
8.865022E-2	5.000000E-1	9.092393E-3	1.379660E-4	2.455724E-1
8.868588E-2	4.900000E-1	8.704563E-3	1.335153E-4	2.453788E-1
8.913970E-2	4.800000E-1	8.919457E-3	6.249783E-4	2.456171E-1
8.886386E-2	4.700000E-1	9.103837E-3	2.454137E-4	2.458492E-1
8.863410E-2	4.600000E-1	8.683583E-3	5.531327E-5	2.453969E-1
8.993813E-2	4.500000E-1	8.603473E-3	4.571297E-4	2.464588E-1
8.811818E-2	4.400000E-1	9.035170E-3	3.217080E-4	2.455240E-1
8.931424E-2	4.300000E-1	8.821547E-3	6.141700E-4	2.454025E-1
8.744911E-2	4.200000E-1	8.585670E-3	2.562223E-4	2.451268E-1
8.876242E-2	4.100000E-1	9.092390E-3	2.727523E-4	2.449008E-1
8.913616E-2	4.000000E-1	8.884487E-3	1.195279E-4	2.451277E-1
8.832687E-2	3.900000E-1	8.584397E-3	3.763853E-4	2.450559E-1
8.887435E-2	3.800000E-1	8.949340E-3	4.978207E-4	2.449840E-1
8.804775E-2	3.700000E-1	8.962057E-3	2.028163E-4	2.438654E-1
8.856634E-2	3.600000E-1	8.781490E-3	5.359683E-4	2.439563E-1
8.893129E-2	3.500000E-1	8.695663E-3	9.600373E-5	2.441543E-1
8.865246E-2	3.400000E-1	8.595847E-3	4.590373E-4	2.433813E-1
8.843481E-2	3.300000E-1	9.000840E-3	4.380563E-4	2.436607E-1
8.827370E-2	3.200000E-1	8.893387E-3	9.091730E-5	2.436002E-1
8.872756E-2	3.100000E-1	9.091757E-3	2.110810E-4	2.438968E-1
8.890500E-2	3.000000E-1	8.623183E-3	2.759317E-4	2.437822E-1
8.861516E-2	2.900000E-1	9.040893E-3	4.132607E-4	2.437769E-1
8.843093E-2	2.800000E-1	8.644800E-3	6.078123E-4	2.436425E-1
8.879304E-2	2.700000E-1	9.079040E-3	5.728440E-4	2.437128E-1
8.925750E-2	2.600000E-1	9.009740E-3	1.595827E-4	2.436342E-1
8.875099E-2	2.500000E-1	8.634627E-3	2.613087E-4	2.435947E-1
8.895205E-2	2.400000E-1	8.991937E-3	9.791103E-5	2.435685E-1
8.871461E-2	2.300000E-1	8.674043E-3	1.487737E-4	2.434772E-1
8.892646E-2	2.200000E-1	8.793570E-3	5.429623E-4	2.434763E-1
8.897894E-2	2.100000E-1	9.033900E-3	2.943690E-4	2.435934E-1
8.873086E-2	2.000000E-1	8.717913E-3	1.430520E-4	2.433616E-1
8.845114E-2	1.900000E-1	9.115277E-3	3.070850E-4	2.438901E-1
8.859257E-2	1.800000E-1	9.007193E-3	1.087193E-4	2.436086E-1
8.865693E-2	1.700000E-1	8.901020E-3	5.245247E-4	2.438216E-1
8.878609E-2	1.600000E-1	8.585033E-3	3.172573E-4	2.433224E-1
8.906650E-2	1.500000E-1	9.002110E-3	4.615807E-4	2.434544E-1
8.893766E-2	1.400000E-1	8.942980E-3	1.595827E-4	2.434476E-1
8.896325E-2	1.300000E-1	9.016730E-3	4.895560E-4	2.432916E-1
8.869389E-2	1.200000E-1	8.653700E-3	2.282470E-4	2.428038E-1
8.888496E-2	1.100000E-1	9.100020E-3	1.722983E-4	2.429937E-1
8.866081E-2	1.000000E-1	8.901020E-3	1.220707E-4	2.427166E-1
8.871237E-2	9.000000E-2	8.956333E-3	6.192563E-4	2.423684E-1
8.833603E-2	8.000000E-2	9.057423E-3	2.199817E-4	2.428667E-1
8.837537E-2	7.000000E-2	8.797387E-3	4.736607E-4	2.428300E-1
8.855012E-2	6.000000E-2	9.007197E-3	2.473210E-4	2.431090E-1
8.862563E-2	5.000000E-2	8.679130E-3	4.634880E-4	2.434809E-1
8.890960E-2	4.000000E-2	8.991300E-3	2.485923E-4	2.433983E-1
8.895559E-2	3.000000E-2	8.895933E-3	5.747517E-4	2.432832E-1
8.887954E-2	2.000000E-2	8.682310E-3	1.996370E-4	2.433135E-1
8.879021E-2	1.000000E-2	8.609200E-3	5.156230E-4	2.433382E-1
8.852013E-2	0.000000E+0	8.449613E-3	3.115353E-4	2.438522E-1
