0.000000E+0	1.026160E-3	5.149860E-5	1.868264E-3
5.000000E-4	1.027110E-3	5.054500E-5	1.091831E-3
1.000000E-3	1.027110E-3	5.054500E-5	-1.764306E-3
1.500000E-3	1.027110E-3	5.245230E-5	1.320678E-3
2.000000E-3	1.027110E-3	5.245230E-5	-2.768011E-4
2.500000E-3	1.017580E-3	4.959130E-5	-6.992278E-4
3.000000E-3	1.009950E-3	5.054500E-5	1.664681E-3
3.500000E-3	1.011860E-3	5.245230E-5	7.081448E-5
4.000000E-3	1.011860E-3	5.245230E-5	-2.762822E-3
4.500000E-3	1.009950E-3	5.245230E-5	1.560820E-3
5.000000E-3	1.009950E-3	5.149860E-5	-1.554713E-3
5.500000E-3	1.009950E-3	4.863760E-5	1.104052E-3
6.000000E-3	1.011860E-3	5.054500E-5	5.669258E-4
6.500000E-3	1.012810E-3	4.863760E-5	1.222641E-3
7.000000E-3	1.011860E-3	4.863760E-5	5.974817E-4
7.500000E-3	1.008990E-3	5.149860E-5	8.757579E-4
8.000000E-3	1.011860E-3	5.054500E-5	-5.780409E-4
8.500000E-3	1.009950E-3	5.149860E-5	-5.464695E-4
9.000000E-3	9.908750E-4	5.245230E-5	3.309372E-3
9.500000E-3	9.765700E-4	5.149860E-5	-5.986901E-4
1.000000E-2	9.708440E-4	5.054500E-5	-1.861320E-3
1.050000E-2	9.679830E-4	5.054500E-5	1.805397E-3
1.100000E-2	9.679830E-4	5.245230E-5	2.683383E-3
1.150000E-2	9.641680E-4	4.768390E-5	-3.653044E-4
1.200000E-2	9.517710E-4	4.577660E-5	2.136723E-3
1.250000E-2	9.288830E-4	4.577660E-5	1.610996E-3
1.300000E-2	9.231600E-4	4.863760E-5	4.812068E-4
1.350000E-2	9.250680E-4	4.577660E-5	-4.268326E-5
1.400000E-2	9.117160E-4	4.673030E-5	-2.442605E-3
1.450000E-2	9.040870E-4	4.577660E-5	-1.242737E-3
1.500000E-2	8.993190E-4	4.386930E-5	1.177834E-3
1.550000E-2	9.050410E-4	4.673030E-5	3.065810E-3
1.600000E-2	9.183920E-4	4.768390E-5	-7.521734E-4
1.650000E-2	9.298360E-4	4.959130E-5	2.283271E-3
1.700000E-2	9.336510E-4	5.149860E-5	4.793553E-4
1.750000E-2	9.431880E-4	4.863760E-5	4.758171E-5
1.800000E-2	9.365120E-4	4.577660E-5	2.702547E-3
1.850000E-2	9.250680E-4	4.673030E-5	3.056007E-3
1.900000E-2	9.183920E-4	4.482290E-5	-4.343079E-3
1.950000E-2	9.202990E-4	4.577660E-5	9.405435E-5
2.000000E-2	9.250680E-4	4.768390E-5	-1.504813E-3
2.050000E-2	9.269750E-4	4.577660E-5	-1.975005E-3
2.100000E-2	9.346050E-4	4.577660E-5	8.883448E-4
2.150000E-2	9.355580E-4	4.863760E-5	1.958908E-4
2.200000E-2	9.279290E-4	4.673030E-5	6.027597E-4
2.250000E-2	9.250680E-4	4.863760E-5	2.131072E-3
2.300000E-2	9.164850E-4	4.863760E-5	2.726713E-3
2.350000E-2	9.088550E-4	4.768390E-5	-7.299561E-4
2.400000E-2	9.069480E-4	4.577660E-5	1.919179E-3
2.450000E-2	9.079020E-4	4.768390E-5	7.725399E-4
2.500000E-2	9.012260E-4	4.863760E-5	9.883370E-4
2.550000E-2	8.983650E-4	4.673030E-5	1.495079E-4
2.600000E-2	9.002720E-4	4.768390E-5	2.074886E-3
2.650000E-2	9.012260E-4	4.673030E-5	-8.542933E-4
2.700000E-2	9.012260E-4	4.577660E-5	3.081458E-3
2.750000E-2	9.050410E-4	4.863760E-5	1.844471E-3
2.800000E-2	9.250680E-4	4.863760E-5	2.054886E-3
2.850000E-2	9.269750E-4	4.577660E-5	-8.604002E-4
2.900000E-2	9.222070E-4	4.291560E-5	9.931451E-4
2.950000E-2	9.164850E-4	4.577660E-5	1.163485E-3
3.000000E-2	9.107630E-4	4.482290E-5	-1.346605E-3
3.050000E-2	9.031330E-4	4.386930E-5	3.600308E-5
3.100000E-2	8.993190E-4	4.577660E-5	1.239394E-3
3.150000E-2	9.012260E-4	4.673030E-5	-6.380333E-4
3.200000E-2	8.993190E-4	4.482290E-5	7.079189E-4
3.250000E-2	8.945500E-4	4.577660E-5	1.840209E-3
3.300000E-2	8.888280E-4	4.386930E-5	-5.669251E-4
3.350000E-2	8.792910E-4	4.482290E-5	1.427786E-3
3.400000E-2	8.726160E-4	4.577660E-5	8.035509E-5
3.450000E-2	8.678470E-4	4.386930E-5	-1.431495E-3
3.500000E-2	8.640330E-4	4.291560E-5	1.463336E-3
3.550000E-2	8.592640E-4	4.482290E-5	5.953539E-4
3.600000E-2	8.525890E-4	4.291560E-5	-1.585448E-3
3.650000E-2	8.449590E-4	4.196190E-5	7.263436E-4
3.700000E-2	8.487740E-4	4.386930E-5	-2.878200E-4
3.750000E-2	8.745230E-4	4.386930E-5	-8.752117E-4
3.800000E-2	8.811990E-4	4.386930E-5	-2.525458E-4
3.850000E-2	8.764300E-4	4.386930E-5	1.168390E-3
3.900000E-2	8.735690E-4	4.386930E-5	-1.883947E-4
3.950000E-2	8.697550E-4	4.386930E-5	6.421926E-4
4.000000E-2	8.659400E-4	4.386930E-5	1.031250E-4
4.050000E-2	8.640330E-4	4.196190E-5	-3.571594E-4
4.100000E-2	8.611720E-4	4.196190E-5	-7.275520E-4
4.150000E-2	8.611720E-4	4.577660E-5	8.380867E-4
4.200000E-2	8.611720E-4	4.386930E-5	-2.212646E-3
4.250000E-2	8.602180E-4	4.386930E-5	8.259484E-4
4.300000E-2	8.535420E-4	4.577660E-5	1.437789E-3
4.350000E-2	8.440050E-4	4.386930E-5	-1.239863E-3
4.400000E-2	8.316080E-4	4.196190E-5	7.827228E-4
4.450000E-2	8.153950E-4	4.196190E-5	-5.285148E-4
4.500000E-2	8.106270E-4	4.005460E-5	-1.442970E-3
4.550000E-2	8.039510E-4	4.100820E-5	2.965735E-3
4.600000E-2	7.991830E-4	4.196190E-5	7.653207E-4
4.650000E-2	7.944140E-4	4.005460E-5	-2.132384E-3
4.700000E-2	7.839240E-4	4.005460E-5	1.613310E-3
4.750000E-2	7.782020E-4	3.910090E-5	2.091272E-4
4.800000E-2	7.753410E-4	3.719350E-5	-1.980283E-3
4.850000E-2	7.696190E-4	3.719350E-5	1.647278E-3
4.900000E-2	7.724800E-4	4.005460E-5	2.893805E-3
4.950000E-2	7.839240E-4	4.005460E-5	-1.034078E-4
5.000000E-2	7.925070E-4	3.910090E-5	5.755407E-4
5.050000E-2	7.915530E-4	3.814720E-5	7.256044E-4
5.100000E-2	7.877390E-4	3.910090E-5	1.233474E-3
5.150000E-2	7.734340E-4	3.910090E-5	7.801322E-4
5.200000E-2	7.658040E-4	3.814720E-5	7.308824E-4
5.250000E-2	7.572210E-4	3.814720E-5	5.489710E-4
5.300000E-2	7.524530E-4	3.910090E-5	2.741151E-3
5.350000E-2	7.457770E-4	3.623990E-5	-9.022442E-4
5.400000E-2	7.371940E-4	3.623990E-5	-1.271987E-3
5.450000E-2	7.324260E-4	3.814720E-5	1.845397E-3
5.500000E-2	7.352870E-4	3.814720E-5	-1.735698E-3
5.550000E-2	7.391010E-4	3.623990E-5	-4.444497E-5
5.600000E-2	7.352870E-4	3.719350E-5	5.924799E-4
5.650000E-2	7.267040E-4	3.814720E-5	2.029809E-3
5.700000E-2	7.190740E-4	3.719350E-5	5.482248E-4
5.750000E-2	7.133520E-4	3.623990E-5	2.520822E-3
5.800000E-2	7.238430E-4	3.719350E-5	-1.275407E-3
5.850000E-2	7.267040E-4	3.719350E-5	1.314564E-3
5.900000E-2	7.228890E-4	3.814720E-5	1.043321E-3
5.950000E-2	7.171670E-4	3.719350E-5	-7.497693E-4
6.000000E-2	7.038150E-4	3.528620E-5	8.719581E-4
6.050000E-2	6.971400E-4	3.623990E-5	7.195872E-4
6.100000E-2	6.952320E-4	3.528620E-5	-1.905382E-3
6.150000E-2	6.904640E-4	3.433250E-5	-1.339102E-3
6.200000E-2	6.790200E-4	3.528620E-5	1.955655E-3
6.250000E-2	6.341970E-4	3.242520E-5	3.116958E-4
6.300000E-2	6.103550E-4	3.051780E-5	1.325210E-3
6.350000E-2	6.036800E-4	3.147150E-5	2.142927E-3
6.400000E-2	6.027260E-4	3.051780E-5	-1.539341E-3
6.450000E-2	5.998650E-4	3.242520E-5	-2.152406E-4
6.500000E-2	6.017720E-4	3.242520E-5	1.350854E-3
6.550000E-2	5.884210E-4	2.956400E-5	2.780864E-4
6.600000E-2	5.722080E-4	2.765670E-5	1.087691E-4
6.650000E-2	5.683940E-4	2.861030E-5	-9.800946E-4
6.700000E-2	5.636250E-4	2.861030E-5	2.802995E-3
6.750000E-2	5.569500E-4	2.861030E-5	1.492773E-3
6.800000E-2	5.550420E-4	2.765670E-5	-5.541587E-4
6.850000E-2	5.655330E-4	2.861030E-5	3.996935E-3
6.900000E-2	5.569500E-4	2.956400E-5	7.378253E-4
6.950000E-2	5.445520E-4	2.765670E-5	-2.121089E-3
7.000000E-2	5.407370E-4	2.670300E-5	6.287696E-4
7.050000E-2	5.435980E-4	2.765670E-5	-9.763917E-4
7.100000E-2	5.292930E-4	2.574930E-5	2.220873E-4
7.150000E-2	5.121270E-4	2.574930E-5	-6.184066E-4
7.200000E-2	4.968680E-4	2.384200E-5	-1.382529E-3
7.250000E-2	4.882850E-4	2.384200E-5	1.480649E-3
7.300000E-2	4.854220E-4	2.384200E-5	2.173619E-4
7.350000E-2	4.825610E-4	2.384200E-5	-9.644470E-4
7.400000E-2	4.797000E-4	2.384200E-5	9.736152E-4
7.450000E-2	4.777930E-4	2.574930E-5	1.384366E-3
7.500000E-2	4.720710E-4	2.384200E-5	7.128444E-5
7.550000E-2	4.615800E-4	2.384200E-5	2.265219E-3
7.600000E-2	4.520430E-4	2.384200E-5	2.892919E-4
7.650000E-2	4.405990E-4	2.193460E-5	-3.317918E-4
7.700000E-2	4.081740E-4	2.002730E-5	1.120722E-3
7.750000E-2	3.919620E-4	1.907360E-5	-2.531385E-3
7.800000E-2	3.824250E-4	1.907360E-5	1.161633E-3
7.850000E-2	3.786110E-4	1.907360E-5	-3.272529E-4
7.900000E-2	3.786110E-4	1.811990E-5	9.717566E-4
7.950000E-2	3.767030E-4	1.716630E-5	1.135437E-3
8.000000E-2	3.738420E-4	1.811990E-5	1.956304E-3
8.050000E-2	3.690740E-4	1.907360E-5	5.947045E-4
8.100000E-2	3.652590E-4	1.811990E-5	1.878163E-3
8.150000E-2	3.633520E-4	1.907360E-5	5.885008E-4
8.200000E-2	3.604910E-4	1.811990E-5	-1.160901E-3
8.250000E-2	3.576300E-4	1.811990E-5	1.894363E-3
8.300000E-2	3.414170E-4	1.716630E-5	1.349928E-3
8.350000E-2	3.232970E-4	1.621260E-5	9.894422E-4
8.400000E-2	3.137610E-4	1.716630E-5	2.181994E-3
8.450000E-2	3.080390E-4	1.621260E-5	-8.597508E-4
8.500000E-2	3.051780E-4	1.525890E-5	1.224956E-3
8.550000E-2	3.004090E-4	1.621260E-5	3.236798E-6
8.600000E-2	2.746600E-4	1.430520E-5	-3.465136E-4
8.650000E-2	2.536790E-4	1.239780E-5	5.299866E-4
8.700000E-2	2.403270E-4	1.239780E-5	1.162746E-3
8.750000E-2	2.365120E-4	1.239780E-5	1.003604E-3
8.800000E-2	2.355580E-4	1.239780E-5	4.428791E-4
8.850000E-2	2.384200E-4	1.239780E-5	9.266726E-4
8.900000E-2	2.412810E-4	1.144420E-5	3.456712E-4
8.950000E-2	2.460500E-4	1.239780E-5	5.806321E-4
9.000000E-2	2.460500E-4	1.239780E-5	-1.000923E-3
9.050000E-2	2.317440E-4	1.049050E-5	1.730919E-5
9.100000E-2	2.183920E-4	1.049050E-5	5.999825E-4
9.150000E-2	2.145780E-4	1.049050E-5	-6.766302E-4
9.200000E-2	2.117170E-4	1.049050E-5	1.864001E-3
9.250000E-2	2.117170E-4	1.049050E-5	3.792806E-4
9.300000E-2	2.136240E-4	1.049050E-5	2.411863E-3
9.350000E-2	2.079020E-4	1.049050E-5	3.627144E-4
9.400000E-2	2.002730E-4	9.536800E-6	-1.301984E-3
9.450000E-2	1.916890E-4	9.536800E-6	1.396132E-3
9.500000E-2	1.773840E-4	8.583130E-6	3.135543E-4
9.550000E-2	1.697550E-4	8.583130E-6	1.085254E-3
9.600000E-2	1.659400E-4	8.583130E-6	3.600270E-4
9.650000E-2	1.630790E-4	8.583130E-6	-1.880216E-4
9.700000E-2	1.592650E-4	7.629450E-6	1.281266E-4
9.750000E-2	1.564040E-4	7.629450E-6	3.980713E-4
9.800000E-2	1.535420E-4	8.583130E-6	-5.253716E-4
9.850000E-2	1.487740E-4	7.629450E-6	-4.958382E-4
9.900000E-2	1.258860E-4	5.722080E-6	-7.713443E-4
9.950000E-2	1.211170E-4	5.722080E-6	-1.006388E-3
1.000000E-1	1.211170E-4	5.722080E-6	6.289562E-4
1.005000E-1	1.153950E-4	5.722080E-6	2.806841E-4
1.010000E-1	1.125340E-4	5.722080E-6	-1.359095E-3
1.015000E-1	1.087190E-4	5.722080E-6	7.646713E-4
1.020000E-1	1.058580E-4	5.722080E-6	-6.711727E-4
1.025000E-1	1.039510E-4	4.768400E-6	-8.905907E-5
1.030000E-1	1.010900E-4	3.814730E-6	7.704051E-4
1.035000E-1	9.727520E-5	4.768400E-6	-3.179060E-4
1.040000E-1	9.441420E-5	3.814730E-6	-1.390203E-3
1.045000E-1	8.678480E-5	3.814730E-6	1.147934E-3
1.050000E-1	6.580400E-5	2.861040E-6	1.595908E-3
1.055000E-1	5.340600E-5	2.861040E-6	-5.068429E-4
1.060000E-1	4.863760E-5	1.907360E-6	7.853961E-4
1.065000E-1	4.673030E-5	1.907360E-6	1.615617E-3
1.070000E-1	4.577660E-5	1.907360E-6	7.201650E-5
1.075000E-1	4.386930E-5	1.907360E-6	-5.100972E-4
1.080000E-1	4.100820E-5	1.907360E-6	-1.327165E-3
1.085000E-1	3.719350E-5	1.907360E-6	-3.949274E-4
1.090000E-1	3.337880E-5	1.907360E-6	-3.106797E-4
1.095000E-1	2.861030E-5	1.907360E-6	4.264026E-4
1.100000E-1	2.479560E-5	9.536820E-7	-2.262595E-4
1.105000E-1	2.193460E-5	9.536820E-7	2.475376E-4
1.110000E-1	1.907360E-5	0.000000E+0	-7.729124E-4
1.115000E-1	1.525890E-5	0.000000E+0	-3.029150E-4
1.120000E-1	1.144420E-5	0.000000E+0	-1.647888E-4
1.125000E-1	7.629450E-6	0.000000E+0	8.323458E-4
1.130000E-1	4.768400E-6	0.000000E+0	-2.643039E-4
1.135000E-1	3.814730E-6	0.000000E+0	-4.590856E-4
1.140000E-1	3.814730E-6	0.000000E+0	7.442763E-5
1.145000E-1	3.814730E-6	0.000000E+0	-3.601232E-4
1.150000E-1	3.814730E-6	0.000000E+0	-6.278433E-4
1.155000E-1	3.814730E-6	0.000000E+0	4.639912E-4
1.160000E-1	3.814730E-6	0.000000E+0	6.719054E-4
1.165000E-1	3.814730E-6	0.000000E+0	5.466567E-4
1.170000E-1	3.814730E-6	0.000000E+0	-3.173463E-4
1.175000E-1	3.814730E-6	0.000000E+0	4.171383E-4
1.180000E-1	3.814730E-6	0.000000E+0	8.856574E-4
1.185000E-1	3.814730E-6	0.000000E+0	7.495763E-4
1.190000E-1	3.814730E-6	0.000000E+0	6.183356E-5
1.195000E-1	3.814730E-6	0.000000E+0	5.629466E-4
1.200000E-1	3.814730E-6	0.000000E+0	-1.823775E-4
1.205000E-1	3.814730E-6	0.000000E+0	1.058124E-4
1.210000E-1	3.814730E-6	0.000000E+0	-7.124642E-4
1.215000E-1	3.814730E-6	0.000000E+0	-5.930687E-6
1.220000E-1	3.814730E-6	0.000000E+0	4.106654E-4
1.225000E-1	3.814730E-6	0.000000E+0	-1.706194E-4
1.230000E-1	3.814730E-6	0.000000E+0	8.729801E-5
1.235000E-1	3.814730E-6	0.000000E+0	9.657465E-4
1.240000E-1	3.814730E-6	0.000000E+0	3.619681E-4
1.245000E-1	3.814730E-6	0.000000E+0	-2.638630E-5
1.250000E-1	3.814730E-6	0.000000E+0	7.094940E-4
1.255000E-1	3.814730E-6	0.000000E+0	-7.158837E-4
1.260000E-1	3.814730E-6	0.000000E+0	-1.169785E-3
1.265000E-1	3.814730E-6	0.000000E+0	-1.311883E-3
1.270000E-1	3.814730E-6	0.000000E+0	-7.728227E-4
1.275000E-1	3.814730E-6	0.000000E+0	-8.761375E-4
1.280000E-1	3.814730E-6	0.000000E+0	-3.353979E-4
1.285000E-1	3.814730E-6	0.000000E+0	3.749353E-4
1.290000E-1	3.814730E-6	0.000000E+0	5.368863E-5
1.295000E-1	3.814730E-6	0.000000E+0	9.589831E-4
1.300000E-1	3.814730E-6	0.000000E+0	1.009345E-3
1.305000E-1	3.814730E-6	0.000000E+0	2.801315E-4
1.310000E-1	3.814730E-6	0.000000E+0	1.244166E-4
1.315000E-1	3.814730E-6	0.000000E+0	9.311217E-4
1.320000E-1	3.814730E-6	0.000000E+0	9.469487E-4
1.325000E-1	3.814730E-6	0.000000E+0	2.032966E-4
1.330000E-1	3.814730E-6	0.000000E+0	3.832597E-4
1.335000E-1	3.814730E-6	0.000000E+0	-1.234585E-3
1.340000E-1	3.814730E-6	0.000000E+0	-4.547333E-4
1.345000E-1	3.814730E-6	0.000000E+0	-7.406916E-4
1.350000E-1	3.814730E-6	0.000000E+0	3.641927E-4
1.355000E-1	3.814730E-6	0.000000E+0	-5.025946E-4
1.360000E-1	3.814730E-6	0.000000E+0	2.498416E-5
1.365000E-1	3.814730E-6	0.000000E+0	-6.371005E-4
1.370000E-1	3.814730E-6	0.000000E+0	2.201391E-4
1.375000E-1	3.814730E-6	0.000000E+0	4.955484E-4
1.380000E-1	3.814730E-6	0.000000E+0	8.791128E-6
1.385000E-1	3.814730E-6	0.000000E+0	1.968981E-3
1.390000E-1	3.814730E-6	0.000000E+0	2.482591E-3
1.395000E-1	3.814730E-6	0.000000E+0	2.933679E-4
1.400000E-1	3.814730E-6	0.000000E+0	9.638054E-4
1.405000E-1	3.814730E-6	0.000000E+0	-3.471560E-4
1.410000E-1	3.814730E-6	0.000000E+0	-5.484178E-4
1.415000E-1	3.814730E-6	0.000000E+0	-3.888354E-5
1.420000E-1	3.814730E-6	0.000000E+0	-1.238938E-3
1.425000E-1	3.814730E-6	0.000000E+0	1.245971E-3
1.430000E-1	3.814730E-6	0.000000E+0	-5.804520E-4
1.435000E-1	3.814730E-6	0.000000E+0	-5.786793E-5
1.440000E-1	3.814730E-6	0.000000E+0	-2.283944E-4
1.445000E-1	3.814730E-6	0.000000E+0	9.774078E-4
1.450000E-1	3.814730E-6	0.000000E+0	-8.318894E-4
1.455000E-1	3.814730E-6	0.000000E+0	-1.214593E-4
1.460000E-1	3.814730E-6	0.000000E+0	4.670447E-4
1.465000E-1	3.814730E-6	0.000000E+0	-2.908735E-4
1.470000E-1	3.814730E-6	0.000000E+0	-1.920905E-4
1.475000E-1	3.814730E-6	0.000000E+0	2.315311E-4
1.480000E-1	3.814730E-6	0.000000E+0	-2.507841E-4
1.485000E-1	3.814730E-6	0.000000E+0	5.236034E-4
1.490000E-1	3.814730E-6	0.000000E+0	5.715544E-4
1.495000E-1	3.814730E-6	0.000000E+0	-1.782046E-4
1.500000E-1	3.814730E-6	0.000000E+0	-2.409743E-4
