1.500000E-1	3.814730E-6	0.000000E+0	1.932034E-4
1.495000E-1	3.814730E-6	0.000000E+0	2.657828E-4
1.490000E-1	3.814730E-6	0.000000E+0	3.509492E-4
1.485000E-1	3.814730E-6	0.000000E+0	1.860202E-3
1.480000E-1	3.814730E-6	0.000000E+0	1.739768E-3
1.475000E-1	3.814730E-6	0.000000E+0	-7.289406E-4
1.470000E-1	3.814730E-6	0.000000E+0	4.823191E-4
1.465000E-1	3.814730E-6	0.000000E+0	5.828567E-4
1.460000E-1	3.814730E-6	0.000000E+0	-1.271105E-4
1.455000E-1	3.814730E-6	0.000000E+0	1.454319E-4
1.450000E-1	3.814730E-6	0.000000E+0	-8.600271E-4
1.445000E-1	3.814730E-6	0.000000E+0	7.411551E-4
1.440000E-1	3.814730E-6	0.000000E+0	-6.306204E-4
1.435000E-1	3.814730E-6	0.000000E+0	-3.931728E-4
1.430000E-1	3.814730E-6	0.000000E+0	3.517420E-5
1.425000E-1	3.814730E-6	0.000000E+0	-5.409223E-4
1.420000E-1	3.814730E-6	0.000000E+0	3.319719E-4
1.415000E-1	3.814730E-6	0.000000E+0	-7.517325E-5
1.410000E-1	3.814730E-6	0.000000E+0	-3.147066E-5
1.405000E-1	3.814730E-6	0.000000E+0	-1.814453E-5
1.400000E-1	3.814730E-6	0.000000E+0	-4.439978E-4
1.395000E-1	3.814730E-6	0.000000E+0	1.926437E-4
1.390000E-1	3.814730E-6	0.000000E+0	4.028794E-4
1.385000E-1	3.814730E-6	0.000000E+0	-4.510304E-4
1.380000E-1	3.814730E-6	0.000000E+0	-4.241774E-4
1.375000E-1	3.814730E-6	0.000000E+0	-2.942930E-4
1.370000E-1	3.814730E-6	0.000000E+0	9.882402E-4
1.365000E-1	3.814730E-6	0.000000E+0	1.018333E-4
1.360000E-1	3.814730E-6	0.000000E+0	1.673729E-4
1.355000E-1	3.814730E-6	0.000000E+0	1.287689E-4
1.350000E-1	3.814730E-6	0.000000E+0	1.204583E-3
1.345000E-1	3.814730E-6	0.000000E+0	-9.152043E-4
1.340000E-1	3.814730E-6	0.000000E+0	-6.903295E-4
1.335000E-1	3.814730E-6	0.000000E+0	7.322562E-5
1.330000E-1	3.814730E-6	0.000000E+0	1.295131E-3
1.325000E-1	3.814730E-6	0.000000E+0	7.642981E-4
1.320000E-1	3.814730E-6	0.000000E+0	-7.998551E-4
1.315000E-1	3.814730E-6	0.000000E+0	-9.910238E-4
1.310000E-1	3.814730E-6	0.000000E+0	-1.232210E-4
1.305000E-1	3.814730E-6	0.000000E+0	-8.276197E-4
1.300000E-1	3.814730E-6	0.000000E+0	-1.517390E-4
1.295000E-1	3.814730E-6	0.000000E+0	5.153687E-4
1.290000E-1	3.814730E-6	0.000000E+0	3.842752E-4
1.285000E-1	3.814730E-6	0.000000E+0	3.626105E-4
1.280000E-1	3.814730E-6	0.000000E+0	1.474355E-3
1.275000E-1	3.814730E-6	0.000000E+0	7.973478E-4
1.270000E-1	3.814730E-6	0.000000E+0	-9.346374E-4
1.265000E-1	3.814730E-6	0.000000E+0	6.474635E-4
1.260000E-1	3.814730E-6	0.000000E+0	1.295081E-4
1.255000E-1	3.814730E-6	0.000000E+0	3.161449E-4
1.250000E-1	3.814730E-6	0.000000E+0	-5.507321E-4
1.245000E-1	3.814730E-6	0.000000E+0	-8.097618E-4
1.240000E-1	3.814730E-6	0.000000E+0	-5.873949E-4
1.235000E-1	3.814730E-6	0.000000E+0	1.017587E-3
1.230000E-1	3.814730E-6	0.000000E+0	-3.553977E-4
1.225000E-1	3.814730E-6	0.000000E+0	-9.447306E-4
1.220000E-1	3.814730E-6	0.000000E+0	5.604457E-4
1.215000E-1	3.814730E-6	0.000000E+0	6.862612E-4
1.210000E-1	3.814730E-6	0.000000E+0	-1.739215E-3
1.205000E-1	3.814730E-6	0.000000E+0	-2.002425E-4
1.200000E-1	3.814730E-6	0.000000E+0	3.289185E-4
1.195000E-1	3.814730E-6	0.000000E+0	-5.713814E-4
1.190000E-1	3.814730E-6	0.000000E+0	-3.841848E-4
1.185000E-1	3.814730E-6	0.000000E+0	1.521954E-4
1.180000E-1	3.814730E-6	0.000000E+0	3.928004E-4
1.175000E-1	3.814730E-6	0.000000E+0	-1.034346E-3
1.170000E-1	3.814730E-6	0.000000E+0	-7.929949E-4
1.165000E-1	3.814730E-6	0.000000E+0	-8.003180E-4
1.160000E-1	3.814730E-6	0.000000E+0	2.439315E-4
1.155000E-1	3.814730E-6	0.000000E+0	-2.433854E-4
1.150000E-1	3.814730E-6	0.000000E+0	4.249024E-5
1.145000E-1	3.814730E-6	0.000000E+0	-5.247221E-4
1.140000E-1	3.814730E-6	0.000000E+0	9.146382E-4
1.135000E-1	3.814730E-6	0.000000E+0	1.324657E-3
1.130000E-1	3.814730E-6	0.000000E+0	6.196093E-4
1.125000E-1	3.814730E-6	0.000000E+0	2.136661E-4
1.120000E-1	3.814730E-6	0.000000E+0	4.341596E-5
1.115000E-1	3.814730E-6	0.000000E+0	4.633347E-4
1.110000E-1	3.814730E-6	0.000000E+0	-5.611016E-4
1.105000E-1	3.814730E-6	0.000000E+0	-9.220937E-5
1.100000E-1	3.814730E-6	0.000000E+0	3.598333E-4
1.095000E-1	3.814730E-6	0.000000E+0	1.092481E-3
1.090000E-1	3.814730E-6	0.000000E+0	5.984971E-4
1.085000E-1	3.814730E-6	0.000000E+0	2.721583E-5
1.080000E-1	3.814730E-6	0.000000E+0	5.916511E-4
1.075000E-1	3.814730E-6	0.000000E+0	7.850371E-4
1.070000E-1	3.814730E-6	0.000000E+0	-7.267238E-5
1.065000E-1	3.814730E-6	0.000000E+0	-1.473332E-3
1.060000E-1	3.814730E-6	0.000000E+0	-4.724189E-4
1.055000E-1	3.814730E-6	0.000000E+0	1.107658E-3
1.050000E-1	3.814730E-6	0.000000E+0	-8.619218E-5
1.045000E-1	3.814730E-6	0.000000E+0	-8.237890E-6
1.040000E-1	3.814730E-6	0.000000E+0	1.803330E-4
1.035000E-1	3.814730E-6	0.000000E+0	-4.681563E-4
1.030000E-1	3.814730E-6	0.000000E+0	2.243838E-3
1.025000E-1	3.814730E-6	0.000000E+0	-2.578309E-4
1.020000E-1	3.814730E-6	0.000000E+0	-1.018429E-3
1.015000E-1	3.814730E-6	0.000000E+0	1.465284E-3
1.010000E-1	3.814730E-6	0.000000E+0	4.373176E-4
1.005000E-1	3.814730E-6	0.000000E+0	1.658574E-3
1.000000E-1	3.814730E-6	0.000000E+0	-8.985342E-4
9.950000E-2	3.814730E-6	0.000000E+0	-2.426462E-4
9.900000E-2	3.814730E-6	0.000000E+0	2.272685E-4
9.850000E-2	3.814730E-6	0.000000E+0	7.851269E-4
9.800000E-2	3.814730E-6	0.000000E+0	-7.175557E-4
9.750000E-2	4.768400E-6	0.000000E+0	-4.621391E-4
9.700000E-2	5.722080E-6	0.000000E+0	7.133905E-4
9.650000E-2	6.675750E-6	0.000000E+0	-2.486634E-4
9.600000E-2	6.675750E-6	0.000000E+0	3.749282E-4
9.550000E-2	7.629450E-6	0.000000E+0	-1.013517E-3
9.500000E-2	6.675750E-6	0.000000E+0	8.599309E-4
9.450000E-2	5.722080E-6	0.000000E+0	6.165487E-4
9.400000E-2	4.768400E-6	0.000000E+0	-4.271411E-4
9.350000E-2	4.768400E-6	0.000000E+0	1.417692E-3
9.300000E-2	4.768400E-6	0.000000E+0	6.510838E-4
9.250000E-2	4.768400E-6	0.000000E+0	7.227304E-4
9.200000E-2	5.722080E-6	0.000000E+0	-8.311431E-4
9.150000E-2	5.722080E-6	0.000000E+0	-2.862520E-4
9.100000E-2	4.768400E-6	0.000000E+0	6.707034E-4
9.050000E-2	4.768400E-6	0.000000E+0	1.031652E-3
9.000000E-2	4.768400E-6	0.000000E+0	3.137448E-5
8.950000E-2	5.722080E-6	0.000000E+0	7.951910E-5
8.900000E-2	5.722080E-6	0.000000E+0	-2.348673E-4
8.850000E-2	5.722080E-6	0.000000E+0	-5.555363E-5
8.800000E-2	5.722080E-6	0.000000E+0	-8.875224E-4
8.750000E-2	5.722080E-6	0.000000E+0	-1.047963E-4
8.700000E-2	5.722080E-6	0.000000E+0	-2.506046E-4
8.650000E-2	4.768400E-6	0.000000E+0	3.617816E-4
8.600000E-2	5.722080E-6	0.000000E+0	1.303179E-3
8.550000E-2	6.675750E-6	0.000000E+0	3.151224E-4
8.500000E-2	6.675750E-6	0.000000E+0	-1.334750E-3
8.450000E-2	6.675750E-6	0.000000E+0	4.136220E-4
8.400000E-2	7.629450E-6	0.000000E+0	-1.232210E-4
8.350000E-2	7.629450E-6	0.000000E+0	-1.636453E-3
8.300000E-2	8.583130E-6	0.000000E+0	-5.205564E-4
8.250000E-2	8.583130E-6	0.000000E+0	-1.460282E-3
8.200000E-2	8.583130E-6	0.000000E+0	-8.248219E-5
8.150000E-2	8.583130E-6	0.000000E+0	-6.308070E-4
8.100000E-2	8.583130E-6	0.000000E+0	-9.802811E-4
8.050000E-2	8.583130E-6	0.000000E+0	-4.851853E-4
8.000000E-2	7.629450E-6	0.000000E+0	4.207515E-4
7.950000E-2	7.629450E-6	0.000000E+0	-2.593021E-4
7.900000E-2	9.536800E-6	0.000000E+0	2.077297E-3
7.850000E-2	1.049050E-5	0.000000E+0	8.463213E-4
7.800000E-2	1.049050E-5	0.000000E+0	-7.050584E-4
7.750000E-2	1.049050E-5	0.000000E+0	2.054921E-5
7.700000E-2	1.049050E-5	0.000000E+0	1.917044E-3
7.650000E-2	1.049050E-5	0.000000E+0	4.866714E-4
7.600000E-2	1.049050E-5	0.000000E+0	1.952221E-3
7.550000E-2	1.049050E-5	0.000000E+0	2.207885E-4
7.500000E-2	1.049050E-5	0.000000E+0	5.101804E-4
7.450000E-2	1.049050E-5	0.000000E+0	-3.263272E-4
7.400000E-2	1.049050E-5	0.000000E+0	-1.070360E-3
7.350000E-2	1.049050E-5	0.000000E+0	-1.958005E-4
7.300000E-2	1.049050E-5	0.000000E+0	4.193764E-5
7.250000E-2	1.049050E-5	0.000000E+0	-6.590486E-4
7.200000E-2	1.049050E-5	0.000000E+0	-1.293351E-4
7.150000E-2	1.049050E-5	0.000000E+0	2.366226E-4
7.100000E-2	1.049050E-5	0.000000E+0	9.296363E-4
7.050000E-2	1.049050E-5	0.000000E+0	1.469173E-4
7.000000E-2	1.049050E-5	0.000000E+0	-1.129695E-3
6.950000E-2	1.049050E-5	0.000000E+0	-7.452382E-5
6.900000E-2	1.049050E-5	0.000000E+0	-1.056750E-3
6.850000E-2	1.049050E-5	0.000000E+0	-2.748936E-3
6.800000E-2	1.049050E-5	0.000000E+0	2.393100E-4
6.750000E-2	1.144420E-5	9.536820E-7	1.070913E-3
6.700000E-2	1.239780E-5	0.000000E+0	-4.005786E-4
6.650000E-2	1.239780E-5	0.000000E+0	-1.842992E-3
6.600000E-2	1.239780E-5	0.000000E+0	-1.144880E-3
6.550000E-2	1.239780E-5	0.000000E+0	-1.187719E-4
6.500000E-2	1.239780E-5	9.536820E-7	5.906350E-5
6.450000E-2	1.239780E-5	0.000000E+0	-5.173093E-4
6.400000E-2	1.239780E-5	0.000000E+0	-7.127334E-4
6.350000E-2	1.239780E-5	0.000000E+0	9.016490E-5
6.300000E-2	1.239780E-5	0.000000E+0	-3.852971E-4
6.250000E-2	1.239780E-5	0.000000E+0	7.377821E-5
6.200000E-2	1.335150E-5	0.000000E+0	-1.155526E-3
6.150000E-2	1.335150E-5	9.536820E-7	-9.837975E-4
6.100000E-2	1.239780E-5	9.536820E-7	5.033273E-4
6.050000E-2	1.239780E-5	9.536820E-7	2.319940E-4
6.000000E-2	1.239780E-5	9.536820E-7	3.203100E-5
5.950000E-2	1.335150E-5	9.536820E-7	-7.844839E-4
5.900000E-2	1.335150E-5	0.000000E+0	3.858503E-4
5.850000E-2	1.335150E-5	0.000000E+0	-2.268121E-4
5.800000E-2	1.430520E-5	9.536820E-7	4.214906E-4
5.750000E-2	1.430520E-5	0.000000E+0	-3.791004E-4
5.700000E-2	1.335150E-5	0.000000E+0	3.425209E-4
5.650000E-2	1.335150E-5	0.000000E+0	1.463246E-3
5.600000E-2	1.335150E-5	0.000000E+0	-9.129798E-4
5.550000E-2	1.335150E-5	0.000000E+0	4.428791E-4
5.500000E-2	1.430520E-5	0.000000E+0	1.053137E-3
5.450000E-2	1.430520E-5	0.000000E+0	-1.669412E-3
5.400000E-2	1.525890E-5	0.000000E+0	1.544128E-4
5.350000E-2	1.525890E-5	0.000000E+0	-2.606368E-3
5.300000E-2	1.525890E-5	9.536820E-7	-9.487098E-4
5.250000E-2	1.525890E-5	9.536820E-7	2.250228E-3
5.200000E-2	1.525890E-5	0.000000E+0	9.398192E-4
5.150000E-2	1.525890E-5	0.000000E+0	5.809982E-4
5.100000E-2	1.239780E-5	0.000000E+0	1.586683E-4
5.050000E-2	1.049050E-5	0.000000E+0	-1.465650E-3
5.000000E-2	1.049050E-5	0.000000E+0	1.183485E-3
4.950000E-2	1.049050E-5	0.000000E+0	7.302330E-4
4.900000E-2	1.144420E-5	0.000000E+0	5.425807E-4
4.850000E-2	1.144420E-5	0.000000E+0	-5.688805E-4
4.800000E-2	1.144420E-5	0.000000E+0	4.661189E-4
4.750000E-2	1.239780E-5	0.000000E+0	1.434010E-4
4.700000E-2	1.239780E-5	0.000000E+0	9.213119E-4
4.650000E-2	1.239780E-5	0.000000E+0	5.714646E-4
4.600000E-2	1.239780E-5	0.000000E+0	9.642611E-4
4.550000E-2	1.239780E-5	0.000000E+0	1.185336E-3
4.500000E-2	1.525890E-5	0.000000E+0	3.319719E-4
4.450000E-2	2.384200E-5	9.536820E-7	-4.534345E-4
4.400000E-2	2.765670E-5	1.907360E-6	-1.574705E-3
4.350000E-2	3.147150E-5	1.907360E-6	5.921965E-4
4.300000E-2	3.910090E-5	1.907360E-6	2.957719E-4
4.250000E-2	4.196190E-5	1.907360E-6	7.662464E-4
4.200000E-2	4.196190E-5	1.907360E-6	-1.210883E-3
4.150000E-2	4.291560E-5	1.907360E-6	2.665220E-4
4.100000E-2	4.386930E-5	1.907360E-6	1.981112E-3
4.050000E-2	4.196190E-5	1.907360E-6	1.939821E-3
4.000000E-2	4.196190E-5	1.907360E-6	-3.579954E-4
3.950000E-2	4.100820E-5	1.907360E-6	1.160521E-3
3.900000E-2	4.100820E-5	1.907360E-6	1.049890E-3
3.850000E-2	4.100820E-5	1.907360E-6	2.393998E-4
3.800000E-2	4.196190E-5	1.907360E-6	1.277722E-3
3.750000E-2	4.291560E-5	1.907360E-6	1.028502E-3
3.700000E-2	4.386930E-5	1.907360E-6	3.999227E-4
3.650000E-2	4.482290E-5	1.907360E-6	7.652239E-4
3.600000E-2	4.577660E-5	1.907360E-6	-1.205239E-3
3.550000E-2	4.577660E-5	1.907360E-6	4.989750E-4
3.500000E-2	4.482290E-5	1.907360E-6	1.483956E-4
3.450000E-2	4.386930E-5	1.907360E-6	-5.320382E-4
3.400000E-2	4.577660E-5	1.907360E-6	8.105842E-4
3.350000E-2	4.482290E-5	1.907360E-6	1.928374E-4
3.300000E-2	4.482290E-5	1.907360E-6	6.012743E-4
3.250000E-2	5.054500E-5	1.907360E-6	-2.909632E-4
3.200000E-2	5.245230E-5	1.907360E-6	2.019978E-4
3.150000E-2	5.245230E-5	1.907360E-6	6.473809E-4
3.100000E-2	5.245230E-5	1.907360E-6	-1.321880E-3
3.050000E-2	5.722070E-5	2.861040E-6	-1.025358E-3
3.000000E-2	5.912800E-5	2.861040E-6	2.087480E-3
2.950000E-2	5.912800E-5	2.861040E-6	-1.269770E-3
2.900000E-2	6.008170E-5	2.861040E-6	6.404309E-4
2.850000E-2	6.103560E-5	2.861040E-6	5.536061E-5
2.800000E-2	6.198930E-5	2.861040E-6	-9.904641E-4
2.750000E-2	6.866500E-5	3.814730E-6	-1.694690E-3
2.700000E-2	7.820180E-5	3.814730E-6	-4.451101E-4
2.650000E-2	8.583120E-5	3.814730E-6	-1.785598E-3
2.600000E-2	9.059950E-5	3.814730E-6	6.288665E-4
2.550000E-2	9.441420E-5	4.768400E-6	-8.946448E-4
2.500000E-2	9.727520E-5	4.768400E-6	1.881030E-3
2.450000E-2	9.536790E-5	3.814730E-6	-8.078135E-4
2.400000E-2	9.441420E-5	3.814730E-6	6.577433E-4
2.350000E-2	9.250690E-5	3.814730E-6	2.675148E-3
2.300000E-2	9.441420E-5	3.814730E-6	6.381166E-4
2.250000E-2	1.049050E-4	5.722080E-6	-8.517853E-4
2.200000E-2	1.106270E-4	5.722080E-6	2.388354E-3
2.150000E-2	1.115800E-4	5.722080E-6	1.231899E-3
2.100000E-2	1.125340E-4	5.722080E-6	1.068279E-4
2.050000E-2	1.106270E-4	5.722080E-6	5.767427E-4
2.000000E-2	1.106270E-4	5.722080E-6	1.005090E-3
1.950000E-2	1.173020E-4	5.722080E-6	5.099041E-4
1.900000E-2	1.211170E-4	5.722080E-6	-3.771522E-4
1.850000E-2	1.239790E-4	5.722080E-6	-1.475094E-3
1.800000E-2	1.258860E-4	5.722080E-6	3.113297E-4
1.750000E-2	1.230250E-4	5.722080E-6	-1.375109E-3
1.700000E-2	1.201630E-4	5.722080E-6	4.516734E-4
1.650000E-2	1.192100E-4	5.722080E-6	1.330025E-3
1.600000E-2	1.163490E-4	5.722080E-6	1.533974E-4
1.550000E-2	1.163490E-4	5.722080E-6	1.203291E-3
1.500000E-2	1.201630E-4	5.722080E-6	-1.483515E-3
1.450000E-2	1.220710E-4	5.722080E-6	-1.160845E-4
1.400000E-2	1.297010E-4	6.675750E-6	-1.055824E-3
1.350000E-2	1.411450E-4	7.629450E-6	-9.146446E-4
1.300000E-2	1.459130E-4	7.629450E-6	-6.679327E-4
1.250000E-2	1.478200E-4	6.675750E-6	-2.104889E-3
1.200000E-2	1.468670E-4	7.629450E-6	-1.201259E-3
1.150000E-2	1.459130E-4	7.629450E-6	-2.053269E-4
1.100000E-2	1.440060E-4	7.629450E-6	-8.011469E-4
1.050000E-2	1.430520E-4	7.629450E-6	1.147375E-3
1.000000E-2	1.411450E-4	6.675750E-6	2.622838E-3
9.500000E-3	1.411450E-4	6.675750E-6	1.298812E-4
9.000000E-3	1.525890E-4	7.629450E-6	6.064626E-4
8.500000E-3	1.621260E-4	7.629450E-6	2.304188E-4
8.000000E-3	1.678480E-4	8.583130E-6	-1.051099E-3
7.500000E-3	1.707090E-4	8.583130E-6	2.651334E-4
7.000000E-3	1.964580E-4	9.536800E-6	1.392974E-3
6.500000E-3	2.517720E-4	1.239780E-5	-1.375116E-3
6.000000E-3	2.727530E-4	1.335150E-5	-1.107022E-3
5.500000E-3	2.775210E-4	1.430520E-5	4.138086E-4
5.000000E-3	2.784750E-4	1.335150E-5	1.943807E-3
4.500000E-3	2.803820E-4	1.335150E-5	2.473417E-3
4.000000E-3	2.851500E-4	1.335150E-5	1.010941E-4
3.500000E-3	2.889650E-4	1.430520E-5	1.499536E-3
3.000000E-3	2.946870E-4	1.525890E-5	1.203825E-5
2.500000E-3	3.051780E-4	1.525890E-5	-6.079403E-4
2.000000E-3	3.099460E-4	1.525890E-5	7.842980E-4
1.500000E-3	3.089920E-4	1.621260E-5	-6.474771E-4
1.000000E-3	3.089920E-4	1.525890E-5	-8.503967E-4
5.000000E-4	3.070850E-4	1.525890E-5	-1.411868E-3
0.000000E+0	3.051780E-4	1.525890E-5	9.509350E-4
0.000000E+0	3.042240E-4	1.525890E-5	-2.578037E-3
5.000000E-4	3.032700E-4	1.621260E-5	-4.288131E-4
1.000000E-3	2.851500E-4	1.525890E-5	-1.136362E-3
1.500000E-3	2.651230E-4	1.335150E-5	-1.086463E-3
2.000000E-3	2.508180E-4	1.239780E-5	1.856111E-4
2.500000E-3	2.517720E-4	1.239780E-5	-1.027313E-3
3.000000E-3	2.546330E-4	1.239780E-5	8.947352E-4
3.500000E-3	2.508180E-4	1.239780E-5	1.561746E-3
4.000000E-3	2.689380E-4	1.335150E-5	7.627908E-5
4.500000E-3	3.156680E-4	1.621260E-5	-7.657829E-4
5.000000E-3	3.461860E-4	1.716630E-5	1.579798E-3
5.500000E-3	3.490470E-4	1.811990E-5	-2.903209E-4
6.000000E-3	3.471390E-4	1.811990E-5	-1.309106E-3
6.500000E-3	3.461860E-4	1.716630E-5	-1.255698E-3
7.000000E-3	3.404640E-4	1.716630E-5	2.194401E-3
7.500000E-3	3.328340E-4	1.716630E-5	1.107292E-3
8.000000E-3	3.271120E-4	1.525890E-5	-4.485296E-4
8.500000E-3	3.232970E-4	1.525890E-5	2.666541E-3
9.000000E-3	3.213900E-4	1.621260E-5	1.050077E-3
9.500000E-3	3.213900E-4	1.525890E-5	-1.734220E-3
1.000000E-2	3.194830E-4	1.621260E-5	2.718560E-3
1.050000E-2	3.166220E-4	1.525890E-5	-5.645211E-4
1.100000E-2	3.118530E-4	1.525890E-5	1.221094E-4
1.150000E-2	3.051780E-4	1.525890E-5	1.436677E-3
1.200000E-2	3.013630E-4	1.525890E-5	8.430813E-4
1.250000E-2	2.994560E-4	1.525890E-5	-3.941883E-4
1.300000E-2	2.985020E-4	1.525890E-5	5.447155E-4
1.350000E-2	2.975480E-4	1.525890E-5	-3.080815E-3
1.400000E-2	2.975480E-4	1.525890E-5	2.590265E-4
1.450000E-2	2.985020E-4	1.525890E-5	2.556656E-3
1.500000E-2	2.994560E-4	1.621260E-5	1.869466E-3
1.550000E-2	3.023170E-4	1.525890E-5	8.375270E-4
1.600000E-2	3.032700E-4	1.430520E-5	2.440098E-3
1.650000E-2	3.032700E-4	1.525890E-5	-4.421464E-4
1.700000E-2	3.032700E-4	1.525890E-5	5.944282E-4
1.750000E-2	3.023170E-4	1.525890E-5	2.456574E-3
1.800000E-2	3.032700E-4	1.525890E-5	-4.383466E-4
1.850000E-2	3.032700E-4	1.525890E-5	8.987143E-4
1.900000E-2	3.051780E-4	1.525890E-5	1.021656E-3
1.950000E-2	3.137610E-4	1.525890E-5	-4.799970E-4
2.000000E-2	3.185290E-4	1.525890E-5	-1.357437E-3
2.050000E-2	3.137610E-4	1.621260E-5	-1.298370E-3
2.100000E-2	3.070850E-4	1.525890E-5	-3.545695E-5
2.150000E-2	3.061310E-4	1.525890E-5	-2.575475E-4
2.200000E-2	3.070850E-4	1.525890E-5	-8.092918E-4
2.250000E-2	3.051780E-4	1.525890E-5	-1.393720E-3
2.300000E-2	3.051780E-4	1.525890E-5	-1.498610E-3
2.350000E-2	3.051780E-4	1.621260E-5	1.597806E-4
2.400000E-2	3.051780E-4	1.525890E-5	-2.377708E-3
2.450000E-2	3.070850E-4	1.525890E-5	-6.806165E-4
2.500000E-2	3.080390E-4	1.525890E-5	-1.153667E-3
2.550000E-2	3.099460E-4	1.525890E-5	-3.572492E-4
2.600000E-2	3.118530E-4	1.525890E-5	-2.347995E-3
2.650000E-2	3.137610E-4	1.525890E-5	-2.810566E-4
2.700000E-2	3.166220E-4	1.525890E-5	1.470928E-3
2.750000E-2	3.185290E-4	1.525890E-5	2.372057E-3
2.800000E-2	3.204360E-4	1.621260E-5	4.009382E-4
2.850000E-2	3.213900E-4	1.621260E-5	1.320962E-3
2.900000E-2	3.204360E-4	1.525890E-5	4.780565E-4
2.950000E-2	3.204360E-4	1.525890E-5	4.334424E-4
3.000000E-2	3.232970E-4	1.525890E-5	2.392057E-3
3.050000E-2	3.271120E-4	1.621260E-5	-9.517632E-4
3.100000E-2	3.299730E-4	1.621260E-5	-3.542854E-4
3.150000E-2	3.318810E-4	1.716630E-5	7.905915E-4
3.200000E-2	3.337880E-4	1.716630E-5	1.314563E-4
3.250000E-2	3.356950E-4	1.716630E-5	-5.582282E-5
3.300000E-2	3.385560E-4	1.716630E-5	4.813862E-4
3.350000E-2	3.385560E-4	1.716630E-5	-1.282543E-3
3.400000E-2	3.385560E-4	1.716630E-5	5.715544E-4
3.450000E-2	3.404640E-4	1.716630E-5	1.018050E-3
3.500000E-2	3.414170E-4	1.716630E-5	-9.173250E-4
3.550000E-2	3.423710E-4	1.716630E-5	1.480552E-3
3.600000E-2	3.452320E-4	1.716630E-5	1.655796E-3
3.650000E-2	3.461860E-4	1.716630E-5	1.637565E-3
3.700000E-2	3.490470E-4	1.811990E-5	2.422233E-3
3.750000E-2	3.557220E-4	1.907360E-5	-9.577875E-4
3.800000E-2	3.738420E-4	1.907360E-5	1.498327E-3
3.850000E-2	3.833790E-4	1.907360E-5	5.652680E-4
3.900000E-2	3.891010E-4	2.002730E-5	-9.393628E-4
3.950000E-2	3.919620E-4	1.907360E-5	7.441188E-4
4.000000E-2	3.938690E-4	2.098100E-5	-1.051935E-3
4.050000E-2	3.938690E-4	1.907360E-5	-6.255290E-4
4.100000E-2	3.948230E-4	1.907360E-5	-1.703478E-3
4.150000E-2	3.976840E-4	2.002730E-5	5.614683E-4
4.200000E-2	4.005450E-4	1.907360E-5	1.022961E-4
4.250000E-2	4.005450E-4	1.907360E-5	8.868736E-4
4.300000E-2	3.995910E-4	2.098100E-5	9.555565E-4
4.350000E-2	3.957770E-4	2.098100E-5	-4.870368E-4
4.400000E-2	3.929160E-4	2.002730E-5	5.360038E-4
4.450000E-2	3.910080E-4	1.907360E-5	1.738601E-4
4.500000E-2	3.919620E-4	1.907360E-5	8.518757E-4
4.550000E-2	3.938690E-4	1.907360E-5	1.656722E-3
4.600000E-2	3.957770E-4	1.907360E-5	-1.995363E-3
4.650000E-2	3.986380E-4	2.193460E-5	-2.009353E-3
4.700000E-2	4.005450E-4	2.193460E-5	8.711293E-4
4.750000E-2	4.005450E-4	1.907360E-5	9.766751E-5
4.800000E-2	4.024520E-4	1.811990E-5	-9.384371E-4
4.850000E-2	3.881470E-4	1.811990E-5	1.034250E-3
4.900000E-2	3.652590E-4	1.907360E-5	-8.443866E-4
4.950000E-2	3.557220E-4	1.907360E-5	-1.366321E-3
5.000000E-2	3.557220E-4	1.907360E-5	3.827969E-4
5.050000E-2	3.538150E-4	1.716630E-5	3.553984E-4
5.100000E-2	3.519080E-4	1.525890E-5	-1.001946E-3
5.150000E-2	3.538150E-4	1.525890E-5	-2.779851E-3
5.200000E-2	3.576300E-4	1.621260E-5	1.591312E-4
5.250000E-2	3.509540E-4	1.621260E-5	1.589331E-3
5.300000E-2	3.557220E-4	1.716630E-5	3.512255E-4
5.350000E-2	3.318810E-4	1.621260E-5	8.301212E-4
5.400000E-2	3.118530E-4	1.621260E-5	7.359294E-7
5.450000E-2	3.051780E-4	1.621260E-5	-2.446771E-4
5.500000E-2	3.004090E-4	1.525890E-5	-3.369730E-4
5.550000E-2	2.822890E-4	1.239780E-5	1.196445E-3
5.600000E-2	2.737060E-4	1.239780E-5	1.056378E-3
5.650000E-2	2.803820E-4	1.430520E-5	-1.434972E-4
5.700000E-2	2.851500E-4	1.525890E-5	-3.628035E-4
5.750000E-2	2.870580E-4	1.525890E-5	-4.249669E-5
5.800000E-2	2.899190E-4	1.525890E-5	4.165857E-4
5.850000E-2	2.927800E-4	1.430520E-5	-3.212357E-4
5.900000E-2	2.937340E-4	1.525890E-5	1.546375E-3
5.950000E-2	3.004090E-4	1.430520E-5	-1.240603E-3
6.000000E-2	3.089920E-4	1.525890E-5	-1.086560E-3
6.050000E-2	3.128070E-4	1.525890E-5	-3.121651E-4
6.100000E-2	3.166220E-4	1.430520E-5	-8.376232E-4
6.150000E-2	3.175750E-4	1.430520E-5	1.067479E-3
6.200000E-2	3.185290E-4	1.525890E-5	5.063878E-4
6.250000E-2	3.204360E-4	1.525890E-5	-1.228561E-3
6.300000E-2	3.232970E-4	1.525890E-5	-1.436213E-3
6.350000E-2	3.232970E-4	1.525890E-5	1.845487E-3
6.400000E-2	3.232970E-4	1.430520E-5	8.294718E-4
6.450000E-2	3.252050E-4	1.525890E-5	7.124577E-4
6.500000E-2	3.080390E-4	1.525890E-5	3.809454E-4
6.550000E-2	2.908730E-4	1.335150E-5	4.216772E-4
6.600000E-2	2.889650E-4	1.525890E-5	1.231063E-3
6.650000E-2	2.841970E-4	1.525890E-5	5.382284E-4
6.700000E-2	2.803820E-4	1.525890E-5	1.214400E-3
6.750000E-2	2.803820E-4	1.525890E-5	-1.912145E-3
6.800000E-2	2.813360E-4	1.525890E-5	-6.258627E-5
6.850000E-2	2.803820E-4	1.525890E-5	1.316358E-4
6.900000E-2	2.765670E-4	1.335150E-5	-3.046929E-3
6.950000E-2	2.565400E-4	1.335150E-5	1.098864E-3
7.000000E-2	2.527260E-4	1.239780E-5	1.404269E-3
7.050000E-2	2.565400E-4	1.239780E-5	1.280402E-3
7.100000E-2	2.584480E-4	1.239780E-5	1.676632E-3
7.150000E-2	2.594010E-4	1.239780E-5	-5.790563E-4
7.200000E-2	2.613090E-4	1.239780E-5	1.872796E-3
7.250000E-2	2.651230E-4	1.239780E-5	1.280499E-3
7.300000E-2	2.622620E-4	1.144420E-5	-2.581969E-4
7.350000E-2	2.374660E-4	1.049050E-5	-7.441253E-4
7.400000E-2	2.231610E-4	1.049050E-5	1.486852E-3
7.450000E-2	2.193460E-4	9.536800E-6	-1.777489E-4
7.500000E-2	2.203000E-4	9.536800E-6	3.484483E-4
7.550000E-2	2.231610E-4	9.536800E-6	5.329504E-4
7.600000E-2	2.231610E-4	1.049050E-5	4.986987E-4
7.650000E-2	2.279290E-4	1.049050E-5	-1.278497E-4
7.700000E-2	2.336510E-4	1.239780E-5	-5.700825E-4
7.750000E-2	2.536790E-4	1.335150E-5	5.258344E-5
7.800000E-2	2.679840E-4	1.335150E-5	-1.740537E-5
7.850000E-2	2.727530E-4	1.239780E-5	1.782911E-3
7.900000E-2	2.670310E-4	1.239780E-5	9.357503E-4
7.950000E-2	2.613090E-4	1.239780E-5	3.138235E-4
8.000000E-2	2.517720E-4	1.144420E-5	1.083216E-3
8.050000E-2	2.450960E-4	1.049050E-5	1.578126E-3
8.100000E-2	2.422340E-4	1.144420E-5	-2.207878E-4
8.150000E-2	2.307900E-4	1.239780E-5	1.618215E-3
8.200000E-2	2.050410E-4	1.144420E-5	-1.282536E-3
8.250000E-2	1.983650E-4	1.144420E-5	1.395115E-4
8.300000E-2	1.993190E-4	1.049050E-5	-3.089251E-4
8.350000E-2	2.002730E-4	1.049050E-5	-2.384734E-4
8.400000E-2	1.964580E-4	1.049050E-5	1.227546E-3
8.450000E-2	1.935970E-4	1.049050E-5	1.974998E-3
8.500000E-2	1.916890E-4	1.049050E-5	-1.677378E-3
8.550000E-2	1.888280E-4	9.536800E-6	1.113399E-3
8.600000E-2	1.878750E-4	8.583130E-6	4.392659E-4
8.650000E-2	1.811990E-4	7.629450E-6	-7.859274E-5
8.700000E-2	1.707090E-4	7.629450E-6	-1.046291E-3
8.750000E-2	1.611720E-4	6.675750E-6	9.572214E-4
8.800000E-2	1.506810E-4	7.629450E-6	-1.118310E-3
8.850000E-2	1.478200E-4	7.629450E-6	-2.264949E-3
8.900000E-2	1.459130E-4	6.675750E-6	-6.573011E-6
8.950000E-2	1.449590E-4	7.629450E-6	-1.186822E-4
9.000000E-2	1.478200E-4	6.675750E-6	-8.273505E-4
9.050000E-2	1.525890E-4	7.629450E-6	-3.990035E-4
9.100000E-2	1.525890E-4	7.629450E-6	-1.558079E-4
9.150000E-2	1.516350E-4	7.629450E-6	1.899731E-3
9.200000E-2	1.497280E-4	7.629450E-6	1.027120E-3
9.250000E-2	1.430520E-4	6.675750E-6	2.040358E-4
9.300000E-2	1.249320E-4	5.722080E-6	4.613935E-4
9.350000E-2	1.163490E-4	5.722080E-6	7.207892E-4
9.400000E-2	1.144410E-4	5.722080E-6	-1.125752E-4
9.450000E-2	1.144410E-4	5.722080E-6	-4.996308E-4
9.500000E-2	1.106270E-4	4.768400E-6	7.731893E-4
9.550000E-2	1.068120E-4	4.768400E-6	1.526582E-4
9.600000E-2	1.058580E-4	4.768400E-6	-2.811463E-4
9.650000E-2	1.068120E-4	4.768400E-6	-9.427894E-4
9.700000E-2	1.039510E-4	4.768400E-6	5.972951E-4
9.750000E-2	9.918260E-5	4.768400E-6	9.193636E-4
9.800000E-2	9.632160E-5	4.768400E-6	-1.366135E-3
9.850000E-2	9.536790E-5	4.768400E-6	1.264948E-3
9.900000E-2	9.536790E-5	3.814730E-6	-6.151666E-4
9.950000E-2	9.250690E-5	3.814730E-6	4.652829E-4
1.000000E-1	8.869220E-5	3.814730E-6	-1.423440E-3
1.005000E-1	8.583120E-5	3.814730E-6	-2.512540E-4
1.010000E-1	7.820180E-5	3.814730E-6	2.390195E-4
1.015000E-1	7.343340E-5	3.814730E-6	1.009076E-3
1.020000E-1	7.152600E-5	3.814730E-6	8.989080E-4
1.025000E-1	7.057240E-5	3.814730E-6	1.515916E-3
1.030000E-1	6.771130E-5	2.861040E-6	1.861708E-4
1.035000E-1	7.629440E-5	3.814730E-6	-6.248867E-4
1.040000E-1	9.918260E-5	4.768400E-6	-8.128017E-5
1.045000E-1	1.077660E-4	4.768400E-6	4.955484E-4
1.050000E-1	1.058580E-4	4.768400E-6	8.503005E-4
1.055000E-1	1.039510E-4	4.768400E-6	-2.148675E-4
1.060000E-1	9.918260E-5	4.768400E-6	-4.320531E-4
1.065000E-1	9.441420E-5	4.768400E-6	-1.088874E-3
1.070000E-1	8.869220E-5	3.814730E-6	-6.904263E-4
1.075000E-1	8.106280E-5	3.814730E-6	6.809832E-4
1.080000E-1	7.247970E-5	3.814730E-6	-5.197275E-4
1.085000E-1	6.580400E-5	2.861040E-6	1.696943E-4
1.090000E-1	6.008170E-5	2.861040E-6	1.123776E-3
1.095000E-1	5.245230E-5	1.907360E-6	-8.304188E-5
1.100000E-1	4.100820E-5	1.907360E-6	-5.721851E-5
1.105000E-1	3.147150E-5	9.536820E-7	6.534878E-4
1.110000E-1	2.574930E-5	9.536820E-7	-1.779394E-3
1.115000E-1	2.098100E-5	9.536820E-7	-1.007224E-3
1.120000E-1	1.525890E-5	9.536820E-7	7.838351E-4
1.125000E-1	9.536800E-6	0.000000E+0	-4.124264E-4
1.130000E-1	5.722080E-6	0.000000E+0	-3.719710E-4
1.135000E-1	4.768400E-6	0.000000E+0	-1.396006E-4
1.140000E-1	3.814730E-6	0.000000E+0	-9.083511E-4
1.145000E-1	3.814730E-6	0.000000E+0	-2.779063E-4
1.150000E-1	3.814730E-6	0.000000E+0	1.747174E-3
1.155000E-1	3.814730E-6	0.000000E+0	1.148902E-4
1.160000E-1	3.814730E-6	0.000000E+0	1.665987E-3
1.165000E-1	3.814730E-6	0.000000E+0	2.750400E-4
1.170000E-1	3.814730E-6	0.000000E+0	7.339359E-4
1.175000E-1	3.814730E-6	0.000000E+0	-4.136284E-4
1.180000E-1	3.814730E-6	0.000000E+0	1.844090E-4
1.185000E-1	3.814730E-6	0.000000E+0	9.870310E-4
1.190000E-1	3.814730E-6	0.000000E+0	-7.649540E-4
1.195000E-1	3.814730E-6	0.000000E+0	2.528298E-4
1.200000E-1	3.814730E-6	0.000000E+0	2.751298E-4
1.205000E-1	3.814730E-6	0.000000E+0	-9.368620E-4
1.210000E-1	3.814730E-6	0.000000E+0	7.591305E-5
1.215000E-1	3.814730E-6	0.000000E+0	6.812666E-4
1.220000E-1	3.814730E-6	0.000000E+0	2.479107E-4
1.225000E-1	3.814730E-6	0.000000E+0	-8.758076E-5
1.230000E-1	3.814730E-6	0.000000E+0	2.523599E-4
1.235000E-1	3.814730E-6	0.000000E+0	7.415134E-5
1.240000E-1	3.814730E-6	0.000000E+0	4.288067E-4
1.245000E-1	3.814730E-6	0.000000E+0	3.216993E-4
1.250000E-1	3.814730E-6	0.000000E+0	-7.894856E-4
1.255000E-1	3.814730E-6	0.000000E+0	-1.176541E-3
1.260000E-1	3.814730E-6	0.000000E+0	1.033877E-3
1.265000E-1	3.814730E-6	0.000000E+0	-1.064156E-3
1.270000E-1	3.814730E-6	0.000000E+0	1.536737E-4
1.275000E-1	3.814730E-6	0.000000E+0	4.645367E-4
1.280000E-1	3.814730E-6	0.000000E+0	6.756083E-4
1.285000E-1	3.814730E-6	0.000000E+0	-8.113298E-4
1.290000E-1	3.814730E-6	0.000000E+0	-6.601538E-4
1.295000E-1	3.814730E-6	0.000000E+0	-4.557559E-4
1.300000E-1	3.814730E-6	0.000000E+0	6.093295E-4
1.305000E-1	3.814730E-6	0.000000E+0	2.629159E-4
1.310000E-1	3.814730E-6	0.000000E+0	1.185516E-3
1.315000E-1	3.814730E-6	0.000000E+0	-9.226998E-4
1.320000E-1	3.814730E-6	0.000000E+0	-7.171825E-4
1.325000E-1	3.814730E-6	0.000000E+0	-1.113406E-3
1.330000E-1	3.814730E-6	0.000000E+0	-9.881498E-4
1.335000E-1	3.814730E-6	0.000000E+0	-1.426680E-3
1.340000E-1	3.814730E-6	0.000000E+0	3.393777E-4
1.345000E-1	3.814730E-6	0.000000E+0	1.204374E-4
1.350000E-1	3.814730E-6	0.000000E+0	6.369210E-5
1.355000E-1	3.814730E-6	0.000000E+0	1.850514E-4
1.360000E-1	3.814730E-6	0.000000E+0	3.512326E-4
1.365000E-1	3.814730E-6	0.000000E+0	-2.207052E-4
1.370000E-1	3.814730E-6	0.000000E+0	8.650152E-4
1.375000E-1	3.814730E-6	0.000000E+0	9.509350E-4
1.380000E-1	3.814730E-6	0.000000E+0	-3.777125E-5
1.385000E-1	3.814730E-6	0.000000E+0	4.149208E-4
1.390000E-1	3.814730E-6	0.000000E+0	1.877977E-3
1.395000E-1	3.814730E-6	0.000000E+0	-4.205714E-4
1.400000E-1	3.814730E-6	0.000000E+0	-6.815422E-4
1.405000E-1	3.814730E-6	0.000000E+0	-2.962632E-5
1.410000E-1	3.814730E-6	0.000000E+0	1.048867E-4
1.415000E-1	3.814730E-6	0.000000E+0	3.887708E-5
1.420000E-1	3.814730E-6	0.000000E+0	-7.687466E-4
1.425000E-1	3.814730E-6	0.000000E+0	4.592658E-4
1.430000E-1	3.814730E-6	0.000000E+0	-3.060582E-4
1.435000E-1	3.814730E-6	0.000000E+0	3.986310E-4
1.440000E-1	3.814730E-6	0.000000E+0	6.198785E-4
1.445000E-1	3.814730E-6	0.000000E+0	2.869414E-5
1.450000E-1	3.814730E-6	0.000000E+0	-6.062754E-4
1.455000E-1	3.814730E-6	0.000000E+0	6.452809E-5
1.460000E-1	3.814730E-6	0.000000E+0	-4.344572E-4
1.465000E-1	3.814730E-6	0.000000E+0	1.632143E-4
1.470000E-1	3.814730E-6	0.000000E+0	-4.842667E-4
1.475000E-1	3.814730E-6	0.000000E+0	-4.715758E-4
1.480000E-1	3.814730E-6	0.000000E+0	3.413260E-4
1.485000E-1	3.814730E-6	0.000000E+0	5.323287E-5
1.490000E-1	3.814730E-6	0.000000E+0	-8.295680E-4
1.495000E-1	3.814730E-6	0.000000E+0	-1.527307E-3
1.500000E-1	3.814730E-6	0.000000E+0	-1.655706E-3
