-6.950000E-2	3.463760E-3	-1.153950E-4	7.390493E+0
-6.900000E-2	3.524800E-3	-8.678480E-5	7.389911E+0
-6.850000E-2	3.562940E-3	-8.201650E-5	7.383870E+0
-6.800000E-2	3.549590E-3	-6.866500E-5	7.397217E+0
-6.750000E-2	3.502860E-3	-5.435970E-5	7.395080E+0
-6.700000E-2	3.498090E-3	-5.149860E-5	7.402729E+0
-6.650000E-2	3.466620E-3	-6.294300E-5	7.396838E+0
-6.600000E-2	3.474250E-3	-8.201650E-5	7.396366E+0
-6.550000E-2	3.470440E-3	-8.201650E-5	7.410433E+0
-6.500000E-2	3.445640E-3	-7.247970E-5	7.407908E+0
-6.450000E-2	3.467570E-3	-7.152600E-5	7.416056E+0
-6.400000E-2	3.505720E-3	-7.057240E-5	7.420727E+0
-6.350000E-2	3.517170E-3	-9.346050E-5	7.408085E+0
-6.300000E-2	3.537190E-3	-8.392380E-5	7.423169E+0
-6.250000E-2	3.528610E-3	-5.340600E-5	7.427470E+0
-6.200000E-2	3.500950E-3	-8.201650E-5	7.426138E+0
-6.150000E-2	3.503810E-3	-1.220710E-4	7.427914E+0
-6.100000E-2	3.465670E-3	-1.888280E-4	7.424704E+0
-6.050000E-2	3.434200E-3	-2.307900E-4	7.433796E+0
-6.000000E-2	3.409400E-3	-2.031340E-4	7.441444E+0
-5.950000E-2	3.379840E-3	-1.401910E-4	7.435923E+0
-5.900000E-2	3.408450E-3	-9.250690E-5	7.445532E+0
-5.850000E-2	3.400820E-3	-1.049050E-4	7.442628E+0
-5.800000E-2	3.432290E-3	-1.182560E-4	7.442360E+0
-5.750000E-2	3.467570E-3	-1.049050E-4	7.458342E+0
-5.700000E-2	3.472340E-3	-1.201630E-4	7.453727E+0
-5.650000E-2	3.472340E-3	-1.621260E-4	7.459387E+0
-5.600000E-2	3.467570E-3	-1.544960E-4	7.466583E+0
-5.550000E-2	3.444690E-3	-1.420980E-4	7.462532E+0
-5.500000E-2	3.447550E-3	-1.211170E-4	7.463724E+0
-5.450000E-2	3.471390E-3	-8.010910E-5	7.466712E+0
-5.400000E-2	3.467570E-3	-4.386930E-5	7.466286E+0
-5.350000E-2	3.481880E-3	-5.722080E-6	7.481455E+0
-5.300000E-2	3.477110E-3	2.861030E-5	7.479512E+0
-5.250000E-2	3.479020E-3	1.811990E-5	7.474776E+0
-5.200000E-2	3.477110E-3	2.193460E-5	7.482306E+0
-5.150000E-2	3.439920E-3	7.629450E-6	7.479114E+0
-5.100000E-2	3.410350E-3	-3.337880E-5	7.481963E+0
-5.050000E-2	3.393190E-3	-2.193460E-5	7.490324E+0
-5.000000E-2	3.378880E-3	-2.384200E-5	7.491564E+0
-4.950000E-2	3.380790E-3	-6.771130E-5	7.490925E+0
-4.900000E-2	3.405590E-3	-8.678480E-5	7.508137E+0
-4.850000E-2	3.417980E-3	-6.294300E-5	7.488401E+0
-4.800000E-2	3.476160E-3	-5.149860E-5	7.502163E+0
-4.750000E-2	3.495230E-3	-5.626700E-5	7.507102E+0
-4.700000E-2	3.483790E-3	-7.152600E-5	7.506158E+0
-4.650000E-2	3.485690E-3	-6.294300E-5	7.516138E+0
-4.600000E-2	3.476160E-3	-4.291560E-5	7.514888E+0
-4.550000E-2	3.472340E-3	-3.147150E-5	7.509867E+0
-4.500000E-2	3.462810E-3	-2.098100E-5	7.521418E+0
-4.450000E-2	3.443730E-3	-3.147150E-5	7.519152E+0
-4.400000E-2	3.469480E-3	-3.147150E-5	7.528678E+0
-4.350000E-2	3.474250E-3	-3.147150E-5	7.532841E+0
-4.300000E-2	3.483790E-3	-6.389660E-5	7.527162E+0
-4.250000E-2	3.523840E-3	-8.964590E-5	7.533182E+0
-4.200000E-2	3.541010E-3	-8.487750E-5	7.534016E+0
-4.150000E-2	3.522890E-3	-9.918260E-5	7.532480E+0
-4.100000E-2	3.512400E-3	-9.536790E-5	7.543893E+0
-4.050000E-2	3.494280E-3	-8.487750E-5	7.547306E+0
-4.000000E-2	3.470440E-3	-1.049050E-4	7.544680E+0
-3.950000E-2	3.482830E-3	-9.822890E-5	7.548194E+0
-3.900000E-2	3.500000E-3	-8.487750E-5	7.545659E+0
-3.850000E-2	3.576290E-3	-6.675770E-5	7.548018E+0
-3.800000E-2	3.618260E-3	-4.959130E-5	7.558876E+0
-3.750000E-2	3.580110E-3	-4.577660E-5	7.557803E+0
-3.700000E-2	3.534330E-3	-6.866500E-5	7.564379E+0
-3.650000E-2	3.501910E-3	-1.020440E-4	7.571982E+0
-3.600000E-2	3.465670E-3	-1.707090E-4	7.562770E+0
-3.550000E-2	3.453270E-3	-1.955040E-4	7.567930E+0
-3.500000E-2	3.447550E-3	-1.745230E-4	7.575144E+0
-3.450000E-2	3.468530E-3	-1.821530E-4	7.576810E+0
-3.400000E-2	3.513350E-3	-1.592650E-4	7.585059E+0
-3.350000E-2	3.523840E-3	-1.487740E-4	7.587288E+0
-3.300000E-2	3.512400E-3	-1.554500E-4	7.581443E+0
-3.250000E-2	3.500950E-3	-1.249320E-4	7.593957E+0
-3.200000E-2	3.463760E-3	-1.134880E-4	7.591441E+0
-3.150000E-2	3.464710E-3	-1.335150E-4	7.589305E+0
-3.100000E-2	3.496180E-3	-1.602180E-4	7.595066E+0
-3.050000E-2	3.472340E-3	-1.888280E-4	7.602707E+0
-3.000000E-2	3.425610E-3	-1.745230E-4	7.591597E+0
-2.950000E-2	3.402720E-3	-1.087190E-4	7.605878E+0
-2.900000E-2	3.372210E-3	-6.866500E-5	7.608080E+0
-2.850000E-2	3.378880E-3	-4.577660E-5	7.601272E+0
-2.800000E-2	3.418940E-3	-2.193460E-5	7.616024E+0
-2.750000E-2	3.424660E-3	-4.768400E-6	7.615978E+0
-2.700000E-2	3.418940E-3	-2.574930E-5	7.616884E+0
-2.650000E-2	3.420840E-3	-5.435970E-5	7.624922E+0
-2.600000E-2	3.403680E-3	-1.096730E-4	7.623609E+0
-2.550000E-2	3.378880E-3	-1.554500E-4	7.621120E+0
-2.500000E-2	3.350270E-3	-1.258860E-4	7.630997E+0
-2.450000E-2	3.326430E-3	-1.239790E-4	7.624237E+0
-2.400000E-2	3.329290E-3	-1.268400E-4	7.630536E+0
-2.350000E-2	3.388420E-3	-1.115800E-4	7.646249E+0
-2.300000E-2	3.443730E-3	-1.535420E-4	7.638518E+0
-2.250000E-2	3.487600E-3	-1.754770E-4	7.646795E+0
-2.200000E-2	3.496180E-3	-1.554500E-4	7.651067E+0
-2.150000E-2	3.477110E-3	-1.373300E-4	7.640080E+0
-2.100000E-2	3.484740E-3	-1.125340E-4	7.651502E+0
-2.050000E-2	3.460900E-3	-1.020440E-4	7.659881E+0
-2.000000E-2	3.420840E-3	-9.155320E-5	7.644927E+0
-1.950000E-2	3.404630E-3	-6.008170E-5	7.657116E+0
-1.900000E-2	3.368390E-3	-1.144420E-5	7.665255E+0
-1.850000E-2	3.342640E-3	2.765670E-5	7.660584E+0
-1.800000E-2	3.350270E-3	3.528620E-5	7.664219E+0
-1.750000E-2	3.365530E-3	3.623990E-5	7.670916E+0
-1.700000E-2	3.383650E-3	-1.811990E-5	7.667105E+0
-1.650000E-2	3.426570E-3	-8.297010E-5	7.676159E+0
-1.600000E-2	3.445640E-3	-1.106270E-4	7.681782E+0
-1.550000E-2	3.437060E-3	-1.373300E-4	7.677232E+0
-1.500000E-2	3.460900E-3	-1.335150E-4	7.685482E+0
-1.450000E-2	3.474250E-3	-9.536790E-5	7.686509E+0
-1.400000E-2	3.453270E-3	-7.247970E-5	7.681366E+0
-1.350000E-2	3.422750E-3	-2.670300E-5	7.693575E+0
-1.300000E-2	3.384610E-3	8.583130E-6	7.695961E+0
-1.250000E-2	3.393190E-3	-5.722080E-6	7.694380E+0
-1.200000E-2	3.432290E-3	-1.811990E-5	7.703897E+0
-1.150000E-2	3.430380E-3	-4.291560E-5	7.697802E+0
-1.100000E-2	3.439920E-3	-9.727520E-5	7.697691E+0
-1.050000E-2	3.457080E-3	-1.220710E-4	7.706671E+0
-1.000000E-2	3.439920E-3	-1.268400E-4	7.703213E+0
-9.500000E-3	3.430380E-3	-1.182560E-4	7.711915E+0
-9.000000E-3	3.437060E-3	-9.632160E-5	7.718759E+0
-8.500000E-3	3.438960E-3	-1.125340E-4	7.713922E+0
-8.000000E-3	3.450410E-3	-1.144410E-4	7.723282E+0
-7.500000E-3	3.459950E-3	-1.335150E-4	7.720582E+0
-7.000000E-3	3.489510E-3	-1.668940E-4	7.725788E+0
-6.500000E-3	3.525750E-3	-1.573570E-4	7.735629E+0
-6.000000E-3	3.510490E-3	-1.449590E-4	7.730237E+0
-5.500000E-3	3.504770E-3	-1.249320E-4	7.734787E+0
-5.000000E-3	3.512400E-3	-9.536790E-5	7.737941E+0
-4.500000E-3	3.527660E-3	-1.010900E-4	7.731355E+0
-4.000000E-3	3.571530E-3	-1.192100E-4	7.744000E+0
-3.500000E-3	3.601090E-3	-1.134880E-4	7.753008E+0
-3.000000E-3	3.605860E-3	-1.316080E-4	7.746959E+0
-2.500000E-3	3.587740E-3	-1.316080E-4	7.757502E+0
-2.000000E-3	3.543870E-3	-1.230250E-4	7.749465E+0
-1.500000E-3	3.545780E-3	-1.363760E-4	7.750474E+0
-1.000000E-3	3.563900E-3	-1.316080E-4	7.759787E+0
-5.000000E-4	3.565800E-3	-1.420980E-4	7.761035E+0
0.000000E+0	3.587740E-3	-1.678480E-4	7.764541E+0
5.000000E-4	3.615390E-3	-1.831060E-4	7.780023E+0
1.000000E-3	3.620160E-3	-2.326970E-4	7.772486E+0
1.500000E-3	3.614440E-3	-2.574940E-4	7.777997E+0
2.000000E-3	3.578200E-3	-2.164850E-4	7.784315E+0
2.500000E-3	3.566760E-3	-1.802450E-4	7.770626E+0
3.000000E-3	3.636380E-3	-1.621260E-4	7.784212E+0
3.500000E-3	3.680240E-3	-1.287470E-4	7.788514E+0
4.000000E-3	3.694550E-3	-1.182560E-4	7.782760E+0
4.500000E-3	3.689780E-3	-1.354230E-4	7.804255E+0
5.000000E-3	3.686920E-3	-1.287470E-4	7.796772E+0
5.500000E-3	3.736510E-3	-1.401910E-4	7.795819E+0
6.000000E-3	3.775610E-3	-1.220710E-4	7.806900E+0
6.500000E-3	3.801360E-3	-8.010910E-5	7.801341E+0
7.000000E-3	3.874790E-3	-5.912800E-5	7.804163E+0
7.500000E-3	3.912000E-3	-7.534070E-5	7.816796E+0
8.000000E-3	3.865260E-3	-1.125340E-4	7.813402E+0
8.500000E-3	3.843320E-3	-1.268400E-4	7.822021E+0
9.000000E-3	3.823300E-3	-8.773850E-5	7.828357E+0
9.500000E-3	3.807080E-3	-6.008170E-5	7.826581E+0
1.000000E-2	3.823300E-3	-8.392380E-5	7.826590E+0
1.050000E-2	3.834740E-3	-8.297010E-5	7.829347E+0
1.100000E-2	3.856670E-3	-9.059950E-5	7.822400E+0
1.150000E-2	3.904360E-3	-1.020440E-4	7.842100E+0
1.200000E-2	3.905310E-3	-1.068120E-4	7.843691E+0
1.250000E-2	3.939660E-3	-1.544960E-4	7.842155E+0
1.300000E-2	3.980670E-3	-1.840600E-4	7.854679E+0
1.350000E-2	3.960640E-3	-1.716620E-4	7.838882E+0
1.400000E-2	3.952060E-3	-1.688010E-4	7.848270E+0
1.450000E-2	3.962550E-3	-1.440060E-4	7.859184E+0
1.500000E-2	3.974940E-3	-1.440060E-4	7.858157E+0
1.550000E-2	4.005460E-3	-1.411450E-4	7.868459E+0
1.600000E-2	3.981620E-3	-1.201630E-4	7.869884E+0
1.650000E-2	3.486650E-3	-2.136240E-4	8.206077E+0
1.700000E-2	2.542510E-3	-2.622620E-4	8.459298E+0
1.750000E-2	1.629840E-3	-2.288830E-4	8.457985E+0
1.800000E-2	9.336510E-4	-1.602180E-4	8.459936E+0
1.850000E-2	5.359690E-4	-8.487750E-5	8.456255E+0
1.900000E-2	5.159420E-4	0.000000E+0	8.426021E+0
1.950000E-2	8.344690E-4	-8.964590E-5	8.440116E+0
2.000000E-2	1.297000E-3	-8.869220E-5	8.439201E+0
2.050000E-2	1.474390E-3	-2.441420E-4	8.450679E+0
2.100000E-2	1.804360E-3	-5.531350E-4	8.440190E+0
2.150000E-2	2.107640E-3	-6.256140E-4	8.373858E+0
2.200000E-2	2.522480E-3	-7.982290E-4	8.380619E+0
2.250000E-2	2.896320E-3	-8.020440E-4	8.441901E+0
2.300000E-2	2.774250E-3	-7.705730E-4	8.421859E+0
2.350000E-2	2.717030E-3	-8.745230E-4	8.439802E+0
2.400000E-2	2.841010E-3	-7.829700E-4	8.280011E+0
2.450000E-2	2.779020E-3	-8.525890E-4	8.354482E+0
2.500000E-2	2.867710E-3	-9.307900E-4	8.453564E+0
2.550000E-2	2.651230E-3	-9.079020E-4	8.433938E+0
2.600000E-2	2.464310E-3	-1.085290E-3	8.445989E+0
2.650000E-2	2.662670E-3	-1.169210E-3	8.404037E+0
2.700000E-2	2.732290E-3	-1.161580E-3	8.348646E+0
2.750000E-2	2.861040E-3	-1.153950E-3	8.439321E+0
2.800000E-2	2.851500E-3	-9.479560E-4	8.365127E+0
2.850000E-2	2.661720E-3	-7.429160E-4	8.433772E+0
2.900000E-2	2.691280E-3	-7.467310E-4	8.456487E+0
2.950000E-2	2.666490E-3	-7.762950E-4	8.457818E+0
3.000000E-2	2.536790E-3	-8.220710E-4	8.455765E+0
3.050000E-2	2.504360E-3	-9.193460E-4	8.446998E+0
3.060000E-2	2.415670E-3	-1.163490E-3	8.442410E+0
3.070000E-2	2.372760E-3	-1.237880E-3	8.458586E+0
3.080000E-2	2.245920E-3	-1.037610E-3	8.459779E+0
3.090000E-2	2.191560E-3	-8.754770E-4	8.457217E+0
3.100000E-2	2.265950E-3	-7.476840E-4	8.434807E+0
3.110000E-2	2.132430E-3	-7.715260E-4	8.436546E+0
3.120000E-2	2.127660E-3	-9.355580E-4	8.430414E+0
3.130000E-2	2.334610E-3	-9.222070E-4	8.458318E+0
3.140000E-2	2.346050E-3	-8.192100E-4	8.451641E+0
3.150000E-2	2.270710E-3	-8.754770E-4	8.445860E+0
3.160000E-2	2.357500E-3	-7.934610E-4	8.450021E+0
3.170000E-2	2.254500E-3	-5.645790E-4	8.330454E+0
3.180000E-2	2.245920E-3	-6.151240E-4	8.365535E+0
3.190000E-2	2.384200E-3	-5.378760E-4	8.334995E+0
3.200000E-2	2.249730E-3	-3.728890E-4	8.379630E+0
3.210000E-2	2.263080E-3	-4.558580E-4	8.444953E+0
3.220000E-2	2.469080E-3	-3.614440E-4	8.441023E+0
3.230000E-2	2.479570E-3	-3.938690E-4	8.440819E+0
3.240000E-2	2.621670E-3	-6.265680E-4	8.412352E+0
3.250000E-2	2.579700E-3	-7.610360E-4	8.410493E+0
3.260000E-2	2.548230E-3	-9.679830E-4	8.401715E+0
3.270000E-2	2.760900E-3	-9.832460E-4	8.458170E+0
3.280000E-2	2.727520E-3	-8.668940E-4	8.438201E+0
3.290000E-2	2.680790E-3	-8.564030E-4	8.415663E+0
3.300000E-2	2.633110E-3	-6.828350E-4	8.393863E+0
3.310000E-2	2.420440E-3	-5.989110E-4	8.392577E+0
3.320000E-2	2.476710E-3	-6.675760E-4	8.436592E+0
3.330000E-2	2.489100E-3	-5.874670E-4	8.436676E+0
3.340000E-2	2.329840E-3	-6.341970E-4	8.449763E+0
3.350000E-2	2.373710E-3	-7.085840E-4	8.454979E+0
3.360000E-2	2.391830E-3	-6.361040E-4	8.453203E+0
3.370000E-2	2.342240E-3	-6.341970E-4	8.453028E+0
3.380000E-2	2.367990E-3	-5.312000E-4	8.453333E+0
3.390000E-2	2.333660E-3	-4.234330E-4	8.452908E+0
3.400000E-2	2.347960E-3	-6.160770E-4	8.454174E+0
3.410000E-2	2.516760E-3	-7.848780E-4	8.451705E+0
