9.081017E-2
9.060567E-2
9.043282E-2
9.061522E-2
9.042495E-2
9.051224E-2
9.039599E-2
9.059612E-2
9.065259E-2
9.063611E-2
9.069892E-2
9.070872E-2
9.079738E-2
9.072018E-2
9.067778E-2
9.049101E-2
9.075137E-2
9.047097E-2
9.069641E-2
9.057714E-2
9.073273E-2
9.074910E-2
9.059123E-2
9.037549E-2
9.072783E-2
9.038562E-2
9.074623E-2
9.059313E-2
9.092581E-2
9.054099E-2
9.079391E-2
9.066620E-2
9.068041E-2
9.116182E-2
9.088036E-2
9.070477E-2
9.102575E-2
9.063933E-2
9.054707E-2
9.079690E-2
9.062906E-2
9.075029E-2
9.096745E-2
9.104790E-2
9.106969E-2
9.069617E-2
9.085907E-2
9.112024E-2
9.071481E-2
9.116745E-2
9.067551E-2
9.111269E-2
9.097308E-2
9.087820E-2
9.077383E-2
9.095584E-2
9.102850E-2
9.077132E-2
9.100815E-2
9.098361E-2
9.101557E-2
9.125677E-2
9.114852E-2
9.099366E-2
9.085273E-2
9.121660E-2
9.100300E-2
9.122883E-2
9.145923E-2
9.114576E-2
9.109880E-2
9.111677E-2
9.116506E-2
9.124873E-2
9.093167E-2
9.118495E-2
