-1.792923E+0
-1.790176E+0
-1.785821E+0
-1.781306E+0
-1.777376E+0
-1.772640E+0
-1.768562E+0
-1.764335E+0
-1.759600E+0
-1.756030E+0
-1.751027E+0
-1.746716E+0
-1.742896E+0
-1.738059E+0
-1.734139E+0
-1.730004E+0
-1.725315E+0
-1.721624E+0
-1.717111E+0
-1.712487E+0
-1.708603E+0
-1.704154E+0
-1.700001E+0
-1.695738E+0
-1.691335E+0
-1.687303E+0
-1.683224E+0
-1.678738E+0
-1.674872E+0
-1.670155E+0
-1.665993E+0
-1.662146E+0
-1.657688E+0
-1.653600E+0
-1.649707E+0
-1.645175E+0
-1.641429E+0
-1.636944E+0
-1.632976E+0
-1.628444E+0
-1.624051E+0
-1.620194E+0
-1.616050E+0
-1.611861E+0
-1.607995E+0
-1.603629E+0
-1.599569E+0
-1.595639E+0
-1.591273E+0
-1.587139E+0
-1.582912E+0
-1.578723E+0
-1.574949E+0
-1.570769E+0
-1.566487E+0
-1.562769E+0
-1.558699E+0
-1.554352E+0
-1.550551E+0
-1.546102E+0
-1.542532E+0
-1.538481E+0
-1.534163E+0
-1.530435E+0
-1.526616E+0
-1.522241E+0
-1.518448E+0
-1.514601E+0
-1.510051E+0
-1.506389E+0
-1.502523E+0
-1.498185E+0
-1.494319E+0
-1.490915E+0
-1.486513E+0
-1.482655E+0
-1.478919E+0
-1.474610E+0
-1.470494E+0
-1.466711E+0
-1.462586E+0
-1.458850E+0
-1.455132E+0
-1.450794E+0
-1.447058E+0
-1.443145E+0
-1.438993E+0
-1.435339E+0
-1.430891E+0
-1.426831E+0
-1.423066E+0
-1.419331E+0
-1.414947E+0
-1.411089E+0
-1.407279E+0
-1.403043E+0
-1.399168E+0
-1.395107E+0
-1.390641E+0
-1.386988E+0
-1.383019E+0
-1.378904E+0
-1.375316E+0
-1.370876E+0
-1.366880E+0
-1.363208E+0
-1.358751E+0
-1.354719E+0
-1.350770E+0
-1.346404E+0
-1.342686E+0
-1.338829E+0
-1.334935E+0
-1.331152E+0
-1.326834E+0
-1.323051E+0
-1.319185E+0
-1.314708E+0
-1.311286E+0
-1.307356E+0
-1.303083E+0
-1.299521E+0
-1.295453E+0
-1.291430E+0
-1.287832E+0
-1.283799E+0
-1.279757E+0
-1.275790E+0
-1.271656E+0
-1.267901E+0
-1.263969E+0
-1.259993E+0
-1.256136E+0
-1.252641E+0
-1.248617E+0
-1.244465E+0
-1.241116E+0
-1.236825E+0
-1.232617E+0
-1.229121E+0
-1.225533E+0
-1.221380E+0
-1.217809E+0
-1.214203E+0
-1.209939E+0
-1.206573E+0
-1.202559E+0
-1.198175E+0
-1.194873E+0
-1.190961E+0
-1.186836E+0
-1.183330E+0
-1.179557E+0
-1.175423E+0
-1.171547E+0
-1.168098E+0
-1.163834E+0
-1.159996E+0
-1.156361E+0
-1.152245E+0
-1.148158E+0
-1.144634E+0
-1.140786E+0
-1.136717E+0
-1.133193E+0
-1.128948E+0
-1.124712E+0
-1.120976E+0
-1.116777E+0
-1.112735E+0
-1.108720E+0
-1.104411E+0
-1.100822E+0
-1.096911E+0
-1.092360E+0
-1.088272E+0
-1.084175E+0
-1.079764E+0
-1.075315E+0
-1.071615E+0
-1.067351E+0
-1.062746E+0
-1.058824E+0
-1.054505E+0
-1.049909E+0
-1.045783E+0
-1.041362E+0
-1.036905E+0
-1.032900E+0
-1.028192E+0
-1.024326E+0
-1.019795E+0
-1.015077E+0
-1.011165E+0
-1.006504E+0
-1.001583E+0
-9.975521E-1
-9.929528E-1
-9.878070E-1
-9.835280E-1
-9.783840E-1
-9.738366E-1
-9.727035E-1
-9.712040E-1
-9.704658E-1
-9.696445E-1
-9.682143E-1
-9.677731E-1
-9.667325E-1
-9.653986E-1
-9.649731E-1
-9.637345E-1
-9.625357E-1
-9.618502E-1
-9.609734E-1
-9.595766E-1
-9.586627E-1
-9.576507E-1
-9.562622E-1
-9.554612E-1
-9.541745E-1
-9.528776E-1
-9.522606E-1
-9.509666E-1
-9.497151E-1
-9.491341E-1
-9.477244E-1
-9.470519E-1
-9.458883E-1
-9.446191E-1
-9.438800E-1
-9.427441E-1
-9.414241E-1
-9.406286E-1
-9.396158E-1
-9.382661E-1
-9.378342E-1
-9.366150E-1
-9.351257E-1
-9.345421E-1
-9.331721E-1
-9.320871E-1
-9.313979E-1
-9.300104E-1
-9.289328E-1
-9.279717E-1
-9.273639E-1
-9.257212E-1
-9.247776E-1
-9.245814E-1
-9.231829E-1
-9.223356E-1
-9.212117E-1
-9.199120E-1
-9.192025E-1
-9.181036E-1
-9.166440E-1
-9.158929E-1
-9.145331E-1
-9.133185E-1
-9.126775E-1
-9.109320E-1
-9.100144E-1
-9.095565E-1
-9.078628E-1
-9.072097E-1
-9.057973E-1
-9.044949E-1
-9.034024E-1
-9.019473E-1
-9.006617E-1
-8.997218E-1
-8.985970E-1
-8.968728E-1
-8.960078E-1
-8.949774E-1
-8.934881E-1
-8.927444E-1
-8.916659E-1
-8.901192E-1
-8.894033E-1
-8.881721E-1
-8.868114E-1
-8.862277E-1
-8.848439E-1
-8.836959E-1
-8.830263E-1
-8.820365E-1
-8.811984E-1
-8.803168E-1
-8.787323E-1
-8.778555E-1
-8.766658E-1
-8.753042E-1
-8.741988E-1
-8.735911E-1
-8.722285E-1
-8.714293E-1
-8.707162E-1
-8.689373E-1
-8.683592E-1
-8.668310E-1
-8.653918E-1
-8.647119E-1
-8.634825E-1
-8.621163E-1
-8.613328E-1
-8.599453E-1
-8.583737E-1
-8.577956E-1
-8.565339E-1
-8.550390E-1
-8.540512E-1
-8.532473E-1
-8.515101E-1
-8.508386E-1
-8.497461E-1
-8.476491E-1
-8.469415E-1
-8.457001E-1
-8.441886E-1
-8.428844E-1
-8.425282E-1
-8.414339E-1
-8.398809E-1
-8.392149E-1
-8.379115E-1
-8.366146E-1
-8.358191E-1
-8.342077E-1
-8.330154E-1
-8.322246E-1
-8.304161E-1
-8.296983E-1
-8.285440E-1
-8.269705E-1
-8.261777E-1
-8.250058E-1
-8.234795E-1
-8.230539E-1
-8.215203E-1
-8.199348E-1
-8.192771E-1
-8.180330E-1
-8.165807E-1
-8.159045E-1
-8.145642E-1
-8.133441E-1
-8.126855E-1
-8.108688E-1
-8.099391E-1
-8.091288E-1
-8.075109E-1
-8.062576E-1
-8.054102E-1
-8.041263E-1
-8.026195E-1
-8.018942E-1
-8.002718E-1
-7.988446E-1
-7.981998E-1
-7.968770E-1
-7.954017E-1
-7.945274E-1
-7.935016E-1
-7.915174E-1
-7.907108E-1
-7.895880E-1
-7.880422E-1
-7.876315E-1
-7.857658E-1
-7.844264E-1
-7.839000E-1
-7.826041E-1
-7.810380E-1
-7.799844E-1
-7.791722E-1
-7.776838E-1
-7.763205E-1
-7.756784E-1
-7.742734E-1
-7.729302E-1
-7.718730E-1
-7.709480E-1
-7.694153E-1
-7.685013E-1
-7.676235E-1
-7.659964E-1
-7.651750E-1
-7.639354E-1
-7.624425E-1
-7.617081E-1
-7.602206E-1
-7.587461E-1
-7.581218E-1
-7.565141E-1
-7.550553E-1
-7.545984E-1
-7.528084E-1
-7.516087E-1
-7.510408E-1
-7.495098E-1
-7.482971E-1
-7.478226E-1
-7.467431E-1
-7.450088E-1
-7.441614E-1
-7.433993E-1
-7.416713E-1
-7.404901E-1
-7.404697E-1
-7.390147E-1
-7.376705E-1
-7.366669E-1
-7.352231E-1
-7.336108E-1
-7.330817E-1
-7.311659E-1
-7.301863E-1
-7.292392E-1
-7.276046E-1
-7.263614E-1
-7.253024E-1
-7.238047E-1
-7.223487E-1
-7.216891E-1
-7.201684E-1
-7.190519E-1
-7.183397E-1
-7.166026E-1
-7.157478E-1
-7.143502E-1
-7.126879E-1
-7.119979E-1
-7.108490E-1
-7.092182E-1
-7.077603E-1
-7.068640E-1
-7.056550E-1
-7.040260E-1
-7.033277E-1
-7.020419E-1
-7.001586E-1
-6.994639E-1
-6.983936E-1
-6.968119E-1
-6.961866E-1
-6.949933E-1
-6.932200E-1
-6.923293E-1
-6.910740E-1
-6.894599E-1
-6.886422E-1
-6.874461E-1
-6.859107E-1
-6.847784E-1
-6.839773E-1
-6.825574E-1
-6.807648E-1
-6.800479E-1
-6.787279E-1
-6.770462E-1
-6.762072E-1
-6.747420E-1
-6.730455E-1
-6.714564E-1
-6.698903E-1
-6.685269E-1
-6.676481E-1
-6.659562E-1
-6.644050E-1
-6.636021E-1
-6.623329E-1
-6.604987E-1
-6.595210E-1
-6.583980E-1
-6.566728E-1
-6.559957E-1
-6.552843E-1
-6.535009E-1
-6.529071E-1
-6.513706E-1
-6.496852E-1
-6.486076E-1
-6.470277E-1
-6.453877E-1
-6.439242E-1
-6.430788E-1
-6.418033E-1
-6.399893E-1
-6.388109E-1
-6.379228E-1
-6.354419E-1
-6.341274E-1
-6.333578E-1
-6.312895E-1
-6.306393E-1
-6.290732E-1
-6.273554E-1
-6.263704E-1
-6.252982E-1
-6.236045E-1
-6.221892E-1
-6.212374E-1
-6.195973E-1
-6.183791E-1
-6.173274E-1
-6.156272E-1
-6.140907E-1
-6.134137E-1
-6.116247E-1
-6.105729E-1
-6.089171E-1
-6.071560E-1
-6.059276E-1
-6.050238E-1
-6.033921E-1
-6.019028E-1
-6.008594E-1
-5.990871E-1
-5.976107E-1
-5.967514E-1
-5.952520E-1
-5.935675E-1
-5.930597E-1
-5.916342E-1
-5.895623E-1
-5.883504E-1
-5.872802E-1
-5.852813E-1
-5.842110E-1
-5.831296E-1
-5.807690E-1
-5.797265E-1
-5.786257E-1
-5.767637E-1
-5.760293E-1
-5.744132E-1
-5.724754E-1
-5.710185E-1
-5.696310E-1
-5.675266E-1
-5.666488E-1
-5.653009E-1
-5.631753E-1
-5.619062E-1
-5.611357E-1
-5.588582E-1
-5.575244E-1
-5.570091E-1
-5.550259E-1
-5.529871E-1
-5.521362E-1
-5.505960E-1
-5.485906E-1
-5.481956E-1
-5.469653E-1
-5.449692E-1
-5.438583E-1
-5.426316E-1
-5.405532E-1
-5.387864E-1
-5.376218E-1
-5.354943E-1
-5.343148E-1
-5.331781E-1
-5.309405E-1
-5.298887E-1
-5.285012E-1
-5.264383E-1
-5.250730E-1
-5.239733E-1
-5.216765E-1
-5.204240E-1
-5.190160E-1
-5.168802E-1
-5.155704E-1
-5.136908E-1
-5.114606E-1
-5.104755E-1
-5.090427E-1
-5.064331E-1
-5.055276E-1
-5.040235E-1
-5.018950E-1
-5.004186E-1
-4.996315E-1
-4.976557E-1
-4.954921E-1
-4.941823E-1
-4.930630E-1
-4.905839E-1
-4.895887E-1
-4.880883E-1
-4.855824E-1
-4.845687E-1
-4.829979E-1
-4.806235E-1
-4.795236E-1
-4.783183E-1
-4.760178E-1
-4.744351E-1
-4.731364E-1
-4.709025E-1
-4.696546E-1
-4.679906E-1
-4.655467E-1
-4.645855E-1
-4.628817E-1
-4.600003E-1
-4.582187E-1
-4.565028E-1
-4.540618E-1
-4.527944E-1
-4.511285E-1
-4.484644E-1
-4.473591E-1
-4.458513E-1
-4.432400E-1
-4.421475E-1
-4.402355E-1
-4.378212E-1
-4.360156E-1
-4.346596E-1
-4.319594E-1
-4.307134E-1
-4.287228E-1
-4.259459E-1
-4.246731E-1
-4.229055E-1
-4.202127E-1
-4.189704E-1
-4.164711E-1
-4.142427E-1
-4.128968E-1
-4.105713E-1
-4.082884E-1
-4.063856E-1
-4.049620E-1
-4.019409E-1
-4.000252E-1
-3.988569E-1
-3.961873E-1
-3.939377E-1
-3.929174E-1
-3.900138E-1
-3.876227E-1
-3.863239E-1
-3.839263E-1
-3.809283E-1
-3.796213E-1
-3.782698E-1
-3.753958E-1
-3.735856E-1
-3.712823E-1
-3.680614E-1
-3.667460E-1
-3.640922E-1
-3.604356E-1
-3.588585E-1
-3.566226E-1
-3.536109E-1
-3.515306E-1
-3.478055E-1
-3.447391E-1
-3.433904E-1
-3.404997E-1
-3.370781E-1
-3.357045E-1
-3.334335E-1
-3.301876E-1
-3.276263E-1
-3.259946E-1
-3.224592E-1
-3.203724E-1
-3.186213E-1
-3.150757E-1
-3.130074E-1
-3.106089E-1
-3.069356E-1
-3.049357E-1
-3.025983E-1
-2.985531E-1
-2.960011E-1
-2.942556E-1
-2.900995E-1
-2.873596E-1
-2.857649E-1
-2.815163E-1
-2.790687E-1
-2.773380E-1
-2.741652E-1
-2.713014E-1
-2.687577E-1
-2.654544E-1
-2.605907E-1
-2.587600E-1
-2.561127E-1
-2.520639E-1
-2.493434E-1
-2.469375E-1
-2.430256E-1
-2.398851E-1
-2.379093E-1
-2.331196E-1
-2.296731E-1
-2.277111E-1
-2.225134E-1
-2.196348E-1
-2.171955E-1
-2.123670E-1
-2.099462E-1
-2.067595E-1
-2.024416E-1
-1.992392E-1
-1.967953E-1
-1.929361E-1
-1.890030E-1
-1.870327E-1
-1.838997E-1
-1.795808E-1
-1.770675E-1
-1.751148E-1
-1.708755E-1
-1.684853E-1
-1.663448E-1
-1.624958E-1
-1.601490E-1
-1.584119E-1
-1.548960E-1
-1.533336E-1
-1.511857E-1
-1.479934E-1
-1.463608E-1
-1.450834E-1
-1.423323E-1
-1.406360E-1
-1.392428E-1
-1.370265E-1
-1.360275E-1
-1.344281E-1
-1.322840E-1
-1.316429E-1
-1.308419E-1
-1.288179E-1
-1.280668E-1
-1.265304E-1
-1.247312E-1
-1.242613E-1
-1.225621E-1
-1.209886E-1
-1.204937E-1
-1.193153E-1
-1.179749E-1
-1.170435E-1
-1.160889E-1
-1.143508E-1
-1.136699E-1
-1.131981E-1
-1.119364E-1
-1.111521E-1
-1.102585E-1
-1.085342E-1
-1.079220E-1
-1.070607E-1
-1.059294E-1
-1.053966E-1
-1.043421E-1
-1.033199E-1
-1.028436E-1
-1.018538E-1
-1.011804E-1
-1.004884E-1
-9.941057E-2
-9.831244E-2
-9.772098E-2
-9.703203E-2
-9.585531E-2
-9.533429E-2
-9.455046E-2
-9.354120E-2
-9.304519E-2
-9.230570E-2
-9.136393E-2
-9.079820E-2
-8.987162E-2
-8.906806E-2
-8.858991E-2
-8.743726E-2
-8.691281E-2
-8.617092E-2
-8.528043E-2
-8.449095E-2
-8.397457E-2
-8.295782E-2
-8.231303E-2
-8.165037E-2
-8.064186E-2
-8.024629E-2
-7.935350E-2
-7.867140E-2
-7.814779E-2
-7.708568E-2
-7.654364E-2
-7.588738E-2
-7.471538E-2
-7.394840E-2
-7.354615E-2
-7.256476E-2
-7.226028E-2
-7.138461E-2
-7.064207E-2
-7.012717E-2
-6.924575E-2
-6.865855E-2
-6.806745E-2
-6.714272E-2
-6.655227E-2
-6.606597E-2
-6.538073E-2
-6.461078E-2
-6.418281E-2
-6.355135E-2
-6.277918E-2
-6.243063E-2
-6.152201E-2
-6.102914E-2
-6.051414E-2
-5.963144E-2
-5.905257E-2
-5.868329E-2
-5.775892E-2
-5.723716E-2
-5.685353E-2
-5.621819E-2
-5.552841E-2
-5.529355E-2
-5.449499E-2
-5.404767E-2
-5.357460E-2
-5.279819E-2
-5.235049E-2
-5.185216E-2
-5.109609E-2
-5.068108E-2
-5.030198E-2
-4.959276E-2
-4.908146E-2
-4.870968E-2
-4.796482E-2
-4.755037E-2
-4.714831E-2
-4.650084E-2
-4.611174E-2
-4.550297E-2
-4.495437E-2
-4.460582E-2
-4.394900E-2
-4.367248E-2
-4.316229E-2
-4.256926E-2
-4.222100E-2
-4.175691E-2
-4.116842E-2
-4.090439E-2
-4.043364E-2
-3.989300E-2
-3.960537E-2
-3.916452E-2
-3.858158E-2
-3.829478E-2
-3.783422E-2
-3.740319E-2
-3.710019E-2
-3.669443E-2
-3.634793E-2
-3.604400E-2
-3.551475E-2
-3.524155E-2
-3.491893E-2
-3.450281E-2
-3.429238E-2
-3.378525E-2
-3.347337E-2
-3.326786E-2
-3.284451E-2
-3.265473E-2
-3.238255E-2
-3.198698E-2
-3.184071E-2
-3.156104E-2
-3.122629E-2
-3.107965E-2
-3.074332E-2
-3.056188E-2
-3.036469E-2
-3.007798E-2
-2.989987E-2
-2.966381E-2
-2.948605E-2
-2.928536E-2
-2.904753E-2
-2.887877E-2
-2.862696E-2
-2.841256E-2
-2.830507E-2
-2.816298E-2
-2.801865E-2
-2.789525E-2
-2.777573E-2
-2.765464E-2
-2.760613E-2
-2.863742E-2
-3.128989E-2
-2.971222E-2
-3.484996E-2
-3.734042E-2
-3.847160E-2
-4.264915E-2
-4.512203E-2
-4.616285E-2
-4.810101E-2
-4.883809E-2
-5.005296E-2
-5.311127E-2
-5.382021E-2
-5.816560E-2
-6.382028E-2
-6.676103E-2
-7.157467E-2
-7.317668E-2
-7.972527E-2
-8.091413E-2
-8.319564E-2
-8.647337E-2
-8.785347E-2
-8.830996E-2
-9.050437E-2
-9.191179E-2
-9.339291E-2
-9.411230E-2
-9.635262E-2
-9.865525E-2
-9.970478E-2
-1.006341E-1
-1.032590E-1
-1.029542E-1
-1.036578E-1
-1.040142E-1
-1.039868E-1
-1.038584E-1
-1.032169E-1
-1.029726E-1
-1.025965E-1
-1.019269E-1
-1.016748E-1
-1.010110E-1
-1.002691E-1
-9.995213E-2
-9.945778E-2
-9.854944E-2
-9.811656E-2
-9.762896E-2
-9.673801E-2
-9.633707E-2
-9.589271E-2
-9.506907E-2
-9.432986E-2
-9.401223E-2
-9.325959E-2
-9.258999E-2
-9.231560E-2
-9.139782E-2
-9.083282E-2
-9.046679E-2
-8.956889E-2
-8.913619E-2
-8.848761E-2
-8.773738E-2
-8.729885E-2
-8.657900E-2
-8.605048E-2
-8.556834E-2
-8.472036E-2
-8.424184E-2
-8.388273E-2
-8.311205E-2
-8.255484E-2
-8.205475E-2
-8.131238E-2
-8.082192E-2
-8.040023E-2
-7.975916E-2
-7.942478E-2
-7.892644E-2
-7.835626E-2
-7.788200E-2
-7.763603E-2
-7.722648E-2
-7.668529E-2
-7.665946E-2
-7.603254E-2
-7.559345E-2
-7.526638E-2
-7.504763E-2
-7.462484E-2
-7.432248E-2
-7.404958E-2
-7.361882E-2
-7.351245E-2
-7.323250E-2
-7.298903E-2
-7.288470E-2
-7.261716E-2
-7.244858E-2
-7.246533E-2
-7.231703E-2
-7.227778E-2
-7.231638E-2
-7.213447E-2
-7.228212E-2
-7.263234E-2
-7.262503E-2
-7.281240E-2
-7.362363E-2
-7.387905E-2
-7.475009E-2
-7.609234E-2
-7.656095E-2
-7.745310E-2
-7.936737E-2
-7.970583E-2
-8.137228E-2
-8.319111E-2
-8.384663E-2
-8.520091E-2
-8.690781E-2
-8.792781E-2
-8.919517E-2
-9.100168E-2
-9.204204E-2
-9.340095E-2
-9.534235E-2
-9.655083E-2
-9.694122E-2
-9.805648E-2
-9.950824E-2
-1.001022E-1
-1.005342E-1
-1.016582E-1
-1.023236E-1
-1.026450E-1
-1.030844E-1
-1.035242E-1
-1.038102E-1
-1.041331E-1
-1.044251E-1
-1.046294E-1
-1.048606E-1
-1.052605E-1
-1.054080E-1
-1.057892E-1
-1.060161E-1
-1.061695E-1
-1.064049E-1
-1.065765E-1
-1.068109E-1
-1.071220E-1
-1.072596E-1
-1.075601E-1
-1.078733E-1
-1.080302E-1
-1.084786E-1
-1.087494E-1
-1.091127E-1
-1.096984E-1
-1.098816E-1
-1.106123E-1
-1.113027E-1
-1.115684E-1
-1.128230E-1
-1.132132E-1
-1.143346E-1
-1.158331E-1
-1.169724E-1
-1.178283E-1
-1.199255E-1
-1.211394E-1
-1.219552E-1
-1.236795E-1
-1.254509E-1
-1.264952E-1
-1.286413E-1
-1.314293E-1
-1.332302E-1
-1.346233E-1
-1.375010E-1
-1.399616E-1
-1.425063E-1
-1.444700E-1
-1.472895E-1
-1.493615E-1
-1.504068E-1
-1.529377E-1
-1.554038E-1
-1.568735E-1
-1.586616E-1
-1.611073E-1
-1.625865E-1
-1.635661E-1
-1.657287E-1
-1.672430E-1
-1.686379E-1
-1.700615E-1
-1.715119E-1
-1.724545E-1
-1.741991E-1
-1.753766E-1
-1.759815E-1
-1.765301E-1
-1.767605E-1
-1.770897E-1
-1.764589E-1
-1.759298E-1
-1.766115E-1
-1.745284E-1
-1.738189E-1
-1.735099E-1
-1.707737E-1
-1.687942E-1
-1.683465E-1
-1.644902E-1
-1.617909E-1
-1.601240E-1
-1.559079E-1
-1.508287E-1
-1.495068E-1
-1.450242E-1
-1.396156E-1
-1.375574E-1
-1.316799E-1
-1.262020E-1
-1.242141E-1
-1.185633E-1
-1.136218E-1
-1.108801E-1
-1.052597E-1
-9.849195E-2
-9.453315E-2
-9.107528E-2
-8.477553E-2
-8.007456E-2
-7.714955E-2
-7.049265E-2
-6.589693E-2
-6.158117E-2
-5.567820E-2
-5.287224E-2
-4.689197E-2
-4.166267E-2
-3.815045E-2
-3.199717E-2
-2.654392E-2
-2.380731E-2
-1.751062E-2
-1.143934E-2
-8.596083E-3
-2.371041E-3
3.137657E-3
4.863536E-3
1.261847E-2
1.617151E-2
1.959976E-2
2.586183E-2
2.829868E-2
3.503141E-2
3.832367E-2
4.345640E-2
4.977125E-2
5.240658E-2
5.778123E-2
6.336842E-2
6.619447E-2
7.127805E-2
7.667112E-2
7.900281E-2
8.587264E-2
8.995724E-2
9.309842E-2
9.984928E-2
1.029261E-1
1.074505E-1
1.139397E-1
1.176484E-1
1.197894E-1
1.269935E-1
1.329653E-1
1.363175E-1
1.411286E-1
1.465575E-1
1.482474E-1
1.534663E-1
1.569314E-1
1.597713E-1
1.634666E-1
1.662260E-1
1.670492E-1
1.693637E-1
1.721340E-1
1.733051E-1
1.737445E-1
1.760274E-1
1.766990E-1
1.760644E-1
1.773501E-1
1.774020E-1
1.764131E-1
1.767628E-1
1.764437E-1
1.753679E-1
1.744346E-1
1.732810E-1
1.716808E-1
1.708085E-1
1.697077E-1
1.677135E-1
1.667718E-1
1.654935E-1
1.628987E-1
1.621162E-1
1.604373E-1
1.575975E-1
1.568242E-1
1.551091E-1
1.518105E-1
1.495156E-1
1.484879E-1
1.453753E-1
1.431747E-1
1.414079E-1
1.384738E-1
1.357163E-1
1.344148E-1
1.318016E-1
1.293152E-1
1.273727E-1
1.248780E-1
1.227837E-1
1.219873E-1
1.203204E-1
1.183982E-1
1.177859E-1
1.164659E-1
1.149249E-1
1.145150E-1
1.134521E-1
1.126150E-1
1.121904E-1
1.115661E-1
1.107298E-1
1.104154E-1
1.098030E-1
1.093988E-1
1.092563E-1
1.086634E-1
1.084063E-1
1.082360E-1
1.078013E-1
1.076089E-1
1.073591E-1
1.071140E-1
1.069539E-1
1.066108E-1
1.064849E-1
1.062630E-1
1.059040E-1
1.057902E-1
1.054452E-1
1.052010E-1
1.050466E-1
1.046386E-1
1.044573E-1
1.042308E-1
1.036794E-1
1.034371E-1
1.028959E-1
1.024787E-1
1.020375E-1
1.011976E-1
1.010746E-1
9.996047E-2
9.852212E-2
9.816709E-2
9.641761E-2
9.380208E-2
9.339437E-2
9.179227E-2
8.976606E-2
8.904713E-2
8.817073E-2
8.608816E-2
8.490365E-2
8.401761E-2
8.226193E-2
8.117287E-2
8.022435E-2
7.874943E-2
7.737136E-2
7.707679E-2
7.549106E-2
7.463280E-2
7.448357E-2
7.371464E-2
7.315299E-2
7.304374E-2
7.280925E-2
7.258799E-2
7.270343E-2
7.257605E-2
7.259494E-2
7.273806E-2
7.281638E-2
7.287322E-2
7.311863E-2
7.329647E-2
7.338757E-2
7.369390E-2
7.383230E-2
7.403762E-2
7.447884E-2
7.460539E-2
7.498208E-2
7.539386E-2
7.555522E-2
7.601494E-2
7.645033E-2
7.669769E-2
7.721379E-2
7.766908E-2
7.798587E-2
7.862076E-2
7.896199E-2
7.931904E-2
8.022369E-2
8.042449E-2
8.114435E-2
8.172434E-2
8.200363E-2
8.273137E-2
8.325332E-2
8.367499E-2
8.449790E-2
8.499419E-2
8.530543E-2
8.615962E-2
8.675627E-2
8.716165E-2
8.801233E-2
8.833727E-2
8.899928E-2
8.983653E-2
9.017979E-2
9.069923E-2
9.159370E-2
9.199945E-2
9.259147E-2
9.351982E-2
9.384115E-2
9.447380E-2
9.529514E-2
9.560544E-2
9.638271E-2
9.696436E-2
9.756591E-2
9.831919E-2
9.893418E-2
9.935039E-2
1.001429E-1
1.006028E-1
1.010111E-1
1.015793E-1
1.023474E-1
1.025029E-1
1.033128E-1
1.040103E-1
1.042158E-1
1.043407E-1
1.047772E-1
1.051059E-1
1.049876E-1
1.035899E-1
1.034643E-1
9.931679E-2
9.948833E-2
9.818358E-2
9.621218E-2
9.500185E-2
9.481217E-2
9.206657E-2
9.040365E-2
8.985652E-2
8.736356E-2
8.609269E-2
8.467619E-2
8.080415E-2
7.679896E-2
6.926121E-2
6.465540E-2
6.432324E-2
6.156811E-2
5.750387E-2
5.617921E-2
5.472133E-2
4.944371E-2
4.818025E-2
4.648223E-2
4.456935E-2
4.210637E-2
4.012546E-2
3.976256E-2
3.256168E-2
3.235506E-2
2.988894E-2
2.853188E-2
2.872907E-2
2.816881E-2
2.783507E-2
2.759465E-2
2.777091E-2
2.784868E-2
2.795903E-2
2.818658E-2
2.832923E-2
2.844125E-2
2.859029E-2
2.888487E-2
2.900133E-2
2.917000E-2
2.946032E-2
2.953318E-2
2.988367E-2
3.016685E-2
3.031109E-2
3.068786E-2
3.085163E-2
3.103234E-2
3.140097E-2
3.164167E-2
3.181376E-2
3.220222E-2
3.239264E-2
3.266657E-2
3.302955E-2
3.323415E-2
3.367860E-2
3.410482E-2
3.422933E-2
3.476044E-2
3.513148E-2
3.531274E-2
3.587347E-2
3.608029E-2
3.637958E-2
3.693818E-2
3.722081E-2
3.752789E-2
3.811102E-2
3.838911E-2
3.880653E-2
3.936883E-2
3.955556E-2
4.011555E-2
4.060639E-2
4.095511E-2
4.155223E-2
4.193123E-2
4.226320E-2
4.291632E-2
4.342576E-2
4.357981E-2
4.414230E-2
4.467867E-2
4.496038E-2
4.545612E-2
4.598945E-2
4.627190E-2
4.691150E-2
4.746038E-2
4.778087E-2
4.845732E-2
4.904249E-2
4.933873E-2
4.989242E-2
5.068487E-2
5.095621E-2
5.154573E-2
5.231058E-2
5.257351E-2
5.323273E-2
5.397657E-2
5.436576E-2
5.496694E-2
5.572948E-2
5.591796E-2
5.675354E-2
5.727401E-2
5.776484E-2
5.866124E-2
5.907117E-2
5.949767E-2
6.034298E-2
6.071966E-2
6.133825E-2
6.216494E-2
6.283778E-2
6.308227E-2
6.402691E-2
6.452034E-2
6.501024E-2
6.582620E-2
6.638952E-2
6.707115E-2
6.781314E-2
6.860920E-2
6.896525E-2
6.976926E-2
7.044867E-2
7.089970E-2
7.182054E-2
7.265317E-2
7.307281E-2
7.398764E-2
7.471148E-2
7.520611E-2
7.606096E-2
7.668945E-2
7.729646E-2
7.833849E-2
7.874378E-2
7.979498E-2
8.076026E-2
8.117361E-2
8.192643E-2
8.297790E-2
8.340643E-2
8.419184E-2
8.519961E-2
8.558288E-2
8.650974E-2
8.744169E-2
8.776413E-2
8.878126E-2
8.968618E-2
9.021136E-2
9.093799E-2
9.187373E-2
9.248260E-2
9.331458E-2
9.431393E-2
9.489632E-2
9.569765E-2
9.679319E-2
9.730865E-2
9.819127E-2
9.937205E-2
9.987410E-2
1.007116E-1
1.019320E-1
1.025749E-1
1.034179E-1
1.046666E-1
1.050878E-1
1.061054E-1
1.073133E-1
1.076742E-1
1.089965E-1
1.099878E-1
1.104938E-1
1.116783E-1
1.125478E-1
1.133076E-1
1.146148E-1
1.155527E-1
1.162325E-1
1.182790E-1
1.189348E-1
1.198965E-1
1.216284E-1
1.230769E-1
1.236838E-1
1.250565E-1
1.266613E-1
1.274587E-1
1.286788E-1
1.307047E-1
1.320856E-1
1.328256E-1
1.352899E-1
1.359947E-1
1.380010E-1
1.392193E-1
1.401684E-1
1.417659E-1
1.447001E-1
1.457887E-1
1.476499E-1
1.508070E-1
1.523443E-1
1.542942E-1
1.578260E-1
1.593985E-1
1.620717E-1
1.660475E-1
1.676264E-1
1.707114E-1
1.745558E-1
1.766305E-1
1.798098E-1
1.839132E-1
1.852295E-1
1.901543E-1
1.935703E-1
1.956683E-1
1.999815E-1
2.040942E-1
2.059035E-1
2.100689E-1
2.143183E-1
2.161351E-1
2.192311E-1
2.240356E-1
2.263851E-1
2.288920E-1
2.330748E-1
2.357981E-1
2.392798E-1
2.442823E-1
2.460140E-1
2.489295E-1
2.525371E-1
2.542076E-1
2.582944E-1
2.610907E-1
2.634292E-1
2.670811E-1
2.705018E-1
2.725553E-1
2.753895E-1
2.794365E-1
2.821135E-1
2.836878E-1
2.880456E-1
2.894969E-1
2.921008E-1
2.956936E-1
2.983502E-1
3.005268E-1
3.035720E-1
3.072303E-1
3.092570E-1
3.114114E-1
3.148358E-1
3.174600E-1
3.190584E-1
3.214913E-1
3.247306E-1
3.263652E-1
3.297590E-1
3.318135E-1
3.341565E-1
3.376263E-1
3.402264E-1
3.414521E-1
3.457044E-1
3.475026E-1
3.492537E-1
3.526521E-1
3.547029E-1
3.566528E-1
3.598589E-1
3.621687E-1
3.638245E-1
3.667475E-1
3.696188E-1
3.705114E-1
3.736121E-1
3.769662E-1
3.783472E-1
3.803341E-1
3.835753E-1
3.852996E-1
3.872939E-1
3.898913E-1
3.925257E-1
3.940206E-1
3.965079E-1
3.991673E-1
4.007584E-1
4.029007E-1
4.057424E-1
4.079994E-1
4.091196E-1
4.117790E-1
4.141072E-1
4.154273E-1
4.181690E-1
4.206601E-1
4.218551E-1
4.241020E-1
4.267364E-1
4.281036E-1
4.297557E-1
4.323254E-1
4.342956E-1
4.356101E-1
4.386857E-1
4.409623E-1
4.419585E-1
4.441803E-1
4.465326E-1
4.481561E-1
4.492447E-1
4.516673E-1
4.537764E-1
4.547274E-1
4.569168E-1
4.588631E-1
4.601220E-1
4.622282E-1
4.647425E-1
4.658784E-1
4.672594E-1
4.700280E-1
4.713211E-1
4.729982E-1
4.754754E-1
4.775428E-1
4.786898E-1
4.804260E-1
4.828043E-1
4.842648E-1
4.853221E-1
4.871777E-1
4.892451E-1
4.905087E-1
4.922994E-1
4.947850E-1
4.961642E-1
4.973177E-1
4.995276E-1
5.008373E-1
5.022499E-1
5.045309E-1
5.053264E-1
5.061349E-1
5.081043E-1
5.102198E-1
5.112863E-1
5.128144E-1
5.151529E-1
5.166162E-1
5.173923E-1
5.191656E-1
5.212848E-1
5.223985E-1
5.239109E-1
5.259052E-1
5.267701E-1
5.288467E-1
5.306033E-1
5.316754E-1
5.334172E-1
5.353524E-1
5.362904E-1
5.378730E-1
5.400302E-1
5.411615E-1
5.422659E-1
5.443832E-1
5.461010E-1
5.471075E-1
5.485570E-1
5.506503E-1
5.518962E-1
5.534909E-1
5.551532E-1
5.561282E-1
5.573001E-1
5.593083E-1
5.603972E-1
5.616431E-1
5.637586E-1
5.649861E-1
5.661146E-1
5.681708E-1
5.696074E-1
5.702762E-1
5.725167E-1
5.736109E-1
5.749300E-1
5.768641E-1
5.780009E-1
5.792535E-1
5.810739E-1
5.823374E-1
5.838601E-1
5.857915E-1
5.868996E-1
5.884075E-1
5.903805E-1
5.916292E-1
5.924636E-1
5.940888E-1
5.961230E-1
5.972477E-1
5.982449E-1
6.003132E-1
6.017128E-1
6.023215E-1
6.043935E-1
6.057172E-1
6.068198E-1
6.083247E-1
6.101110E-1
6.109462E-1
6.122653E-1
6.140774E-1
6.154511E-1
6.160320E-1
6.181030E-1
6.195516E-1
6.201326E-1
6.221556E-1
6.238400E-1
6.241842E-1
6.252202E-1
6.268889E-1
6.282218E-1
6.291570E-1
6.307480E-1
6.324029E-1
6.332391E-1
6.344962E-1
6.362814E-1
6.375478E-1
6.386208E-1
6.404616E-1
6.419332E-1
6.427362E-1
6.444484E-1
6.458442E-1
6.468599E-1
6.485647E-1
6.501752E-1
6.507070E-1
6.522573E-1
6.538770E-1
6.547623E-1
6.559732E-1
6.580312E-1
6.590377E-1
6.607971E-1
6.625259E-1
6.637164E-1
6.645776E-1
6.661834E-1
6.677596E-1
6.684552E-1
6.699852E-1
6.713339E-1
6.723042E-1
6.736371E-1
6.752263E-1
6.761930E-1
6.772781E-1
6.791373E-1
6.802381E-1
6.811418E-1
6.831944E-1
6.839011E-1
6.851360E-1
6.871683E-1
6.883449E-1
6.891552E-1
6.909978E-1
6.918386E-1
6.926286E-1
6.943806E-1
6.958356E-1
6.963814E-1
6.980501E-1
6.994857E-1
7.002489E-1
7.019546E-1
7.030479E-1
7.038064E-1
7.056917E-1
7.064039E-1
7.077794E-1
7.099642E-1
7.105803E-1
7.121353E-1
7.137873E-1
7.145800E-1
7.159842E-1
7.174476E-1
7.184161E-1
7.198129E-1
7.215297E-1
7.221568E-1
7.234889E-1
7.252797E-1
7.258513E-1
7.276062E-1
7.290667E-1
7.296143E-1
7.315984E-1
7.325392E-1
7.330479E-1
7.348314E-1
7.361727E-1
7.369709E-1
7.387830E-1
7.398468E-1
7.409660E-1
7.427606E-1
7.433166E-1
7.448890E-1
7.463922E-1
7.474819E-1
7.488795E-1
7.506390E-1
7.511820E-1
7.529070E-1
7.543232E-1
7.550817E-1
7.566931E-1
7.578383E-1
7.587569E-1
7.605671E-1
7.616105E-1
7.623218E-1
7.640488E-1
7.651486E-1
7.659636E-1
7.675361E-1
7.689552E-1
7.696590E-1
7.714647E-1
7.725932E-1
7.735172E-1
7.752526E-1
7.760749E-1
7.775282E-1
7.789045E-1
7.797639E-1
7.812745E-1
7.827110E-1
7.834149E-1
7.849966E-1
7.862815E-1
7.868273E-1
7.886014E-1
7.896643E-1
7.904053E-1
7.922414E-1
7.929212E-1
7.940433E-1
7.960617E-1
7.974834E-1
7.979672E-1
7.996156E-1
8.010151E-1
8.017977E-1
8.030289E-1
8.046097E-1
8.053201E-1
8.064921E-1
8.084670E-1
8.091626E-1
8.106297E-1
8.117962E-1
8.129136E-1
8.141004E-1
8.156599E-1
8.161188E-1
8.174961E-1
8.189890E-1
8.199307E-1
8.210870E-1
8.226466E-1
8.238999E-1
8.245133E-1
8.261884E-1
8.272013E-1
8.281689E-1
8.296572E-1
8.306636E-1
8.314925E-1
8.330992E-1
8.343850E-1
8.351842E-1
8.364311E-1
8.382062E-1
8.390211E-1
8.401043E-1
8.416139E-1
8.423900E-1
8.436749E-1
8.453482E-1
8.462094E-1
8.470882E-1
8.486857E-1
8.500075E-1
8.507771E-1
8.524403E-1
8.537353E-1
8.544097E-1
8.558055E-1
8.572817E-1
8.580486E-1
8.589921E-1
8.606693E-1
8.618033E-1
8.623842E-1
8.642306E-1
8.652073E-1
8.665134E-1
8.681933E-1
8.691090E-1
8.699073E-1
8.715723E-1
8.723901E-1
8.738553E-1
8.752863E-1
8.758191E-1
8.770660E-1
8.787865E-1
8.797245E-1
8.804284E-1
8.819121E-1
8.829111E-1
8.836095E-1
8.847390E-1
8.862597E-1
8.870265E-1
8.883770E-1
8.896841E-1
8.902557E-1
8.918375E-1
8.927690E-1
8.937024E-1
8.955015E-1
8.962109E-1
8.976142E-1
8.986918E-1
8.995299E-1
9.007037E-1
9.021977E-1
9.033030E-1
9.040707E-1
9.056711E-1
9.067903E-1
9.074398E-1
9.093369E-1
9.100658E-1
9.109465E-1
9.125578E-1
9.137798E-1
9.143801E-1
9.162504E-1
9.173540E-1
9.180376E-1
9.217256E-1
9.204935E-1
9.219374E-1
9.237865E-1
9.244812E-1
9.258161E-1
9.271980E-1
9.276800E-1
9.291831E-1
9.308786E-1
9.317241E-1
9.327480E-1
9.342743E-1
9.351614E-1
9.359615E-1
9.376793E-1
9.382954E-1
9.397300E-1
9.412165E-1
9.417725E-1
9.431591E-1
9.446834E-1
9.452505E-1
9.464669E-1
9.476361E-1
9.483068E-1
9.495694E-1
9.510809E-1
9.518145E-1
9.527533E-1
9.542629E-1
9.556726E-1
9.559797E-1
9.575338E-1
9.585532E-1
9.591683E-1
9.604559E-1
9.618231E-1
9.628785E-1
9.632217E-1
9.648202E-1
9.656517E-1
9.666451E-1
9.682898E-1
9.688495E-1
9.700964E-1
9.714145E-1
9.724051E-1
9.730610E-1
9.744189E-1
9.754051E-1
9.760840E-1
9.779386E-1
9.787988E-1
9.795176E-1
9.810005E-1
9.817220E-1
9.827580E-1
9.844063E-1
9.852055E-1
9.861971E-1
9.876253E-1
9.884422E-1
9.890296E-1
9.902950E-1
9.912579E-1
9.919738E-1
9.932948E-1
9.939969E-1
9.949247E-1
9.962132E-1
9.967321E-1
9.977386E-1
9.989087E-1
9.996607E-1
1.000417E+0
1.001632E+0
1.002740E+0
1.003425E+0
1.003952E+0
1.004792E+0
1.006003E+0
1.006784E+0
1.007244E+0
1.008384E+0
1.009527E+0
1.010377E+0
1.011330E+0
1.012246E+0
1.012863E+0
1.014298E+0
1.014765E+0
1.015749E+0
1.016646E+0
1.017461E+0
1.018161E+0
1.019268E+0
1.020267E+0
1.020245E+0
1.021577E+0
1.022578E+0
1.023393E+0
1.024283E+0
1.025465E+0
1.026161E+0
1.026837E+0
1.028155E+0
1.028824E+0
1.029398E+0
1.030729E+0
1.031558E+0
1.032098E+0
1.033214E+0
1.034185E+0
1.034923E+0
1.035804E+0
1.036885E+0
1.037614E+0
1.038209E+0
1.039507E+0
1.040597E+0
1.041118E+0
1.041921E+0
1.043443E+0
1.044157E+0
1.044931E+0
1.045876E+0
1.046939E+0
1.047599E+0
1.051976E+0
1.056707E+0
1.060953E+0
1.064646E+0
1.069463E+0
1.073801E+0
1.077913E+0
1.082349E+0
1.086713E+0
1.090500E+0
1.094951E+0
1.099392E+0
1.103470E+0
1.108127E+0
1.112409E+0
1.116103E+0
1.120432E+0
1.124730E+0
1.128503E+0
1.132507E+0
1.136850E+0
1.140542E+0
1.144305E+0
1.148923E+0
1.153070E+0
1.156759E+0
1.160682E+0
1.164728E+0
1.168341E+0
1.172111E+0
1.176098E+0
1.180183E+0
1.183538E+0
1.187890E+0
1.192041E+0
1.195923E+0
1.199167E+0
1.203137E+0
1.207262E+0
1.211157E+0
1.214679E+0
1.218740E+0
1.222699E+0
1.226602E+0
1.230745E+0
1.234500E+0
1.238347E+0
1.242325E+0
1.246450E+0
1.250288E+0
1.254246E+0
1.258269E+0
1.261747E+0
1.265881E+0
1.270228E+0
1.274232E+0
1.277784E+0
1.281900E+0
1.286006E+0
1.289688E+0
1.293896E+0
1.297919E+0
1.302108E+0
1.305966E+0
1.310164E+0
1.314021E+0
1.318062E+0
1.322409E+0
1.326035E+0
1.329780E+0
1.334044E+0
1.338493E+0
1.342525E+0
1.346493E+0
1.350581E+0
1.354567E+0
1.358599E+0
1.362965E+0
1.366933E+0
1.370706E+0
1.374831E+0
1.379141E+0
1.383368E+0
1.387270E+0
1.391590E+0
1.395826E+0
1.399405E+0
1.403493E+0
1.407969E+0
1.411808E+0
1.415738E+0
1.419975E+0
1.424220E+0
1.428132E+0
1.432470E+0
1.436372E+0
1.440367E+0
1.444604E+0
1.448543E+0
1.452391E+0
1.456590E+0
1.460798E+0
1.464692E+0
1.468946E+0
1.472756E+0
1.476309E+0
1.480369E+0
1.484752E+0
1.488692E+0
1.492281E+0
1.496322E+0
1.500845E+0
1.504591E+0
1.508310E+0
1.512498E+0
1.516670E+0
1.520341E+0
1.524735E+0
1.528739E+0
1.532448E+0
1.536721E+0
1.541105E+0
1.544980E+0
1.549003E+0
1.553304E+0
1.557595E+0
1.561147E+0
1.565549E+0
1.569619E+0
1.573374E+0
1.578035E+0
1.582243E+0
1.586109E+0
1.590650E+0
1.594517E+0
1.598373E+0
1.603035E+0
1.607253E+0
1.611127E+0
1.615113E+0
1.619886E+0
1.623724E+0
1.627756E+0
1.632141E+0
1.636302E+0
1.640177E+0
1.644571E+0
1.648917E+0
1.652784E+0
1.656742E+0
1.661782E+0
1.665436E+0
1.669644E+0
1.674204E+0
1.678254E+0
1.682268E+0
1.686699E+0
1.690888E+0
1.695069E+0
1.699508E+0
1.703994E+0
1.708294E+0
1.712335E+0
1.716396E+0
1.720808E+0
1.725136E+0
1.728919E+0
1.733543E+0
1.737863E+0
1.741933E+0
1.746353E+0
1.750986E+0
1.755093E+0
1.759079E+0
1.763760E+0
1.767606E+0
1.771981E+0
1.776624E+0
1.780500E+0
1.784624E+0
1.789545E+0
1.793808E+0
1.797664E+0
1.802281E+0
1.806756E+0
1.810586E+0
1.814988E+0
1.819704E+0
1.823442E+0
1.828084E+0
1.832857E+0
1.836592E+0
1.841088E+0
1.845314E+0
1.849448E+0
1.854202E+0
1.858383E+0
1.862499E+0
1.867197E+0
