4.789380E-3
4.779850E-3
4.777940E-3
4.777940E-3
4.768400E-3
4.772220E-3
4.777940E-3
4.779850E-3
4.791290E-3
4.783660E-3
4.789380E-3
4.787470E-3
4.777940E-3
4.781750E-3
4.777940E-3
4.770310E-3
4.774120E-3
4.766490E-3
4.758860E-3
4.751240E-3
4.743610E-3
4.749330E-3
4.743610E-3
4.741700E-3
4.739790E-3
4.726440E-3
4.728350E-3
4.735980E-3
4.726440E-3
4.728350E-3
4.734070E-3
4.724530E-3
4.724530E-3
4.713090E-3
4.697830E-3
4.695920E-3
4.688290E-3
4.688290E-3
4.684480E-3
4.682570E-3
4.686390E-3
4.669220E-3
4.659680E-3
4.659680E-3
4.650150E-3
4.657780E-3
4.659680E-3
4.650150E-3
4.646330E-3
4.632980E-3
4.625350E-3
4.623440E-3
4.619630E-3
4.629160E-3
4.631070E-3
4.615810E-3
4.608180E-3
4.602460E-3
4.591020E-3
4.587200E-3
4.577670E-3
4.571940E-3
4.575760E-3
4.562410E-3
4.554780E-3
4.554780E-3
4.541430E-3
4.537610E-3
4.543330E-3
4.531890E-3
4.528080E-3
4.528080E-3
4.509000E-3
4.497560E-3
4.503280E-3
4.501370E-3
4.499470E-3
4.505190E-3
4.497560E-3
4.486110E-3
4.488020E-3
4.482300E-3
4.474670E-3
4.486110E-3
4.488020E-3
4.489930E-3
4.507090E-3
4.509000E-3
4.514720E-3
4.520450E-3
4.510910E-3
4.510910E-3
4.526170E-3
4.524260E-3
4.524260E-3
4.541430E-3
4.547150E-3
4.549060E-3
4.556690E-3
4.552870E-3
4.556690E-3
4.568130E-3
4.562410E-3
4.568130E-3
4.570040E-3
4.573850E-3
4.587200E-3
4.583390E-3
4.581480E-3
4.587200E-3
4.581480E-3
4.581480E-3
4.579570E-3
4.570040E-3
4.566220E-3
4.545240E-3
4.535700E-3
4.539520E-3
4.533800E-3
4.541430E-3
4.549060E-3
4.541430E-3
4.535700E-3
4.529980E-3
4.514720E-3
4.509000E-3
4.503280E-3
4.488020E-3
4.476580E-3
4.468950E-3
4.463230E-3
4.472760E-3
4.467040E-3
4.457500E-3
4.461320E-3
4.451780E-3
4.426990E-3
4.417450E-3
4.421260E-3
4.413630E-3
4.409820E-3
4.409820E-3
4.400280E-3
4.398380E-3
4.404100E-3
4.394560E-3
4.392650E-3
4.394560E-3
4.379300E-3
4.377390E-3
4.386930E-3
4.383120E-3
4.377390E-3
4.386930E-3
4.388840E-3
4.383120E-3
4.394560E-3
4.400280E-3
4.400280E-3
4.419360E-3
4.426990E-3
4.423170E-3
4.434620E-3
4.457500E-3
4.468950E-3
4.488020E-3
4.503280E-3
4.516630E-3
4.547150E-3
4.573850E-3
4.602460E-3
4.646330E-3
4.673030E-3
4.692110E-3
4.726440E-3
4.756960E-3
4.777940E-3
4.808460E-3
4.833250E-3
4.844700E-3
4.867580E-3
4.888560E-3
4.888560E-3
4.896190E-3
4.907640E-3
4.905730E-3
4.917170E-3
4.932430E-3
4.940060E-3
4.959140E-3
4.968670E-3
4.982020E-3
4.991560E-3
4.989650E-3
5.010630E-3
5.037340E-3
5.065950E-3
5.130800E-3
5.212810E-3
5.281480E-3
5.348240E-3
5.416900E-3
5.477940E-3
5.538970E-3
5.598100E-3
5.640060E-3
5.672480E-3
5.703000E-3
5.729710E-3
5.754500E-3
5.777390E-3
5.792650E-3
5.798370E-3
5.798370E-3
5.807910E-3
5.834610E-3
5.863220E-3
5.884200E-3
5.893740E-3
5.905180E-3
5.920440E-3
5.941420E-3
5.952860E-3
5.960490E-3
5.977660E-3
5.998640E-3
6.017710E-3
6.032970E-3
6.048230E-3
6.059680E-3
6.073030E-3
6.088290E-3
6.111170E-3
6.128340E-3
6.141690E-3
6.156950E-3
6.166490E-3
6.177930E-3
6.193190E-3
6.202730E-3
6.200820E-3
6.204630E-3
6.216080E-3
6.229430E-3
6.244690E-3
6.254230E-3
6.271390E-3
6.288560E-3
6.311450E-3
6.322890E-3
6.326710E-3
6.324800E-3
6.320980E-3
6.320980E-3
6.322890E-3
6.332430E-3
6.336240E-3
6.341960E-3
6.355320E-3
6.370570E-3
6.382020E-3
6.383930E-3
6.387740E-3
6.393460E-3
6.403000E-3
6.412540E-3
6.416350E-3
6.416350E-3
6.414440E-3
6.418260E-3
6.429700E-3
6.429700E-3
6.441150E-3
6.458310E-3
6.475480E-3
6.483110E-3
6.483110E-3
6.485020E-3
6.494550E-3
6.506000E-3
6.507900E-3
6.515530E-3
6.525070E-3
6.530790E-3
6.530790E-3
6.526980E-3
6.521250E-3
6.509810E-3
6.500270E-3
6.496460E-3
6.494550E-3
6.504090E-3
6.506000E-3
6.504090E-3
6.507900E-3
6.504090E-3
6.500270E-3
6.507900E-3
6.525070E-3
6.546050E-3
6.561310E-3
6.561310E-3
6.563220E-3
6.567030E-3
6.567030E-3
6.567030E-3
6.567030E-3
6.570850E-3
6.580380E-3
6.595640E-3
6.605180E-3
6.610900E-3
6.620440E-3
6.629970E-3
6.633790E-3
6.631880E-3
6.620440E-3
6.608990E-3
6.601360E-3
6.597550E-3
6.605180E-3
6.629970E-3
6.660490E-3
6.671940E-3
6.670030E-3
6.660490E-3
6.652860E-3
6.652860E-3
6.660490E-3
6.658580E-3
6.654770E-3
6.662400E-3
6.662400E-3
6.662400E-3
6.656680E-3
6.654770E-3
6.647140E-3
6.641420E-3
6.645230E-3
6.647140E-3
6.647140E-3
6.649050E-3
6.660490E-3
6.666210E-3
6.660490E-3
6.656680E-3
6.660490E-3
6.664310E-3
6.670030E-3
6.679560E-3
6.691010E-3
6.704360E-3
6.706270E-3
6.696730E-3
6.687190E-3
6.681470E-3
6.679560E-3
6.692920E-3
6.708170E-3
6.727250E-3
6.742510E-3
6.752040E-3
6.759670E-3
6.765400E-3
6.776840E-3
6.786380E-3
6.799730E-3
6.811170E-3
6.813080E-3
6.805450E-3
6.795910E-3
6.799730E-3
6.805450E-3
6.792100E-3
6.767300E-3
6.757770E-3
6.759670E-3
6.773020E-3
6.784470E-3
6.792100E-3
6.795910E-3
6.799730E-3
6.813080E-3
6.830250E-3
6.839780E-3
6.851230E-3
6.855040E-3
6.853130E-3
6.847410E-3
6.837870E-3
6.828340E-3
6.835970E-3
6.847410E-3
6.860760E-3
6.872210E-3
6.876020E-3
6.883650E-3
6.902720E-3
6.925610E-3
6.944690E-3
6.950410E-3
6.940870E-3
6.929430E-3
6.921800E-3
6.914170E-3
6.914170E-3
6.916080E-3
6.917980E-3
6.925610E-3
6.933240E-3
6.937060E-3
6.931330E-3
6.942780E-3
6.967570E-3
6.998090E-3
7.009540E-3
7.009540E-3
6.996180E-3
6.992370E-3
6.998090E-3
7.013350E-3
7.022890E-3
7.022890E-3
7.022890E-3
7.026700E-3
7.036240E-3
7.040050E-3
7.045780E-3
7.059130E-3
7.076290E-3
7.089640E-3
7.076290E-3
7.074390E-3
7.076290E-3
7.072480E-3
7.068660E-3
7.074390E-3
7.076290E-3
7.087740E-3
7.106810E-3
7.129700E-3
7.143050E-3
7.158310E-3
7.175480E-3
7.183100E-3
7.175480E-3
7.171660E-3
7.171660E-3
7.179290E-3
7.186920E-3
7.186920E-3
7.183100E-3
7.190730E-3
7.194550E-3
7.198360E-3
7.207900E-3
7.221250E-3
7.230790E-3
7.242230E-3
7.255580E-3
7.261310E-3
7.268940E-3
7.286100E-3
7.303270E-3
7.314710E-3
7.322340E-3
7.333790E-3
7.358580E-3
7.371930E-3
7.366210E-3
7.356670E-3
7.358580E-3
7.358580E-3
7.368120E-3
7.387190E-3
7.396730E-3
7.404360E-3
7.419620E-3
7.434870E-3
7.450130E-3
7.448230E-3
7.432970E-3
7.431060E-3
7.432970E-3
7.431060E-3
7.440600E-3
7.461580E-3
7.473020E-3
7.476840E-3
7.480650E-3
7.490190E-3
7.511170E-3
7.518800E-3
7.524520E-3
7.535960E-3
7.553130E-3
7.564570E-3
7.564570E-3
7.570300E-3
7.591280E-3
7.602720E-3
7.606540E-3
7.619890E-3
7.629420E-3
7.627520E-3
7.627520E-3
7.631330E-3
7.638960E-3
7.648500E-3
7.667570E-3
7.677110E-3
7.692370E-3
7.709530E-3
7.720980E-3
7.728610E-3
7.730510E-3
7.740050E-3
7.761030E-3
7.776290E-3
7.785830E-3
7.801090E-3
7.820190E-3
7.841170E-3
7.864060E-3
7.885040E-3
7.890760E-3
7.890760E-3
7.898390E-3
7.906020E-3
7.909830E-3
7.928910E-3
7.951800E-3
7.984220E-3
8.009020E-3
8.020460E-3
8.028090E-3
8.039530E-3
8.052890E-3
8.081500E-3
8.119640E-3
8.134900E-3
8.146350E-3
8.163510E-3
8.186400E-3
8.207380E-3
8.224550E-3
8.237900E-3
8.258880E-3
8.279860E-3
8.295120E-3
8.304660E-3
8.323730E-3
8.335170E-3
8.335170E-3
8.346620E-3
8.377130E-3
8.403840E-3
8.422910E-3
8.449610E-3
8.474410E-3
8.489670E-3
8.524000E-3
8.554520E-3
8.586940E-3
8.613650E-3
8.632720E-3
8.644160E-3
8.647980E-3
8.659420E-3
8.674680E-3
8.701380E-3
8.726180E-3
8.749070E-3
8.785310E-3
8.836810E-3
8.890210E-3
8.926450E-3
8.955060E-3
8.974130E-3
9.002750E-3
9.018000E-3
9.033260E-3
9.058060E-3
9.080950E-3
9.109560E-3
9.155330E-3
9.210650E-3
9.254520E-3
9.292660E-3
9.325090E-3
9.353700E-3
9.374680E-3
9.405200E-3
9.429990E-3
9.454790E-3
9.487210E-3
9.512010E-3
9.548250E-3
9.595930E-3
9.643610E-3
9.689390E-3
9.725630E-3
9.765680E-3
9.805740E-3
9.843890E-3
9.872500E-3
9.906830E-3
9.948790E-3
9.973590E-3
9.996470E-3
1.003840E-2
1.009760E-2
1.017190E-2
1.022340E-2
1.026350E-2
1.031310E-2
1.036270E-2
1.041040E-2
1.046000E-2
1.051150E-2
1.055150E-2
1.060300E-2
1.066210E-2
1.073650E-2
1.081280E-2
1.088150E-2
1.093110E-2
1.098640E-2
1.104740E-2
1.110270E-2
1.116760E-2
1.124010E-2
1.131450E-2
1.138310E-2
1.143460E-2
1.148610E-2
1.155480E-2
1.162150E-2
1.169210E-2
1.175120E-2
1.181990E-2
1.188090E-2
1.192480E-2
1.198580E-2
1.206020E-2
1.213650E-2
1.220520E-2
1.226810E-2
1.233300E-2
1.240930E-2
1.247790E-2
1.253130E-2
1.258280E-2
1.264960E-2
1.274310E-2
1.284610E-2
1.294710E-2
1.303490E-2
1.311500E-2
1.320270E-2
1.328280E-2
1.334770E-2
1.341440E-2
1.348120E-2
1.358610E-2
1.371390E-2
1.381500E-2
1.389510E-2
1.397520E-2
1.404960E-2
1.411630E-2
1.418690E-2
1.427270E-2
1.434520E-2
1.441580E-2
1.449970E-2
1.459320E-2
1.468280E-2
1.475530E-2
1.482780E-2
1.490790E-2
1.496890E-2
1.504710E-2
1.516160E-2
1.526270E-2
1.533510E-2
1.541910E-2
1.551060E-2
1.559450E-2
1.569570E-2
1.580250E-2
1.589410E-2
1.599510E-2
1.609810E-2
1.619920E-2
1.633080E-2
1.650250E-2
1.662650E-2
1.673710E-2
1.689920E-2
1.705370E-2
1.720250E-2
1.738750E-2
1.757060E-2
1.773460E-2
1.791200E-2
1.810090E-2
1.829730E-2
1.850710E-2
1.869210E-2
1.886760E-2
1.905830E-2
1.922050E-2
1.934830E-2
1.943600E-2
1.948940E-2
1.951420E-2
1.954470E-2
1.954280E-2
1.946080E-2
1.931580E-2
1.913080E-2
1.889430E-2
1.859300E-2
1.824580E-2
1.787010E-2
1.743710E-2
1.696220E-2
1.645480E-2
1.590930E-2
1.535610E-2
1.479730E-2
1.424410E-2
1.369290E-2
1.316080E-2
1.262290E-2
1.208120E-2
1.154520E-2
1.103030E-2
1.056300E-2
1.012240E-2
9.708460E-3
9.332720E-3
9.008470E-3
8.722360E-3
8.455340E-3
8.197840E-3
7.946070E-3
7.696180E-3
7.436780E-3
7.198360E-3
6.984740E-3
6.797820E-3
6.633790E-3
6.488830E-3
6.355320E-3
6.221800E-3
6.086380E-3
5.960490E-3
5.855590E-3
5.760220E-3
5.672480E-3
5.590470E-3
5.506550E-3
5.422620E-3
5.346330E-3
5.273850E-3
5.203280E-3
5.136520E-3
5.073580E-3
5.018260E-3
4.974400E-3
4.932430E-3
4.890470E-3
4.848510E-3
4.806550E-3
4.776030E-3
4.751240E-3
4.715000E-3
4.673030E-3
4.640610E-3
4.612000E-3
4.581480E-3
4.556690E-3
4.531890E-3
4.509000E-3
4.488020E-3
4.465130E-3
4.447970E-3
4.436520E-3
4.413630E-3
4.392650E-3
4.369770E-3
4.348780E-3
4.329710E-3
4.306820E-3
4.291560E-3
4.278210E-3
4.262950E-3
4.241970E-3
4.222900E-3
4.200010E-3
4.180940E-3
4.165680E-3
4.148510E-3
4.131350E-3
4.104640E-3
4.079850E-3
4.051240E-3
4.026440E-3
3.999740E-3
3.980670E-3
3.959690E-3
3.932980E-3
3.910090E-3
3.889100E-3
3.868120E-3
3.854770E-3
3.841420E-3
3.829970E-3
3.818530E-3
3.801360E-3
3.780380E-3
3.761310E-3
3.734600E-3
3.705990E-3
3.679290E-3
3.646870E-3
3.614440E-3
3.587740E-3
3.562940E-3
3.536240E-3
3.511440E-3
3.482830E-3
3.450410E-3
3.417980E-3
3.391280E-3
3.353130E-3
3.318800E-3
3.288280E-3
3.259670E-3
3.231060E-3
3.204360E-3
3.181470E-3
3.158580E-3
3.133790E-3
3.112810E-3
3.095640E-3
3.074660E-3
3.049870E-3
3.026980E-3
3.009810E-3
2.986920E-3
2.964030E-3
2.939240E-3
2.912540E-3
2.880110E-3
2.847690E-3
2.809540E-3
2.769490E-3
2.733250E-3
2.704640E-3
2.672210E-3
2.639790E-3
2.613080E-3
2.580660E-3
2.548230E-3
2.517720E-3
2.487200E-3
2.458590E-3
2.431880E-3
2.407090E-3
2.380390E-3
2.349870E-3
2.323170E-3
2.294560E-3
2.262130E-3
2.223980E-3
2.189650E-3
2.151500E-3
2.113360E-3
2.077120E-3
2.038970E-3
2.000820E-3
1.962680E-3
1.914990E-3
1.871120E-3
1.823430E-3
1.781470E-3
1.739510E-3
1.693730E-3
1.649860E-3
1.607900E-3
1.562130E-3
1.520160E-3
1.480110E-3
1.440060E-3
1.403820E-3
1.365670E-3
1.329430E-3
1.293190E-3
1.258860E-3
1.226430E-3
1.188290E-3
1.148230E-3
1.106270E-3
1.062400E-3
1.016620E-3
9.727520E-4
9.231600E-4
8.697550E-4
8.087200E-4
6.408730E-4
1.697550E-4
-5.054510E-4
-1.358040E-3
-2.536790E-3
-4.060780E-3
-5.764040E-3
-7.736240E-3
-9.967860E-3
-1.228720E-2
-1.428800E-2
-1.589980E-2
-1.717960E-2
-1.816190E-2
-1.878940E-2
-1.908500E-2
-1.908310E-2
-1.871310E-2
-1.815810E-2
-1.753250E-2
-1.675620E-2
-1.607140E-2
-1.537520E-2
-1.475530E-2
-1.431470E-2
-1.395420E-2
-1.369290E-2
-1.354990E-2
-1.342970E-2
-1.322560E-2
-1.279260E-2
-1.203540E-2
-1.102260E-2
-9.805740E-3
-8.476320E-3
-6.958040E-3
-5.336790E-3
-3.721250E-3
-2.195370E-3
-8.468670E-4
2.536790E-4
1.111990E-3
1.739510E-3
2.157230E-3
2.445240E-3
2.649320E-3
2.805720E-3
2.922070E-3
3.013630E-3
3.097550E-3
3.171940E-3
3.236790E-3
3.299730E-3
3.355040E-3
3.404630E-3
3.450410E-3
3.486650E-3
3.509540E-3
3.522890E-3
3.530520E-3
3.536240E-3
3.540050E-3
3.540050E-3
3.536240E-3
3.526700E-3
3.513350E-3
3.494280E-3
3.479020E-3
3.465670E-3
3.450410E-3
3.429430E-3
3.406540E-3
3.383650E-3
3.355040E-3
3.324520E-3
3.290190E-3
3.252040E-3
3.198640E-3
3.145230E-3
3.093730E-3
3.047960E-3
2.996460E-3
2.939240E-3
2.885830E-3
2.836240E-3
2.784740E-3
2.727520E-3
2.660770E-3
2.597820E-3
2.534880E-3
2.468120E-3
2.401370E-3
2.330790E-3
2.256410E-3
2.178210E-3
2.100010E-3
2.021800E-3
1.932150E-3
1.832970E-3
1.728070E-3
1.623160E-3
1.512530E-3
1.394280E-3
1.274120E-3
1.142510E-3
9.975510E-4
8.411440E-4
6.771120E-4
5.035440E-4
3.089920E-4
8.964590E-5
-1.583110E-4
-4.386920E-4
-7.667580E-4
-1.171120E-3
-1.674660E-3
-2.260220E-3
-2.899180E-3
-3.587740E-3
-4.331620E-3
-5.104090E-3
-5.886110E-3
-6.660490E-3
-7.389100E-3
-8.041440E-3
-8.569780E-3
-8.962690E-3
-9.204920E-3
-9.298380E-3
-9.227810E-3
-8.995120E-3
-8.632720E-3
-8.203570E-3
-7.692370E-3
-7.101090E-3
-6.462130E-3
-5.821260E-3
-5.168940E-3
-4.529980E-3
-3.952060E-3
-3.461850E-3
-3.051770E-3
-2.712260E-3
-2.431880E-3
-2.208720E-3
-2.029430E-3
-1.876840E-3
-1.749050E-3
-1.640330E-3
-1.544960E-3
-1.464850E-3
-1.394280E-3
-1.335150E-3
-1.291280E-3
-1.258860E-3
-1.239780E-3
-1.232150E-3
-1.237880E-3
-1.255040E-3
-1.293190E-3
-1.344690E-3
-1.407630E-3
-1.493460E-3
-1.605990E-3
-1.745230E-3
-1.905450E-3
-2.092380E-3
-2.313630E-3
-2.573030E-3
-2.859130E-3
-3.183380E-3
-3.582020E-3
-4.058870E-3
-4.596740E-3
-5.176570E-3
-5.809810E-3
-6.401090E-3
-6.982830E-3
-7.600810E-3
-8.243620E-3
-8.907380E-3
-9.586390E-3
-1.029970E-2
-1.100160E-2
-1.165780E-2
-1.225480E-2
-1.283270E-2
-1.335340E-2
-1.377110E-2
-1.401910E-2
-1.412400E-2
-1.410300E-2
-1.394660E-2
-1.362040E-2
-1.315500E-2
-1.256950E-2
-1.191530E-2
-1.124010E-2
-1.051530E-2
-9.779040E-3
-9.050430E-3
-8.361880E-3
-7.753400E-3
-7.267030E-3
-6.893190E-3
-6.628070E-3
-6.452590E-3
-6.317170E-3
-6.158860E-3
-5.916630E-3
-5.552320E-3
-5.012540E-3
-4.209550E-3
-3.137600E-3
-1.836780E-3
-2.517720E-4
1.531610E-3
3.465670E-3
5.550410E-3
7.658030E-3
9.866770E-3
1.207170E-2
1.417170E-2
1.614580E-2
1.797120E-2
1.958670E-2
2.092750E-2
2.206240E-2
2.299130E-2
2.373710E-2
2.433600E-2
2.480710E-2
2.516570E-2
2.545560E-2
2.573030E-2
2.598390E-2
2.613840E-2
2.628910E-2
2.642640E-2
2.658470E-2
2.671250E-2
2.677740E-2
2.682890E-2
2.689560E-2
2.695670E-2
2.700630E-2
2.702720E-2
2.705590E-2
2.708070E-2
2.712260E-2
2.718370E-2
2.721230E-2
2.717600E-2
2.716460E-2
2.716650E-2
2.718750E-2
2.722560E-2
2.726380E-2
2.725040E-2
2.723900E-2
2.725040E-2
2.728090E-2
2.732670E-2
2.733430E-2
2.730760E-2
2.721420E-2
2.714170E-2
2.712450E-2
2.714550E-2
2.718940E-2
2.719890E-2
2.717600E-2
2.715690E-2
2.713980E-2
2.705400E-2
2.697000E-2
2.689560E-2
2.684800E-2
2.680220E-2
2.675070E-2
2.669920E-2
2.664010E-2
2.656570E-2
2.650270E-2
2.640160E-2
2.623570E-2
2.596870E-2
2.565970E-2
2.534880E-2
2.494820E-2
2.449430E-2
2.392400E-2
2.313440E-2
2.219020E-2
2.107060E-2
1.971640E-2
1.810660E-2
1.629650E-2
1.424990E-2
1.205450E-2
9.840070E-3
7.574110E-3
5.399730E-3
3.377930E-3
1.535420E-3
-8.773850E-5
-1.468670E-3
-2.649320E-3
-3.669750E-3
-4.470850E-3
-5.071670E-3
-5.508450E-3
-5.806000E-3
-6.011990E-3
-6.200820E-3
-6.408720E-3
-6.681470E-3
-7.036240E-3
-7.490190E-3
-8.047160E-3
-8.668960E-3
-9.359420E-3
-1.009570E-2
-1.088910E-2
-1.168450E-2
-1.241310E-2
-1.303300E-2
-1.354220E-2
-1.394090E-2
-1.421360E-2
-1.432230E-2
-1.427270E-2
-1.406870E-2
-1.370630E-2
-1.318560E-2
-1.257140E-2
-1.190000E-2
-1.118670E-2
-1.046000E-2
-9.723720E-3
-8.979860E-3
-8.256970E-3
-7.564570E-3
-6.862670E-3
-6.198910E-3
-5.613360E-3
-5.073580E-3
-4.577670E-3
-4.114180E-3
-3.675480E-3
-3.274930E-3
-2.943050E-3
-2.653140E-3
-2.395640E-3
-2.180110E-3
-1.993190E-3
-1.827250E-3
-1.678470E-3
-1.550680E-3
-1.447690E-3
-1.367580E-3
-1.308450E-3
-1.268390E-3
-1.243600E-3
-1.235970E-3
-1.239780E-3
-1.255040E-3
-1.283650E-3
-1.321800E-3
-1.373300E-3
-1.436240E-3
-1.512530E-3
-1.604090E-3
-1.710900E-3
-1.831060E-3
-1.974120E-3
-2.153410E-3
-2.361310E-3
-2.599730E-3
-2.904910E-3
-3.280650E-3
-3.725070E-3
-4.318270E-3
-5.006820E-3
-5.754500E-3
-6.494550E-3
-7.186920E-3
-7.812560E-3
-8.335170E-3
-8.777680E-3
-9.094300E-3
-9.273590E-3
-9.313640E-3
-9.201110E-3
-8.932170E-3
-8.537350E-3
-8.009020E-3
-7.356670E-3
-6.635700E-3
-5.886110E-3
-5.102190E-3
-4.285840E-3
-3.486650E-3
-2.759950E-3
-2.113360E-3
-1.571660E-3
-1.132970E-3
-7.667580E-4
-4.520430E-4
-1.811990E-4
6.485030E-5
2.822890E-4
4.787460E-4
6.523170E-4
8.106270E-4
9.594000E-4
1.094830E-3
1.222620E-3
1.344690E-3
1.457220E-3
1.562130E-3
1.659400E-3
1.752860E-3
1.850140E-3
1.947410E-3
2.033250E-3
2.117170E-3
2.193470E-3
2.269760E-3
2.344150E-3
2.414720E-3
2.483380E-3
2.555860E-3
2.624530E-3
2.689380E-3
2.752320E-3
2.811450E-3
2.878200E-3
2.939240E-3
2.994550E-3
3.053680E-3
3.103270E-3
3.149050E-3
3.194820E-3
3.232970E-3
3.263490E-3
3.294010E-3
3.320710E-3
3.347410E-3
3.376020E-3
3.404630E-3
3.431340E-3
3.458040E-3
3.479020E-3
3.496180E-3
3.515260E-3
3.534330E-3
3.547680E-3
3.564850E-3
3.580110E-3
3.591550E-3
3.595370E-3
3.593460E-3
3.587740E-3
3.578200E-3
3.562940E-3
3.530520E-3
3.486650E-3
3.444690E-3
3.406540E-3
3.362670E-3
3.309260E-3
3.248230E-3
3.179570E-3
3.076570E-3
2.946870E-3
2.798100E-3
2.635970E-3
2.347960E-3
1.806270E-3
9.288830E-4
-3.299730E-4
-1.810080E-3
-3.334060E-3
-4.842790E-3
-6.458310E-3
-8.142530E-3
-9.759960E-3
-1.117330E-2
-1.223190E-2
-1.290140E-2
-1.327140E-2
-1.350410E-2
-1.356700E-2
-1.358990E-2
-1.387220E-2
-1.428800E-2
-1.485450E-2
-1.556970E-2
-1.637470E-2
-1.719110E-2
-1.792540E-2
-1.856820E-2
-1.904500E-2
-1.929300E-2
-1.928150E-2
-1.897440E-2
-1.840410E-2
-1.744280E-2
-1.585400E-2
-1.370440E-2
-1.142890E-2
-9.422360E-3
-7.560760E-3
-5.680110E-3
-3.826160E-3
-2.222080E-3
-1.033790E-3
-2.498650E-4
2.365120E-4
5.264320E-4
7.038150E-4
8.144420E-4
8.926430E-4
9.536780E-4
1.003270E-3
1.052860E-3
1.092920E-3
1.127250E-3
1.161580E-3
1.201640E-3
1.243600E-3
1.281750E-3
1.319890E-3
1.356130E-3
1.396190E-3
1.434330E-3
1.474390E-3
1.518260E-3
1.562130E-3
1.602180E-3
1.644140E-3
1.689920E-3
1.737600E-3
1.789100E-3
1.832970E-3
1.874930E-3
1.918800E-3
1.966490E-3
2.012270E-3
2.054230E-3
2.098100E-3
2.138150E-3
2.170580E-3
2.197280E-3
2.227800E-3
2.256410E-3
2.285020E-3
2.313630E-3
2.340330E-3
2.368940E-3
2.393740E-3
2.416630E-3
2.441420E-3
2.468120E-3
2.498640E-3
2.534880E-3
2.573030E-3
2.613080E-3
2.656950E-3
2.695100E-3
2.727520E-3
2.758040E-3
2.786650E-3
2.820980E-3
2.859130E-3
2.893460E-3
2.925890E-3
2.950680E-3
2.973570E-3
3.000270E-3
3.028880E-3
3.055590E-3
3.074660E-3
3.093730E-3
3.116620E-3
3.139510E-3
3.160490E-3
3.181470E-3
3.198640E-3
3.213900E-3
3.234880E-3
3.248230E-3
3.263490E-3
3.278750E-3
3.299730E-3
3.324520E-3
3.351230E-3
3.376020E-3
3.404630E-3
3.421800E-3
3.442780E-3
3.473300E-3
3.511440E-3
3.545780E-3
3.574390E-3
3.595370E-3
3.616350E-3
3.641140E-3
3.662120E-3
3.679290E-3
3.696460E-3
3.711720E-3
3.730790E-3
3.749860E-3
3.768940E-3
3.791820E-3
3.814710E-3
3.837600E-3
3.856670E-3
3.879560E-3
3.904360E-3
3.925350E-3
3.948240E-3
3.976850E-3
4.005460E-3
4.032160E-3
4.051240E-3
4.068400E-3
4.091290E-3
4.108460E-3
4.127530E-3
4.150420E-3
4.175220E-3
4.196200E-3
4.219080E-3
4.238160E-3
4.251510E-3
4.264860E-3
4.280120E-3
4.299190E-3
4.316360E-3
4.335430E-3
4.352600E-3
4.371670E-3
4.390750E-3
4.409820E-3
4.436520E-3
4.465130E-3
4.488020E-3
4.505190E-3
4.526170E-3
4.550960E-3
4.589110E-3
4.623440E-3
4.653960E-3
4.694010E-3
4.747420E-3
4.800830E-3
4.848510E-3
4.888560E-3
4.928620E-3
4.974400E-3
5.022080E-3
5.083110E-3
5.146060E-3
5.201370E-3
5.266220E-3
5.332980E-3
5.403550E-3
5.472210E-3
5.542780E-3
5.624800E-3
5.729710E-3
5.844150E-3
5.977660E-3
6.120710E-3
6.265670E-3
6.403000E-3
6.547960E-3
6.704360E-3
6.862670E-3
7.032420E-3
7.247950E-3
7.488280E-3
7.732420E-3
7.970870E-3
8.213100E-3
8.478220E-3
8.752880E-3
9.037080E-3
9.361330E-3
9.723720E-3
1.010900E-2
1.053050E-2
1.096920E-2
1.142890E-2
1.190760E-2
1.245890E-2
1.302340E-2
1.359180E-2
1.418500E-2
1.474000E-2
1.529510E-2
1.586160E-2
1.641670E-2
1.691260E-2
1.738560E-2
1.782050E-2
1.824390E-2
1.859680E-2
1.889810E-2
1.916130E-2
1.936160E-2
1.949510E-2
1.958670E-2
1.962100E-2
1.960190E-2
1.955620E-2
1.950660E-2
1.941880E-2
1.927960E-2
1.912700E-2
1.899160E-2
1.886950E-2
1.870930E-2
1.849760E-2
1.827820E-2
1.808750E-2
1.791780E-2
1.777850E-2
1.762400E-2
1.744090E-2
1.727690E-2
1.713380E-2
1.696980E-2
1.679430E-2
1.665890E-2
1.655780E-2
1.643380E-2
1.630600E-2
1.618020E-2
1.608100E-2
1.600850E-2
1.594560E-2
1.585210E-2
1.574340E-2
1.565560E-2
1.555450E-2
1.543430E-2
1.533510E-2
1.525690E-2
1.518260E-2
1.509480E-2
1.502230E-2
1.494800E-2
1.486780E-2
1.478200E-2
1.468860E-2
1.460650E-2
1.456080E-2
1.450930E-2
1.444250E-2
1.435100E-2
1.424600E-2
1.414300E-2
1.404770E-2
1.393900E-2
1.384170E-2
1.376540E-2
1.369100E-2
1.361660E-2
1.355180E-2
1.348120E-2
1.341440E-2
1.333810E-2
1.325040E-2
1.316270E-2
1.306730E-2
1.296430E-2
1.286130E-2
1.276400E-2
1.268390E-2
1.260760E-2
1.254660E-2
1.249510E-2
1.242640E-2
1.234630E-2
1.227580E-2
1.220900E-2
1.212510E-2
1.203540E-2
1.195340E-2
1.188090E-2
1.180850E-2
1.174550E-2
1.168640E-2
1.162340E-2
1.156430E-2
1.148610E-2
1.140600E-2
1.132970E-2
1.127250E-2
1.120950E-2
1.114280E-2
1.109130E-2
1.105310E-2
1.101690E-2
1.098070E-2
1.093300E-2
1.085860E-2
1.078990E-2
1.074030E-2
1.069070E-2
1.063160E-2
1.056870E-2
1.050760E-2
1.045610E-2
1.041230E-2
1.035510E-2
1.029400E-2
1.024630E-2
1.021580E-2
1.018530E-2
1.015670E-2
1.012810E-2
1.007470E-2
1.001360E-2
9.973590E-3
9.933530E-3
9.876310E-3
9.803830E-3
9.750430E-3
9.716090E-3
9.681760E-3
9.664600E-3
9.635980E-3
9.584490E-3
9.546340E-3
9.508190E-3
9.471950E-3
9.452880E-3
9.439530E-3
9.407100E-3
9.380400E-3
9.359420E-3
9.325090E-3
9.281220E-3
9.254520E-3
9.237350E-3
9.210650E-3
9.176310E-3
9.140070E-3
9.103830E-3
9.063780E-3
9.038980E-3
9.010370E-3
8.987490E-3
8.956970E-3
8.924540E-3
8.897840E-3
8.880670E-3
8.857790E-3
8.827270E-3
8.796750E-3
8.770050E-3
8.741440E-3
8.712830E-3
8.684220E-3
8.665140E-3
8.646070E-3
8.621280E-3
8.581220E-3
8.544980E-3
8.527820E-3
8.527820E-3
8.520190E-3
8.497300E-3
8.468690E-3
8.443890E-3
8.409560E-3
8.384760E-3
8.365690E-3
8.346620E-3
8.327540E-3
8.300840E-3
8.281770E-3
8.270320E-3
8.249340E-3
8.224550E-3
8.197840E-3
8.174960E-3
8.167330E-3
8.150160E-3
8.136810E-3
8.138720E-3
8.132990E-3
8.119640E-3
8.110110E-3
8.106290E-3
8.089130E-3
8.071960E-3
8.064330E-3
8.050980E-3
8.033810E-3
8.026180E-3
8.018550E-3
7.991850E-3
7.963240E-3
7.936540E-3
7.909830E-3
7.894580E-3
7.890760E-3
7.881220E-3
7.867870E-3
7.871690E-3
7.881220E-3
7.873590E-3
7.854520E-3
7.835450E-3
7.820190E-3
7.810620E-3
7.802990E-3
7.783920E-3
7.755310E-3
7.728610E-3
7.715260E-3
7.709530E-3
7.713350E-3
7.709530E-3
7.700000E-3
7.694270E-3
7.682830E-3
7.665660E-3
7.640870E-3
7.640870E-3
7.644680E-3
7.644680E-3
7.637050E-3
7.616070E-3
7.598910E-3
7.587460E-3
7.574110E-3
7.553130E-3
7.535960E-3
7.524520E-3
7.513080E-3
7.511170E-3
7.520710E-3
7.511170E-3
7.488280E-3
7.467300E-3
7.459670E-3
7.459670E-3
7.471110E-3
7.476840E-3
7.474930E-3
7.474930E-3
7.465390E-3
7.442500E-3
7.419620E-3
7.415800E-3
7.419620E-3
7.419620E-3
7.415800E-3
7.406260E-3
7.389100E-3
7.379560E-3
7.356670E-3
7.339510E-3
7.328060E-3
7.324250E-3
7.322340E-3
7.320430E-3
7.316620E-3
7.310900E-3
7.293730E-3
7.274660E-3
7.261310E-3
7.261310E-3
7.265120E-3
7.265120E-3
7.267030E-3
7.270840E-3
7.261310E-3
7.253680E-3
7.247950E-3
7.247950E-3
7.247950E-3
7.234600E-3
7.221250E-3
7.213620E-3
7.213620E-3
7.223160E-3
7.225070E-3
7.219340E-3
7.215530E-3
7.209810E-3
7.198360E-3
7.188830E-3
7.181200E-3
7.177380E-3
7.173570E-3
7.164030E-3
7.144960E-3
7.129700E-3
7.120160E-3
7.120160E-3
7.127790E-3
7.133510E-3
7.129700E-3
7.112530E-3
7.089640E-3
7.068660E-3
7.062940E-3
7.062940E-3
7.068660E-3
7.061030E-3
7.041960E-3
7.026700E-3
7.026700E-3
7.024790E-3
7.019070E-3
7.019070E-3
7.022890E-3
7.017170E-3
7.005720E-3
6.992370E-3
6.990460E-3
6.996180E-3
6.990460E-3
6.984740E-3
6.971390E-3
6.967570E-3
6.967570E-3
6.967570E-3
6.965670E-3
6.971390E-3
6.973300E-3
6.969480E-3
6.959940E-3
6.940870E-3
6.923710E-3
6.917980E-3
6.908450E-3
6.895100E-3
6.897000E-3
6.895100E-3
6.900820E-3
6.908450E-3
6.914170E-3
6.908450E-3
6.906540E-3
6.908450E-3
6.904630E-3
6.893190E-3
6.885560E-3
6.893190E-3
6.900820E-3
6.895100E-3
6.887470E-3
6.883650E-3
6.877930E-3
6.872210E-3
6.862670E-3
6.856950E-3
6.862670E-3
6.866480E-3
6.864580E-3
6.847410E-3
6.824520E-3
6.814990E-3
6.813080E-3
6.813080E-3
6.807360E-3
6.799730E-3
6.790190E-3
6.776840E-3
6.765400E-3
6.767300E-3
6.774930E-3
6.780650E-3
6.778750E-3
6.773020E-3
6.763490E-3
6.755860E-3
6.752040E-3
6.752040E-3
6.752040E-3
6.746320E-3
6.740600E-3
6.742510E-3
6.746320E-3
6.742510E-3
6.732970E-3
6.729160E-3
6.723430E-3
6.723430E-3
6.731060E-3
6.732970E-3
6.727250E-3
6.711990E-3
6.708170E-3
6.702450E-3
6.691010E-3
6.692920E-3
6.692920E-3
6.687190E-3
6.692920E-3
6.704360E-3
6.706270E-3
6.706270E-3
6.702450E-3
6.698640E-3
6.700550E-3
6.692920E-3
6.681470E-3
6.679560E-3
6.685290E-3
6.691010E-3
6.689100E-3
6.666210E-3
6.650950E-3
6.654770E-3
6.658580E-3
6.650950E-3
6.641420E-3
6.637600E-3
6.631880E-3
6.629970E-3
6.626160E-3
6.622340E-3
6.616620E-3
6.612810E-3
6.601360E-3
6.595640E-3
6.593730E-3
6.595640E-3
6.601360E-3
6.608990E-3
6.607090E-3
6.603270E-3
6.589920E-3
6.582290E-3
6.578480E-3
6.574660E-3
6.565120E-3
6.563220E-3
6.568940E-3
6.568940E-3
6.570850E-3
6.582290E-3
6.588010E-3
6.593730E-3
6.595640E-3
6.580380E-3
6.572750E-3
6.576570E-3
6.574660E-3
6.574660E-3
6.574660E-3
6.521250E-3
6.521250E-3
6.515530E-3
6.506000E-3
6.504090E-3
6.502180E-3
6.500270E-3
6.507900E-3
6.509810E-3
6.506000E-3
6.500270E-3
6.502180E-3
6.500270E-3
6.486920E-3
6.479290E-3
6.471660E-3
6.467850E-3
6.458310E-3
6.458310E-3
6.462130E-3
6.444960E-3
6.418260E-3
6.401090E-3
6.395370E-3
6.403000E-3
6.404910E-3
6.389650E-3
6.366760E-3
6.340060E-3
6.315260E-3
6.290470E-3
6.277110E-3
6.275210E-3
6.265670E-3
6.265670E-3
6.258040E-3
6.238970E-3
6.223710E-3
6.217990E-3
6.221800E-3
6.208450E-3
6.177930E-3
6.139790E-3
6.094010E-3
6.052050E-3
6.004360E-3
5.964310E-3
5.931880E-3
5.905180E-3
5.891830E-3
5.884200E-3
5.874660E-3
5.853680E-3
5.819350E-3
5.781200E-3
5.743060E-3
5.703000E-3
5.664860E-3
5.632430E-3
5.611450E-3
5.584750E-3
5.556140E-3
5.544690E-3
5.533250E-3
5.516080E-3
5.497010E-3
5.474120E-3
5.445510E-3
5.414990E-3
5.386380E-3
5.363490E-3
5.348240E-3
5.327250E-3
5.310090E-3
5.296740E-3
5.281480E-3
5.252870E-3
5.239520E-3
5.239520E-3
5.231890E-3
5.214720E-3
5.189930E-3
5.174670E-3
5.163220E-3
5.147960E-3
5.126980E-3
5.121260E-3
5.113630E-3
5.096470E-3
5.081210E-3
5.067860E-3
5.062130E-3
5.052600E-3
5.043060E-3
5.043060E-3
5.043060E-3
5.029710E-3
5.012540E-3
5.003010E-3
4.995380E-3
4.997280E-3
5.004910E-3
5.012540E-3
5.014450E-3
5.012540E-3
5.016360E-3
5.023990E-3
5.018260E-3
5.014450E-3
5.006820E-3
5.004910E-3
5.004910E-3
4.995380E-3
4.985840E-3
4.989650E-3
4.989650E-3
4.985840E-3
4.983930E-3
4.983930E-3
4.982020E-3
4.985840E-3
4.995380E-3
5.003010E-3
5.008730E-3
5.003010E-3
4.989650E-3
4.976300E-3
4.964860E-3
4.964860E-3
4.982020E-3
4.991560E-3
4.982020E-3
4.976300E-3
4.985840E-3
4.983930E-3
4.962950E-3
4.959140E-3
4.955320E-3
4.930530E-3
4.911450E-3
4.900010E-3
4.873310E-3
4.840880E-3
4.804640E-3
4.766490E-3
4.734070E-3
4.705460E-3
4.665400E-3
4.636790E-3
4.617720E-3
4.583390E-3
4.554780E-3
4.545240E-3
4.526170E-3
4.489930E-3
4.468950E-3
4.459410E-3
4.438430E-3
4.425080E-3
4.423170E-3
4.419360E-3
4.406010E-3
4.400280E-3
4.402190E-3
4.396470E-3
4.390750E-3
4.396470E-3
4.402190E-3
4.394560E-3
4.392650E-3
4.409820E-3
4.423170E-3
4.425080E-3
4.440340E-3
4.447970E-3
4.453690E-3
4.472760E-3
4.480390E-3
4.474670E-3
4.484210E-3
4.497560E-3
4.495650E-3
4.501370E-3
4.514720E-3
4.526170E-3
4.531890E-3
4.549060E-3
4.560500E-3
4.554780E-3
4.558590E-3
4.570040E-3
4.562410E-3
4.560500E-3
4.577670E-3
4.579570E-3
4.575760E-3
4.583390E-3
4.587200E-3
4.587200E-3
4.598650E-3
4.600550E-3
4.589110E-3
4.594830E-3
4.613910E-3
4.621540E-3
4.631070E-3
4.646330E-3
4.648240E-3
4.644420E-3
4.652050E-3
4.667310E-3
4.653960E-3
4.636790E-3
4.640610E-3
4.642520E-3
4.632980E-3
4.636790E-3
4.644420E-3
4.632980E-3
4.627260E-3
4.623440E-3
4.610090E-3
4.608180E-3
4.617720E-3
4.606280E-3
4.600550E-3
4.602460E-3
4.589110E-3
4.573850E-3
4.566220E-3
4.547150E-3
4.528080E-3
4.526170E-3
4.528080E-3
4.514720E-3
4.514720E-3
4.526170E-3
4.528080E-3
4.518540E-3
4.524260E-3
4.535700E-3
4.529980E-3
4.529980E-3
4.543330E-3
4.541430E-3
4.539520E-3
4.556690E-3
4.573850E-3
4.581480E-3
4.596740E-3
4.604370E-3
4.596740E-3
4.600550E-3
4.606280E-3
4.606280E-3
4.619630E-3
4.642520E-3
4.648240E-3
4.650150E-3
4.659680E-3
4.663500E-3
4.671130E-3
4.688290E-3
4.690200E-3
4.686390E-3
4.686390E-3
4.686390E-3
4.680660E-3
4.692110E-3
4.713090E-3
4.713090E-3
4.718810E-3
4.732160E-3
4.726440E-3
4.722630E-3
4.737880E-3
4.751240E-3
4.749330E-3
4.766490E-3
4.783660E-3
4.779850E-3
4.781750E-3
4.787470E-3
4.777940E-3
4.774120E-3
4.791290E-3
4.797010E-3
4.793200E-3
4.804640E-3
4.816090E-3
4.810360E-3
4.791290E-3
4.783660E-3
4.804640E-3
4.816090E-3
4.816090E-3
4.829440E-3
4.837070E-3
4.825620E-3
4.827530E-3
4.837070E-3
4.831340E-3
4.831340E-3
4.840880E-3
4.837070E-3
4.838970E-3
4.852320E-3
4.850420E-3
4.846600E-3
4.852320E-3
4.850420E-3
4.848510E-3
4.863770E-3
4.867580E-3
4.856140E-3
4.859950E-3
4.873310E-3
4.871400E-3
4.871400E-3
4.877120E-3
4.871400E-3
4.873310E-3
4.873310E-3
4.871400E-3
4.882840E-3
4.879030E-3
4.871400E-3
4.873310E-3
