8.365543E-2
8.430683E-2
8.529748E-2
8.591414E-2
8.655151E-2
8.680561E-2
8.712965E-2
8.733216E-2
8.762990E-2
8.814268E-2
8.772256E-2
8.801964E-2
8.809556E-2
8.840720E-2
8.833897E-2
8.860281E-2
8.854000E-2
8.848933E-2
8.873568E-2
8.887517E-2
8.884264E-2
8.913273E-2
8.902259E-2
8.918754E-2
8.930987E-2
8.955794E-2
8.914135E-2
8.915682E-2
8.926211E-2
8.939444E-2
8.943965E-2
8.960841E-2
8.943018E-2
8.972554E-2
8.951281E-2
8.957251E-2
8.978332E-2
8.964302E-2
8.981346E-2
8.971950E-2
8.963449E-2
8.963046E-2
8.999492E-2
8.977489E-2
8.992851E-2
8.988872E-2
8.947255E-2
8.999457E-2
8.991473E-2
8.982153E-2
9.012880E-2
9.004437E-2
