-2.000000E-1	4.659680E-3	2.346050E-4	-1.675252E+0
-1.995000E-1	4.652050E-3	2.346050E-4	-1.674243E+0
-1.990000E-1	4.634890E-3	2.269750E-4	-1.670571E+0
-1.985000E-1	4.640610E-3	2.136240E-4	-1.666114E+0
-1.980000E-1	4.648240E-3	2.231610E-4	-1.661749E+0
-1.975000E-1	4.644420E-3	2.231610E-4	-1.657780E+0
-1.970000E-1	4.657780E-3	2.117170E-4	-1.653137E+0
-1.965000E-1	4.671130E-3	2.231610E-4	-1.648671E+0
-1.960000E-1	4.663500E-3	2.307900E-4	-1.644861E+0
-1.955000E-1	4.667310E-3	2.326970E-4	-1.640569E+0
-1.950000E-1	4.665400E-3	2.403270E-4	-1.636323E+0
-1.945000E-1	4.673030E-3	2.365120E-4	-1.632060E+0
-1.940000E-1	4.674940E-3	2.460500E-4	-1.627732E+0
-1.935000E-1	4.669220E-3	2.460500E-4	-1.623893E+0
-1.930000E-1	4.673030E-3	2.422340E-4	-1.619176E+0
-1.925000E-1	4.667310E-3	2.384200E-4	-1.615237E+0
-1.920000E-1	4.669220E-3	2.231610E-4	-1.610779E+0
-1.915000E-1	4.676850E-3	2.307900E-4	-1.606219E+0
-1.910000E-1	4.665400E-3	2.365120E-4	-1.602316E+0
-1.905000E-1	4.663500E-3	2.250680E-4	-1.598108E+0
-1.900000E-1	4.673030E-3	2.307900E-4	-1.593594E+0
-1.895000E-1	4.665400E-3	2.288830E-4	-1.589711E+0
-1.890000E-1	4.661590E-3	2.174390E-4	-1.585391E+0
-1.885000E-1	4.669220E-3	2.231610E-4	-1.580655E+0
-1.880000E-1	4.659680E-3	2.231610E-4	-1.576734E+0
-1.875000E-1	4.665400E-3	2.193460E-4	-1.572110E+0
-1.870000E-1	4.665400E-3	2.307900E-4	-1.567661E+0
-1.865000E-1	4.657780E-3	2.365120E-4	-1.563776E+0
-1.860000E-1	4.667310E-3	2.422340E-4	-1.559143E+0
-1.855000E-1	4.665400E-3	2.498650E-4	-1.555093E+0
-1.850000E-1	4.659680E-3	2.384200E-4	-1.551115E+0
-1.845000E-1	4.673030E-3	2.403270E-4	-1.546870E+0
-1.840000E-1	4.665400E-3	2.460500E-4	-1.542652E+0
-1.835000E-1	4.652050E-3	2.346050E-4	-1.538565E+0
-1.830000E-1	4.661590E-3	2.288830E-4	-1.534107E+0
-1.825000E-1	4.661590E-3	2.422340E-4	-1.529723E+0
-1.820000E-1	4.653960E-3	2.365120E-4	-1.525709E+0
-1.815000E-1	4.661590E-3	2.365120E-4	-1.521232E+0
-1.810000E-1	4.657780E-3	2.422340E-4	-1.517283E+0
-1.805000E-1	4.659680E-3	2.307900E-4	-1.513316E+0
-1.800000E-1	4.676850E-3	2.307900E-4	-1.509015E+0
-1.795000E-1	4.673030E-3	2.384200E-4	-1.505038E+0
-1.790000E-1	4.673030E-3	2.288830E-4	-1.500812E+0
-1.785000E-1	4.674940E-3	2.346050E-4	-1.496417E+0
-1.780000E-1	4.661590E-3	2.365120E-4	-1.492673E+0
-1.775000E-1	4.667310E-3	2.269750E-4	-1.488011E+0
-1.770000E-1	4.671130E-3	2.326970E-4	-1.483784E+0
-1.765000E-1	4.673030E-3	2.231610E-4	-1.479733E+0
-1.760000E-1	4.682570E-3	2.231610E-4	-1.475136E+0
-1.755000E-1	4.673030E-3	2.288830E-4	-1.471355E+0
-1.750000E-1	4.671130E-3	2.193460E-4	-1.467211E+0
-1.745000E-1	4.680660E-3	2.250680E-4	-1.462697E+0
-1.740000E-1	4.673030E-3	2.365120E-4	-1.458610E+0
-1.735000E-1	4.667310E-3	2.231610E-4	-1.454753E+0
-1.730000E-1	4.676850E-3	2.250680E-4	-1.450064E+0
-1.725000E-1	4.669220E-3	2.365120E-4	-1.446087E+0
-1.720000E-1	4.665400E-3	2.288830E-4	-1.441906E+0
-1.715000E-1	4.671130E-3	2.384200E-4	-1.437504E+0
-1.710000E-1	4.655870E-3	2.479570E-4	-1.433434E+0
-1.705000E-1	4.646330E-3	2.365120E-4	-1.429199E+0
-1.700000E-1	4.648240E-3	2.365120E-4	-1.424787E+0
-1.695000E-1	4.634890E-3	2.365120E-4	-1.421050E+0
-1.690000E-1	4.638700E-3	2.231610E-4	-1.417277E+0
-1.685000E-1	4.652050E-3	2.250680E-4	-1.413069E+0
-1.680000E-1	4.653960E-3	2.231610E-4	-1.408898E+0
-1.675000E-1	4.673030E-3	2.250680E-4	-1.404430E+0
-1.670000E-1	4.682570E-3	2.460500E-4	-1.400232E+0
-1.665000E-1	4.673030E-3	2.479570E-4	-1.396319E+0
-1.660000E-1	4.673030E-3	2.326970E-4	-1.391889E+0
-1.655000E-1	4.663500E-3	2.346050E-4	-1.387709E+0
-1.650000E-1	4.650150E-3	2.250680E-4	-1.383806E+0
-1.645000E-1	4.659680E-3	2.231610E-4	-1.378626E+0
-1.640000E-1	4.659680E-3	2.365120E-4	-1.375066E+0
-1.635000E-1	4.652050E-3	2.365120E-4	-1.371134E+0
-1.630000E-1	4.667310E-3	2.384200E-4	-1.366261E+0
-1.625000E-1	4.673030E-3	2.460500E-4	-1.362330E+0
-1.620000E-1	4.673030E-3	2.365120E-4	-1.358168E+0
-1.615000E-1	4.680660E-3	2.441420E-4	-1.354024E+0
-1.610000E-1	4.669220E-3	2.498650E-4	-1.349946E+0
-1.605000E-1	4.659680E-3	2.384200E-4	-1.346293E+0
-1.600000E-1	4.673030E-3	2.307900E-4	-1.341678E+0
-1.595000E-1	4.680660E-3	2.422340E-4	-1.337543E+0
-1.590000E-1	4.680660E-3	2.384200E-4	-1.333567E+0
-1.585000E-1	4.697830E-3	2.384200E-4	-1.329183E+0
-1.580000E-1	4.705460E-3	2.517720E-4	-1.324734E+0
-1.575000E-1	4.711180E-3	2.498650E-4	-1.320433E+0
-1.570000E-1	4.724530E-3	2.498650E-4	-1.315828E+0
-1.565000E-1	4.724530E-3	2.574940E-4	-1.311851E+0
-1.560000E-1	4.726440E-3	2.422340E-4	-1.307817E+0
-1.555000E-1	4.739790E-3	2.384200E-4	-1.303370E+0
-1.550000E-1	4.739790E-3	2.403270E-4	-1.299550E+0
-1.545000E-1	4.755050E-3	2.346050E-4	-1.295536E+0
-1.540000E-1	4.768400E-3	2.403270E-4	-1.291004E+0
-1.535000E-1	4.758860E-3	2.384200E-4	-1.287018E+0
-1.530000E-1	4.762680E-3	2.288830E-4	-1.282366E+0
-1.525000E-1	4.768400E-3	2.384200E-4	-1.278009E+0
-1.520000E-1	4.756960E-3	2.479570E-4	-1.274152E+0
-1.515000E-1	4.762680E-3	2.498650E-4	-1.269723E+0
-1.510000E-1	4.755050E-3	2.594010E-4	-1.264747E+0
-1.505000E-1	4.741700E-3	2.517720E-4	-1.261186E+0
-1.500000E-1	4.755050E-3	2.441420E-4	-1.256719E+0
-1.495000E-1	4.764590E-3	2.517720E-4	-1.252243E+0
-1.490000E-1	4.756960E-3	2.460500E-4	-1.248589E+0
-1.485000E-1	4.768400E-3	2.288830E-4	-1.244067E+0
-1.480000E-1	4.777940E-3	2.365120E-4	-1.239748E+0
-1.475000E-1	4.772220E-3	2.403270E-4	-1.235965E+0
-1.470000E-1	4.779850E-3	2.441420E-4	-1.231628E+0
-1.465000E-1	4.777940E-3	2.574940E-4	-1.227280E+0
-1.460000E-1	4.762680E-3	2.479570E-4	-1.223340E+0
-1.455000E-1	4.772220E-3	2.365120E-4	-1.218984E+0
-1.450000E-1	4.787470E-3	2.441420E-4	-1.214452E+0
-1.445000E-1	4.777940E-3	2.498650E-4	-1.210725E+0
-1.440000E-1	4.774120E-3	2.403270E-4	-1.206304E+0
-1.435000E-1	4.764590E-3	2.574940E-4	-1.201514E+0
-1.430000E-1	4.739790E-3	2.708450E-4	-1.197611E+0
-1.425000E-1	4.732160E-3	2.536790E-4	-1.193485E+0
-1.420000E-1	4.747420E-3	2.498650E-4	-1.189028E+0
-1.415000E-1	4.743610E-3	2.536790E-4	-1.184865E+0
-1.410000E-1	4.741700E-3	2.365120E-4	-1.180935E+0
-1.405000E-1	4.760770E-3	2.231610E-4	-1.176550E+0
-1.400000E-1	4.766490E-3	2.365120E-4	-1.172176E+0
-1.395000E-1	4.760770E-3	2.365120E-4	-1.168144E+0
-1.390000E-1	4.772220E-3	2.365120E-4	-1.163797E+0
-1.385000E-1	4.777940E-3	2.536790E-4	-1.159016E+0
-1.380000E-1	4.770310E-3	2.536790E-4	-1.155187E+0
-1.375000E-1	4.779850E-3	2.422340E-4	-1.150876E+0
-1.370000E-1	4.783660E-3	2.498650E-4	-1.146668E+0
-1.365000E-1	4.766490E-3	2.479570E-4	-1.142599E+0
-1.360000E-1	4.762680E-3	2.365120E-4	-1.138640E+0
-1.355000E-1	4.772220E-3	2.384200E-4	-1.134146E+0
-1.350000E-1	4.766490E-3	2.365120E-4	-1.130206E+0
-1.345000E-1	4.776030E-3	2.269750E-4	-1.125896E+0
-1.340000E-1	4.783660E-3	2.422340E-4	-1.121521E+0
-1.335000E-1	4.768400E-3	2.555870E-4	-1.117257E+0
-1.330000E-1	4.770310E-3	2.498650E-4	-1.112689E+0
-1.325000E-1	4.781750E-3	2.517720E-4	-1.108332E+0
-1.320000E-1	4.777940E-3	2.536790E-4	-1.104504E+0
-1.315000E-1	4.783660E-3	2.498650E-4	-1.100009E+0
-1.310000E-1	4.777940E-3	2.536790E-4	-1.095717E+0
-1.305000E-1	4.764590E-3	2.498650E-4	-1.091648E+0
-1.300000E-1	4.777940E-3	2.365120E-4	-1.087356E+0
-1.295000E-1	4.795100E-3	2.517720E-4	-1.082482E+0
-1.290000E-1	4.791290E-3	2.632160E-4	-1.078348E+0
-1.285000E-1	4.795100E-3	2.479570E-4	-1.074010E+0
-1.280000E-1	4.812270E-3	2.422340E-4	-1.069552E+0
-1.275000E-1	4.812270E-3	2.536790E-4	-1.065418E+0
-1.270000E-1	4.810360E-3	2.498650E-4	-1.061294E+0
-1.265000E-1	4.817990E-3	2.517720E-4	-1.056799E+0
-1.260000E-1	4.806550E-3	2.574940E-4	-1.052729E+0
-1.255000E-1	4.797010E-3	2.403270E-4	-1.048585E+0
-1.250000E-1	4.804640E-3	2.384200E-4	-1.043934E+0
-1.245000E-1	4.804640E-3	2.498650E-4	-1.039874E+0
-1.240000E-1	4.808460E-3	2.384200E-4	-1.035527E+0
-1.235000E-1	4.821810E-3	2.422340E-4	-1.030893E+0
-1.230000E-1	4.816090E-3	2.498650E-4	-1.026731E+0
-1.225000E-1	4.810360E-3	2.403270E-4	-1.022560E+0
-1.220000E-1	4.825620E-3	2.403270E-4	-1.018129E+0
-1.215000E-1	4.825620E-3	2.574940E-4	-1.014245E+0
-1.210000E-1	4.827530E-3	2.479570E-4	-1.010250E+0
-1.205000E-1	4.848510E-3	2.384200E-4	-1.005782E+0
-1.200000E-1	4.854230E-3	2.555870E-4	-1.001288E+0
-1.195000E-1	4.829440E-3	2.555870E-4	-9.972588E-1
-1.190000E-1	4.814180E-3	2.346050E-4	-9.929483E-1
-1.185000E-1	4.827530E-3	2.326970E-4	-9.883019E-1
-1.180000E-1	4.827530E-3	2.498650E-4	-9.841967E-1
-1.175000E-1	4.819900E-3	2.422340E-4	-9.801905E-1
-1.170000E-1	4.837070E-3	2.326970E-4	-9.756348E-1
-1.165000E-1	4.850420E-3	2.422340E-4	-9.711577E-1
-1.160000E-1	4.846600E-3	2.365120E-4	-9.670646E-1
-1.155000E-1	4.858050E-3	2.269750E-4	-9.625191E-1
-1.150000E-1	4.858050E-3	2.403270E-4	-9.580947E-1
-1.145000E-1	4.835160E-3	2.479570E-4	-9.543068E-1
-1.140000E-1	4.835160E-3	2.403270E-4	-9.495050E-1
-1.135000E-1	4.840880E-3	2.498650E-4	-9.450151E-1
-1.130000E-1	4.825620E-3	2.479570E-4	-9.410180E-1
-1.125000E-1	4.827530E-3	2.288830E-4	-9.367565E-1
-1.120000E-1	4.844700E-3	2.365120E-4	-9.321731E-1
-1.115000E-1	4.838970E-3	2.422340E-4	-9.281622E-1
-1.110000E-1	4.837070E-3	2.365120E-4	-9.238479E-1
-1.105000E-1	4.842790E-3	2.422340E-4	-9.193228E-1
-1.100000E-1	4.838970E-3	2.365120E-4	-9.156486E-1
-1.095000E-1	4.858050E-3	2.231610E-4	-9.113955E-1
-1.090000E-1	4.880930E-3	2.307900E-4	-9.065475E-1
-1.085000E-1	4.867580E-3	2.403270E-4	-9.024885E-1
-1.080000E-1	4.858050E-3	2.307900E-4	-8.983028E-1
-1.075000E-1	4.858050E-3	2.365120E-4	-8.936010E-1
-1.070000E-1	4.844700E-3	2.422340E-4	-8.895818E-1
-1.065000E-1	4.838970E-3	2.326970E-4	-8.854155E-1
-1.060000E-1	4.852320E-3	2.365120E-4	-8.807785E-1
-1.055000E-1	4.846600E-3	2.460500E-4	-8.767842E-1
-1.050000E-1	4.854230E-3	2.346050E-4	-8.725588E-1
-1.045000E-1	4.877120E-3	2.403270E-4	-8.681224E-1
-1.040000E-1	4.875210E-3	2.498650E-4	-8.639941E-1
-1.035000E-1	4.871400E-3	2.365120E-4	-8.599916E-1
-1.030000E-1	4.880930E-3	2.403270E-4	-8.553544E-1
-1.025000E-1	4.873310E-3	2.517720E-4	-8.513279E-1
-1.020000E-1	4.877120E-3	2.479570E-4	-8.470034E-1
-1.015000E-1	4.882840E-3	2.574940E-4	-8.423913E-1
-1.010000E-1	4.863770E-3	2.632160E-4	-8.383749E-1
-1.005000E-1	4.856140E-3	2.498650E-4	-8.341892E-1
-1.000000E-1	4.848510E-3	2.555870E-4	-8.297991E-1
-9.990000E-2	4.831340E-3	2.574940E-4	-8.255237E-1
-9.980000E-2	4.829440E-3	2.498650E-4	-8.246265E-1
-9.970000E-2	4.842790E-3	2.479570E-4	-8.233315E-1
-9.960000E-2	4.858050E-3	2.479570E-4	-8.229420E-1
-9.950000E-2	4.873310E-3	2.460500E-4	-8.222215E-1
-9.940000E-2	4.888560E-3	2.479570E-4	-8.209755E-1
-9.930000E-2	4.896190E-3	2.498650E-4	-8.201476E-1
-9.920000E-2	4.898100E-3	2.498650E-4	-8.194436E-1
-9.910000E-2	4.898100E-3	2.498650E-4	-8.181588E-1
-9.900000E-2	4.898100E-3	2.498650E-4	-8.174965E-1
-9.890000E-2	4.896190E-3	2.479570E-4	-8.168850E-1
-9.880000E-2	4.898100E-3	2.460500E-4	-8.157889E-1
-9.870000E-2	4.898100E-3	2.479570E-4	-8.151691E-1
-9.860000E-2	4.898100E-3	2.498650E-4	-8.145365E-1
-9.850000E-2	4.903820E-3	2.498650E-4	-8.134773E-1
-9.840000E-2	4.909550E-3	2.517720E-4	-8.124089E-1
-9.830000E-2	4.909550E-3	2.498650E-4	-8.119908E-1
-9.820000E-2	4.913360E-3	2.479570E-4	-8.106865E-1
-9.810000E-2	4.917170E-3	2.498650E-4	-8.096653E-1
-9.800000E-2	4.915270E-3	2.498650E-4	-8.091510E-1
-9.790000E-2	4.913360E-3	2.536790E-4	-8.075961E-1
-9.780000E-2	4.913360E-3	2.555870E-4	-8.067441E-1
-9.770000E-2	4.911450E-3	2.498650E-4	-8.065239E-1
-9.760000E-2	4.913360E-3	2.460500E-4	-8.053936E-1
-9.750000E-2	4.911450E-3	2.460500E-4	-8.045537E-1
-9.740000E-2	4.909550E-3	2.422340E-4	-8.040607E-1
-9.730000E-2	4.907640E-3	2.422340E-4	-8.029275E-1
-9.720000E-2	4.907640E-3	2.460500E-4	-8.021394E-1
-9.710000E-2	4.909550E-3	2.498650E-4	-8.015945E-1
-9.700000E-2	4.913360E-3	2.498650E-4	-8.003329E-1
-9.690000E-2	4.917170E-3	2.498650E-4	-7.996160E-1
-9.680000E-2	4.920990E-3	2.460500E-4	-7.987289E-1
-9.670000E-2	4.924800E-3	2.441420E-4	-7.976115E-1
-9.660000E-2	4.920990E-3	2.460500E-4	-7.966467E-1
-9.650000E-2	4.915270E-3	2.441420E-4	-7.962498E-1
-9.640000E-2	4.915270E-3	2.441420E-4	-7.952157E-1
-9.630000E-2	4.915270E-3	2.479570E-4	-7.944868E-1
-9.620000E-2	4.911450E-3	2.460500E-4	-7.938309E-1
-9.610000E-2	4.911450E-3	2.422340E-4	-7.925165E-1
-9.600000E-2	4.913360E-3	2.422340E-4	-7.912603E-1
-9.590000E-2	4.911450E-3	2.422340E-4	-7.907987E-1
-9.580000E-2	4.915270E-3	2.403270E-4	-7.899542E-1
-9.570000E-2	4.915270E-3	2.403270E-4	-7.888692E-1
-9.560000E-2	4.911450E-3	2.403270E-4	-7.884667E-1
-9.550000E-2	4.907640E-3	2.384200E-4	-7.871875E-1
-9.540000E-2	4.900010E-3	2.384200E-4	-7.858925E-1
-9.530000E-2	4.898100E-3	2.384200E-4	-7.853208E-1
-9.520000E-2	4.900010E-3	2.441420E-4	-7.841136E-1
-9.510000E-2	4.901920E-3	2.536790E-4	-7.827724E-1
-9.500000E-2	4.901920E-3	2.555870E-4	-7.823812E-1
-9.490000E-2	4.905730E-3	2.517720E-4	-7.811721E-1
-9.480000E-2	4.905730E-3	2.498650E-4	-7.805496E-1
-9.470000E-2	4.905730E-3	2.479570E-4	-7.799641E-1
-9.460000E-2	4.911450E-3	2.498650E-4	-7.788106E-1
-9.450000E-2	4.911450E-3	2.498650E-4	-7.780521E-1
-9.440000E-2	4.905730E-3	2.498650E-4	-7.778124E-1
-9.430000E-2	4.905730E-3	2.498650E-4	-7.768440E-1
-9.420000E-2	4.909550E-3	2.498650E-4	-7.757108E-1
-9.410000E-2	4.909550E-3	2.479570E-4	-7.750717E-1
-9.400000E-2	4.909550E-3	2.403270E-4	-7.742678E-1
-9.390000E-2	4.909550E-3	2.384200E-4	-7.732689E-1
-9.380000E-2	4.907640E-3	2.403270E-4	-7.727823E-1
-9.370000E-2	4.909550E-3	2.441420E-4	-7.716713E-1
-9.360000E-2	4.909550E-3	2.498650E-4	-7.706936E-1
-9.350000E-2	4.909550E-3	2.498650E-4	-7.701590E-1
-9.340000E-2	4.911450E-3	2.498650E-4	-7.689361E-1
-9.330000E-2	4.911450E-3	2.517720E-4	-7.681286E-1
-9.320000E-2	4.911450E-3	2.479570E-4	-7.675514E-1
-9.310000E-2	4.915270E-3	2.422340E-4	-7.665422E-1
-9.300000E-2	4.917170E-3	2.441420E-4	-7.654108E-1
-9.290000E-2	4.915270E-3	2.479570E-4	-7.649937E-1
-9.280000E-2	4.915270E-3	2.479570E-4	-7.637338E-1
-9.270000E-2	4.913360E-3	2.498650E-4	-7.627551E-1
-9.260000E-2	4.911450E-3	2.498650E-4	-7.622056E-1
-9.250000E-2	4.915270E-3	2.536790E-4	-7.608737E-1
-9.240000E-2	4.917170E-3	2.574940E-4	-7.598590E-1
-9.230000E-2	4.917170E-3	2.555870E-4	-7.594750E-1
-9.220000E-2	4.917170E-3	2.536790E-4	-7.582328E-1
-9.210000E-2	4.915270E-3	2.555870E-4	-7.574151E-1
-9.200000E-2	4.915270E-3	2.536790E-4	-7.568073E-1
-9.190000E-2	4.915270E-3	2.536790E-4	-7.556677E-1
-9.180000E-2	4.911450E-3	2.536790E-4	-7.549674E-1
-9.170000E-2	4.911450E-3	2.536790E-4	-7.542358E-1
-9.160000E-2	4.915270E-3	2.555870E-4	-7.530915E-1
-9.150000E-2	4.915270E-3	2.536790E-4	-7.523682E-1
-9.140000E-2	4.913360E-3	2.498650E-4	-7.517521E-1
-9.130000E-2	4.913360E-3	2.498650E-4	-7.506412E-1
-9.120000E-2	4.909550E-3	2.517720E-4	-7.500871E-1
-9.110000E-2	4.909550E-3	2.517720E-4	-7.492685E-1
-9.100000E-2	4.911450E-3	2.536790E-4	-7.480789E-1
-9.090000E-2	4.909550E-3	2.536790E-4	-7.475849E-1
-9.080000E-2	4.907640E-3	2.498650E-4	-7.468625E-1
-9.070000E-2	4.907640E-3	2.517720E-4	-7.456156E-1
-9.060000E-2	4.907640E-3	2.555870E-4	-7.451512E-1
-9.050000E-2	4.911450E-3	2.574940E-4	-7.440634E-1
-9.040000E-2	4.911450E-3	2.594010E-4	-7.431596E-1
-9.030000E-2	4.913360E-3	2.555870E-4	-7.425797E-1
-9.020000E-2	4.917170E-3	2.517720E-4	-7.407010E-1
-9.010000E-2	4.919080E-3	2.498650E-4	-7.398953E-1
-9.000000E-2	4.917170E-3	2.460500E-4	-7.391497E-1
-8.990000E-2	4.915270E-3	2.422340E-4	-7.378676E-1
-8.980000E-2	4.911450E-3	2.403270E-4	-7.370573E-1
-8.970000E-2	4.903820E-3	2.403270E-4	-7.363941E-1
-8.960000E-2	4.901920E-3	2.460500E-4	-7.353729E-1
-8.950000E-2	4.900010E-3	2.536790E-4	-7.348280E-1
-8.940000E-2	4.901920E-3	2.517720E-4	-7.339622E-1
-8.930000E-2	4.901920E-3	2.517720E-4	-7.328532E-1
-8.920000E-2	4.896190E-3	2.479570E-4	-7.323861E-1
-8.910000E-2	4.896190E-3	2.460500E-4	-7.312880E-1
-8.900000E-2	4.894290E-3	2.498650E-4	-7.304546E-1
-8.890000E-2	4.894290E-3	2.498650E-4	-7.297840E-1
-8.880000E-2	4.898100E-3	2.479570E-4	-7.285814E-1
-8.870000E-2	4.900010E-3	2.460500E-4	-7.280338E-1
-8.860000E-2	4.898100E-3	2.460500E-4	-7.275973E-1
-8.850000E-2	4.900010E-3	2.460500E-4	-7.260007E-1
-8.840000E-2	4.900010E-3	2.460500E-4	-7.252763E-1
-8.830000E-2	4.901920E-3	2.460500E-4	-7.244929E-1
-8.820000E-2	4.905730E-3	2.460500E-4	-7.232987E-1
-8.810000E-2	4.907640E-3	2.441420E-4	-7.230684E-1
-8.800000E-2	4.909550E-3	2.422340E-4	-7.219962E-1
-8.790000E-2	4.909550E-3	2.460500E-4	-7.211499E-1
-8.780000E-2	4.907640E-3	2.498650E-4	-7.205662E-1
-8.770000E-2	4.909550E-3	2.498650E-4	-7.195727E-1
-8.760000E-2	4.911450E-3	2.517720E-4	-7.184646E-1
-8.750000E-2	4.911450E-3	2.498650E-4	-7.178486E-1
-8.740000E-2	4.911450E-3	2.441420E-4	-7.167034E-1
-8.730000E-2	4.909550E-3	2.460500E-4	-7.158893E-1
-8.720000E-2	4.909550E-3	2.441420E-4	-7.152279E-1
-8.710000E-2	4.911450E-3	2.422340E-4	-7.135907E-1
-8.700000E-2	4.911450E-3	2.422340E-4	-7.129552E-1
-8.690000E-2	4.913360E-3	2.384200E-4	-7.121958E-1
-8.680000E-2	4.915270E-3	2.365120E-4	-7.109886E-1
-8.670000E-2	4.915270E-3	2.403270E-4	-7.102671E-1
-8.660000E-2	4.919080E-3	2.422340E-4	-7.093708E-1
-8.650000E-2	4.922900E-3	2.460500E-4	-7.082061E-1
-8.640000E-2	4.922900E-3	2.498650E-4	-7.073357E-1
-8.630000E-2	4.922900E-3	2.479570E-4	-7.067484E-1
-8.620000E-2	4.926710E-3	2.460500E-4	-7.055393E-1
-8.610000E-2	4.930530E-3	2.460500E-4	-7.047069E-1
-8.600000E-2	4.930530E-3	2.441420E-4	-7.040844E-1
-8.590000E-2	4.934340E-3	2.479570E-4	-7.028467E-1
-8.580000E-2	4.936250E-3	2.536790E-4	-7.020346E-1
-8.570000E-2	4.938160E-3	2.536790E-4	-7.014638E-1
-8.560000E-2	4.943880E-3	2.536790E-4	-7.002751E-1
-8.550000E-2	4.943880E-3	2.517720E-4	-6.996036E-1
-8.540000E-2	4.945780E-3	2.498650E-4	-6.989847E-1
-8.530000E-2	4.953410E-3	2.498650E-4	-6.974770E-1
-8.520000E-2	4.955320E-3	2.498650E-4	-6.967000E-1
-8.510000E-2	4.955320E-3	2.498650E-4	-6.962041E-1
-8.500000E-2	4.962950E-3	2.498650E-4	-6.948989E-1
-8.490000E-2	4.964860E-3	2.536790E-4	-6.940766E-1
-8.480000E-2	4.964860E-3	2.517720E-4	-6.935420E-1
-8.470000E-2	4.968670E-3	2.479570E-4	-6.922969E-1
-8.460000E-2	4.976300E-3	2.479570E-4	-6.909011E-1
-8.450000E-2	4.976300E-3	2.460500E-4	-6.906411E-1
-8.440000E-2	4.976300E-3	2.422340E-4	-6.895533E-1
-8.430000E-2	4.978210E-3	2.479570E-4	-6.886209E-1
-8.420000E-2	4.976300E-3	2.498650E-4	-6.880215E-1
-8.410000E-2	4.978210E-3	2.498650E-4	-6.867644E-1
-8.400000E-2	4.976300E-3	2.517720E-4	-6.860568E-1
-8.390000E-2	4.976300E-3	2.479570E-4	-6.854962E-1
-8.380000E-2	4.980120E-3	2.460500E-4	-6.843140E-1
-8.370000E-2	4.983930E-3	2.479570E-4	-6.830421E-1
-8.360000E-2	4.985840E-3	2.498650E-4	-6.825214E-1
-8.350000E-2	4.989650E-3	2.555870E-4	-6.815677E-1
-8.340000E-2	4.989650E-3	2.632160E-4	-6.803763E-1
-8.330000E-2	4.989650E-3	2.651230E-4	-6.797435E-1
-8.320000E-2	4.989650E-3	2.632160E-4	-6.790155E-1
-8.310000E-2	4.995380E-3	2.632160E-4	-6.777686E-1
-8.300000E-2	4.993470E-3	2.594010E-4	-6.770074E-1
-8.290000E-2	4.995380E-3	2.517720E-4	-6.763275E-1
-8.280000E-2	4.999190E-3	2.498650E-4	-6.753017E-1
-8.270000E-2	5.001100E-3	2.555870E-4	-6.741371E-1
-8.260000E-2	4.999190E-3	2.555870E-4	-6.735719E-1
-8.250000E-2	4.999190E-3	2.517720E-4	-6.725488E-1
-8.240000E-2	4.997280E-3	2.498650E-4	-6.715221E-1
-8.230000E-2	4.993470E-3	2.498650E-4	-6.708163E-1
-8.220000E-2	4.997280E-3	2.517720E-4	-6.697414E-1
-8.210000E-2	4.999190E-3	2.574940E-4	-6.687036E-1
-8.200000E-2	5.001100E-3	2.594010E-4	-6.683872E-1
-8.190000E-2	5.004910E-3	2.536790E-4	-6.674723E-1
-8.180000E-2	5.010630E-3	2.517720E-4	-6.663447E-1
-8.170000E-2	5.006820E-3	2.498650E-4	-6.658637E-1
-8.160000E-2	5.004910E-3	2.498650E-4	-6.646945E-1
-8.150000E-2	5.003010E-3	2.498650E-4	-6.637121E-1
-8.140000E-2	5.003010E-3	2.479570E-4	-6.630092E-1
-8.130000E-2	5.003010E-3	2.479570E-4	-6.618630E-1
-8.120000E-2	5.001100E-3	2.498650E-4	-6.613377E-1
-8.110000E-2	5.001100E-3	2.460500E-4	-6.604331E-1
-8.100000E-2	5.004910E-3	2.498650E-4	-6.592453E-1
-8.090000E-2	5.006820E-3	2.517720E-4	-6.583906E-1
-8.080000E-2	5.004910E-3	2.498650E-4	-6.573203E-1
-8.070000E-2	5.004910E-3	2.498650E-4	-6.561039E-1
-8.060000E-2	5.006820E-3	2.498650E-4	-6.555341E-1
-8.050000E-2	5.010630E-3	2.498650E-4	-6.544149E-1
-8.040000E-2	5.014450E-3	2.517720E-4	-6.532743E-1
-8.030000E-2	5.014450E-3	2.498650E-4	-6.526767E-1
-8.020000E-2	5.016360E-3	2.479570E-4	-6.515917E-1
-8.010000E-2	5.016360E-3	2.498650E-4	-6.503828E-1
-8.000000E-2	5.016360E-3	2.517720E-4	-6.498286E-1
-7.990000E-2	5.012540E-3	2.517720E-4	-6.485697E-1
-7.980000E-2	5.008730E-3	2.517720E-4	-6.478741E-1
-7.970000E-2	5.008730E-3	2.460500E-4	-6.471591E-1
-7.960000E-2	5.012540E-3	2.441420E-4	-6.458807E-1
-7.950000E-2	5.010630E-3	2.479570E-4	-6.451213E-1
-7.940000E-2	5.012540E-3	2.460500E-4	-6.446273E-1
-7.930000E-2	5.012540E-3	2.441420E-4	-6.433369E-1
-7.920000E-2	5.010630E-3	2.460500E-4	-6.428624E-1
-7.910000E-2	5.012540E-3	2.479570E-4	-6.414360E-1
-7.900000E-2	5.014450E-3	2.498650E-4	-6.409272E-1
-7.890000E-2	5.016360E-3	2.498650E-4	-6.400874E-1
-7.880000E-2	5.020170E-3	2.479570E-4	-6.387238E-1
-7.870000E-2	5.018260E-3	2.479570E-4	-6.381827E-1
-7.860000E-2	5.016360E-3	2.460500E-4	-6.371273E-1
-7.850000E-2	5.020170E-3	2.460500E-4	-6.360598E-1
-7.840000E-2	5.022080E-3	2.441420E-4	-6.355326E-1
-7.830000E-2	5.027800E-3	2.460500E-4	-6.343745E-1
-7.820000E-2	5.025890E-3	2.479570E-4	-6.335688E-1
-7.810000E-2	5.025890E-3	2.460500E-4	-6.326355E-1
-7.800000E-2	5.027800E-3	2.460500E-4	-6.316189E-1
-7.790000E-2	5.027800E-3	2.460500E-4	-6.310417E-1
-7.780000E-2	5.029710E-3	2.460500E-4	-6.301720E-1
-7.770000E-2	5.029710E-3	2.498650E-4	-6.290399E-1
-7.760000E-2	5.029710E-3	2.498650E-4	-6.284849E-1
-7.750000E-2	5.033520E-3	2.498650E-4	-6.276736E-1
-7.740000E-2	5.039240E-3	2.498650E-4	-6.264027E-1
-7.730000E-2	5.037340E-3	2.555870E-4	-6.255988E-1
-7.720000E-2	5.037340E-3	2.555870E-4	-6.249227E-1
-7.710000E-2	5.043060E-3	2.555870E-4	-6.235805E-1
-7.700000E-2	5.043060E-3	2.555870E-4	-6.228747E-1
-7.690000E-2	5.044970E-3	2.574940E-4	-6.221865E-1
-7.680000E-2	5.050690E-3	2.574940E-4	-6.209423E-1
-7.670000E-2	5.052600E-3	2.574940E-4	-6.199905E-1
-7.660000E-2	5.048780E-3	2.517720E-4	-6.194124E-1
-7.650000E-2	5.054500E-3	2.536790E-4	-6.182931E-1
-7.640000E-2	5.058320E-3	2.574940E-4	-6.171350E-1
-7.630000E-2	5.058320E-3	2.555870E-4	-6.165596E-1
-7.620000E-2	5.062130E-3	2.498650E-4	-6.153737E-1
-7.610000E-2	5.067860E-3	2.498650E-4	-6.143064E-1
-7.600000E-2	5.067860E-3	2.498650E-4	-6.137642E-1
-7.590000E-2	5.069760E-3	2.479570E-4	-6.127847E-1
-7.580000E-2	5.073580E-3	2.460500E-4	-6.118013E-1
-7.570000E-2	5.075480E-3	2.422340E-4	-6.112815E-1
-7.560000E-2	5.079300E-3	2.422340E-4	-6.095527E-1
-7.550000E-2	5.075480E-3	2.460500E-4	-6.090318E-1
-7.540000E-2	5.073580E-3	2.479570E-4	-6.082383E-1
-7.530000E-2	5.083110E-3	2.498650E-4	-6.070431E-1
-7.520000E-2	5.086930E-3	2.517720E-4	-6.056075E-1
-7.510000E-2	5.083110E-3	2.536790E-4	-6.051912E-1
-7.500000E-2	5.083110E-3	2.555870E-4	-6.039887E-1
-7.490000E-2	5.083110E-3	2.574940E-4	-6.031460E-1
-7.480000E-2	5.085020E-3	2.517720E-4	-6.025235E-1
-7.470000E-2	5.090740E-3	2.517720E-4	-6.012544E-1
-7.460000E-2	5.092650E-3	2.555870E-4	-6.005467E-1
-7.450000E-2	5.090740E-3	2.536790E-4	-5.996790E-1
-7.440000E-2	5.090740E-3	2.555870E-4	-5.983980E-1
-7.430000E-2	5.088840E-3	2.574940E-4	-5.976782E-1
-7.420000E-2	5.092650E-3	2.536790E-4	-5.969576E-1
-7.410000E-2	5.096470E-3	2.536790E-4	-5.956997E-1
-7.400000E-2	5.096470E-3	2.555870E-4	-5.950752E-1
-7.390000E-2	5.094560E-3	2.574940E-4	-5.941336E-1
-7.380000E-2	5.092650E-3	2.594010E-4	-5.928284E-1
-7.370000E-2	5.086930E-3	2.574940E-4	-5.922558E-1
-7.360000E-2	5.085020E-3	2.536790E-4	-5.913715E-1
-7.350000E-2	5.090740E-3	2.555870E-4	-5.901367E-1
-7.340000E-2	5.094560E-3	2.613090E-4	-5.896418E-1
-7.330000E-2	5.096470E-3	2.613090E-4	-5.886816E-1
-7.320000E-2	5.098370E-3	2.632160E-4	-5.875133E-1
-7.310000E-2	5.096470E-3	2.632160E-4	-5.868871E-1
-7.300000E-2	5.096470E-3	2.632160E-4	-5.860453E-1
-7.290000E-2	5.096470E-3	2.632160E-4	-5.848492E-1
-7.280000E-2	5.096470E-3	2.651230E-4	-5.841898E-1
-7.270000E-2	5.102190E-3	2.613090E-4	-5.833850E-1
-7.260000E-2	5.107910E-3	2.555870E-4	-5.821686E-1
-7.250000E-2	5.107910E-3	2.517720E-4	-5.815737E-1
-7.240000E-2	5.107910E-3	2.479570E-4	-5.806904E-1
-7.230000E-2	5.111720E-3	2.498650E-4	-5.795424E-1
-7.220000E-2	5.113630E-3	2.498650E-4	-5.788949E-1
-7.210000E-2	5.115540E-3	2.517720E-4	-5.777184E-1
-7.200000E-2	5.115540E-3	2.574940E-4	-5.768294E-1
-7.190000E-2	5.119350E-3	2.613090E-4	-5.760913E-1
-7.180000E-2	5.123170E-3	2.651230E-4	-5.748851E-1
-7.170000E-2	5.125080E-3	2.670310E-4	-5.743384E-1
-7.160000E-2	5.125080E-3	2.632160E-4	-5.734513E-1
-7.150000E-2	5.128890E-3	2.632160E-4	-5.721841E-1
-7.140000E-2	5.126980E-3	2.632160E-4	-5.716355E-1
-7.130000E-2	5.130800E-3	2.632160E-4	-5.704496E-1
-7.120000E-2	5.132700E-3	2.651230E-4	-5.695282E-1
-7.110000E-2	5.132700E-3	2.632160E-4	-5.689020E-1
-7.100000E-2	5.134610E-3	2.632160E-4	-5.676217E-1
-7.090000E-2	5.138430E-3	2.632160E-4	-5.671297E-1
-7.080000E-2	5.144150E-3	2.613090E-4	-5.659439E-1
-7.070000E-2	5.146060E-3	2.651230E-4	-5.646784E-1
-7.060000E-2	5.146060E-3	2.708450E-4	-5.640365E-1
-7.050000E-2	5.149870E-3	2.727530E-4	-5.628719E-1
-7.040000E-2	5.147960E-3	2.746600E-4	-5.618553E-1
-7.030000E-2	5.146060E-3	2.727530E-4	-5.615287E-1
-7.020000E-2	5.147960E-3	2.651230E-4	-5.603540E-1
-7.010000E-2	5.149870E-3	2.632160E-4	-5.592134E-1
-7.000000E-2	5.147960E-3	2.613090E-4	-5.587233E-1
-6.990000E-2	5.151780E-3	2.574940E-4	-5.575540E-1
-6.980000E-2	5.153690E-3	2.594010E-4	-5.566604E-1
-6.970000E-2	5.155590E-3	2.613090E-4	-5.560157E-1
-6.960000E-2	5.161320E-3	2.632160E-4	-5.546670E-1
-6.950000E-2	5.165130E-3	2.651230E-4	-5.541509E-1
-6.940000E-2	5.170850E-3	2.670310E-4	-5.529650E-1
-6.930000E-2	5.174670E-3	2.670310E-4	-5.519336E-1
-6.920000E-2	5.180390E-3	2.651230E-4	-5.513685E-1
-6.910000E-2	5.191830E-3	2.632160E-4	-5.501974E-1
-6.900000E-2	5.201370E-3	2.651230E-4	-5.492539E-1
-6.890000E-2	5.210910E-3	2.670310E-4	-5.486674E-1
-6.880000E-2	5.222350E-3	2.632160E-4	-5.474399E-1
-6.870000E-2	5.235700E-3	2.613090E-4	-5.466980E-1
-6.860000E-2	5.243330E-3	2.555870E-4	-5.458599E-1
-6.850000E-2	5.254780E-3	2.517720E-4	-5.446427E-1
-6.840000E-2	5.262400E-3	2.536790E-4	-5.441348E-1
-6.830000E-2	5.275760E-3	2.574940E-4	-5.428500E-1
-6.820000E-2	5.289110E-3	2.632160E-4	-5.419730E-1
-6.810000E-2	5.300550E-3	2.632160E-4	-5.411026E-1
-6.800000E-2	5.312000E-3	2.632160E-4	-5.397363E-1
-6.790000E-2	5.317720E-3	2.670310E-4	-5.388077E-1
-6.780000E-2	5.321530E-3	2.651230E-4	-5.382499E-1
-6.770000E-2	5.329160E-3	2.632160E-4	-5.371584E-1
-6.760000E-2	5.336790E-3	2.632160E-4	-5.361732E-1
-6.750000E-2	5.340610E-3	2.632160E-4	-5.356284E-1
-6.740000E-2	5.342510E-3	2.651230E-4	-5.343898E-1
-6.730000E-2	5.338700E-3	2.670310E-4	-5.334990E-1
-6.720000E-2	5.332980E-3	2.632160E-4	-5.329163E-1
-6.710000E-2	5.325350E-3	2.632160E-4	-5.316111E-1
-6.700000E-2	5.317720E-3	2.651230E-4	-5.305353E-1
-6.690000E-2	5.306270E-3	2.651230E-4	-5.299516E-1
-6.680000E-2	5.294830E-3	2.632160E-4	-5.289119E-1
-6.670000E-2	5.287200E-3	2.651230E-4	-5.276474E-1
-6.660000E-2	5.273850E-3	2.670310E-4	-5.271424E-1
-6.650000E-2	5.264310E-3	2.651230E-4	-5.260767E-1
-6.640000E-2	5.256680E-3	2.632160E-4	-5.248410E-1
-6.630000E-2	5.249050E-3	2.594010E-4	-5.241083E-1
-6.620000E-2	5.243330E-3	2.517720E-4	-5.233118E-1
-6.610000E-2	5.245240E-3	2.498650E-4	-5.221066E-1
-6.600000E-2	5.241420E-3	2.555870E-4	-5.211205E-1
-6.590000E-2	5.237610E-3	2.574940E-4	-5.205544E-1
-6.580000E-2	5.235700E-3	2.594010E-4	-5.189374E-1
-6.570000E-2	5.229980E-3	2.613090E-4	-5.181234E-1
-6.560000E-2	5.224260E-3	2.613090E-4	-5.173705E-1
-6.550000E-2	5.218540E-3	2.632160E-4	-5.160754E-1
-6.540000E-2	5.210910E-3	2.632160E-4	-5.155963E-1
-6.530000E-2	5.203280E-3	2.594010E-4	-5.146001E-1
-6.520000E-2	5.201370E-3	2.613090E-4	-5.133671E-1
-6.510000E-2	5.195650E-3	2.613090E-4	-5.127307E-1
-6.500000E-2	5.195650E-3	2.555870E-4	-5.118213E-1
-6.490000E-2	5.195650E-3	2.555870E-4	-5.105143E-1
-6.480000E-2	5.193740E-3	2.555870E-4	-5.097993E-1
-6.470000E-2	5.193740E-3	2.555870E-4	-5.090676E-1
-6.460000E-2	5.197550E-3	2.594010E-4	-5.077698E-1
-6.450000E-2	5.197550E-3	2.651230E-4	-5.069558E-1
-6.440000E-2	5.197550E-3	2.670310E-4	-5.062593E-1
-6.430000E-2	5.203280E-3	2.651230E-4	-5.050752E-1
-6.420000E-2	5.203280E-3	2.632160E-4	-5.040817E-1
-6.410000E-2	5.203280E-3	2.574940E-4	-5.035702E-1
-6.400000E-2	5.207090E-3	2.536790E-4	-5.023946E-1
-6.390000E-2	5.214720E-3	2.574940E-4	-5.014381E-1
-6.380000E-2	5.224260E-3	2.594010E-4	-5.008747E-1
-6.370000E-2	5.233790E-3	2.632160E-4	-4.995621E-1
-6.360000E-2	5.241420E-3	2.670310E-4	-4.988527E-1
-6.350000E-2	5.243330E-3	2.651230E-4	-4.981922E-1
-6.340000E-2	5.254780E-3	2.651230E-4	-4.968639E-1
-6.330000E-2	5.262400E-3	2.708450E-4	-4.959195E-1
-6.320000E-2	5.268130E-3	2.765670E-4	-4.954643E-1
-6.310000E-2	5.277660E-3	2.765670E-4	-4.941851E-1
-6.300000E-2	5.283390E-3	2.746600E-4	-4.935209E-1
-6.290000E-2	5.289110E-3	2.689380E-4	-4.926958E-1
-6.280000E-2	5.296740E-3	2.670310E-4	-4.913860E-1
-6.270000E-2	5.302460E-3	2.670310E-4	-4.908162E-1
-6.260000E-2	5.310090E-3	2.632160E-4	-4.896663E-1
-6.250000E-2	5.319630E-3	2.651230E-4	-4.885222E-1
-6.240000E-2	5.325350E-3	2.670310E-4	-4.879283E-1
-6.230000E-2	5.332980E-3	2.689380E-4	-4.865574E-1
-6.220000E-2	5.338700E-3	2.689380E-4	-4.861226E-1
-6.210000E-2	5.344420E-3	2.651230E-4	-4.853641E-1
-6.200000E-2	5.352050E-3	2.651230E-4	-4.841024E-1
-6.190000E-2	5.357770E-3	2.651230E-4	-4.835584E-1
-6.180000E-2	5.359680E-3	2.632160E-4	-4.825105E-1
-6.170000E-2	5.363490E-3	2.613090E-4	-4.812932E-1
-6.160000E-2	5.361590E-3	2.594010E-4	-4.807289E-1
-6.150000E-2	5.359680E-3	2.594010E-4	-4.795838E-1
-6.140000E-2	5.359680E-3	2.632160E-4	-4.784330E-1
-6.130000E-2	5.353960E-3	2.632160E-4	-4.778632E-1
-6.120000E-2	5.353960E-3	2.613090E-4	-4.765257E-1
-6.110000E-2	5.357770E-3	2.632160E-4	-4.751548E-1
-6.100000E-2	5.359680E-3	2.670310E-4	-4.746340E-1
-6.090000E-2	5.367310E-3	2.689380E-4	-4.730957E-1
-6.080000E-2	5.373030E-3	2.727530E-4	-4.720236E-1
-6.070000E-2	5.373030E-3	2.746600E-4	-4.713538E-1
-6.060000E-2	5.378750E-3	2.746600E-4	-4.701255E-1
-6.050000E-2	5.380660E-3	2.765670E-4	-4.691200E-1
-6.040000E-2	5.378750E-3	2.746600E-4	-4.686122E-1
-6.030000E-2	5.382570E-3	2.689380E-4	-4.672764E-1
-6.020000E-2	5.382570E-3	2.651230E-4	-4.664115E-1
-6.010000E-2	5.378750E-3	2.613090E-4	-4.658075E-1
-6.000000E-2	5.380660E-3	2.613090E-4	-4.646013E-1
-5.990000E-2	5.378750E-3	2.670310E-4	-4.635542E-1
-5.980000E-2	5.376850E-3	2.727530E-4	-4.630954E-1
-5.970000E-2	5.380660E-3	2.727530E-4	-4.619853E-1
-5.960000E-2	5.386380E-3	2.727530E-4	-4.607338E-1
-5.950000E-2	5.390200E-3	2.708450E-4	-4.601927E-1
-5.940000E-2	5.399730E-3	2.651230E-4	-4.590817E-1
-5.930000E-2	5.411180E-3	2.670310E-4	-4.578524E-1
-5.920000E-2	5.416900E-3	2.689380E-4	-4.571957E-1
-5.910000E-2	5.422620E-3	2.708450E-4	-4.559108E-1
-5.900000E-2	5.426440E-3	2.746600E-4	-4.550431E-1
-5.890000E-2	5.426440E-3	2.727530E-4	-4.544752E-1
-5.880000E-2	5.432160E-3	2.727530E-4	-4.532486E-1
-5.870000E-2	5.437880E-3	2.765670E-4	-4.520358E-1
-5.860000E-2	5.441700E-3	2.765670E-4	-4.515642E-1
-5.850000E-2	5.455050E-3	2.727530E-4	-4.502155E-1
-5.840000E-2	5.464580E-3	2.727530E-4	-4.492165E-1
-5.830000E-2	5.468400E-3	2.708450E-4	-4.486818E-1
-5.820000E-2	5.477940E-3	2.708450E-4	-4.472424E-1
-5.810000E-2	5.485560E-3	2.746600E-4	-4.463248E-1
-5.800000E-2	5.491290E-3	2.765670E-4	-4.457587E-1
-5.790000E-2	5.504640E-3	2.765670E-4	-4.443231E-1
-5.780000E-2	5.508450E-3	2.822890E-4	-4.434342E-1
-5.770000E-2	5.514170E-3	2.822890E-4	-4.428663E-1
-5.760000E-2	5.527530E-3	2.822890E-4	-4.412605E-1
-5.750000E-2	5.537060E-3	2.861040E-4	-4.403928E-1
-5.740000E-2	5.544690E-3	2.861040E-4	-4.397628E-1
-5.730000E-2	5.554230E-3	2.822890E-4	-4.386075E-1
-5.720000E-2	5.565670E-3	2.841970E-4	-4.374411E-1
-5.710000E-2	5.571400E-3	2.861040E-4	-4.368454E-1
-5.700000E-2	5.579020E-3	2.861040E-4	-4.356577E-1
-5.690000E-2	5.588560E-3	2.899190E-4	-4.341489E-1
-5.680000E-2	5.598100E-3	2.937340E-4	-4.334792E-1
-5.670000E-2	5.607630E-3	2.937340E-4	-4.325653E-1
-5.660000E-2	5.619080E-3	2.975480E-4	-4.311741E-1
-5.650000E-2	5.628620E-3	2.975480E-4	-4.306663E-1
-5.640000E-2	5.640060E-3	2.975480E-4	-4.293842E-1
-5.630000E-2	5.649600E-3	2.975480E-4	-4.284694E-1
-5.620000E-2	5.662950E-3	2.937340E-4	-4.275814E-1
-5.610000E-2	5.674390E-3	2.899190E-4	-4.262484E-1
-5.600000E-2	5.683930E-3	2.861040E-4	-4.253225E-1
-5.590000E-2	5.695370E-3	2.841970E-4	-4.239368E-1
-5.580000E-2	5.704910E-3	2.861040E-4	-4.229702E-1
-5.570000E-2	5.712540E-3	2.841970E-4	-4.222061E-1
-5.560000E-2	5.723980E-3	2.822890E-4	-4.209065E-1
-5.550000E-2	5.731610E-3	2.861040E-4	-4.199787E-1
-5.540000E-2	5.739240E-3	2.822890E-4	-4.192479E-1
-5.530000E-2	5.752590E-3	2.784750E-4	-4.179501E-1
-5.520000E-2	5.764040E-3	2.822890E-4	-4.167355E-1
-5.510000E-2	5.773570E-3	2.861040E-4	-4.161823E-1
-5.500000E-2	5.783110E-3	2.861040E-4	-4.150105E-1
-5.490000E-2	5.792650E-3	2.899190E-4	-4.136950E-1
-5.480000E-2	5.798370E-3	2.918260E-4	-4.131289E-1
-5.470000E-2	5.807910E-3	2.937340E-4	-4.118275E-1
-5.460000E-2	5.815540E-3	2.994560E-4	-4.104316E-1
-5.450000E-2	5.817440E-3	3.032700E-4	-4.096916E-1
-5.440000E-2	5.821260E-3	3.032700E-4	-4.088600E-1
-5.430000E-2	5.828890E-3	3.032700E-4	-4.073374E-1
-5.420000E-2	5.834610E-3	3.032700E-4	-4.067445E-1
-5.410000E-2	5.846050E-3	3.032700E-4	-4.055466E-1
-5.400000E-2	5.855590E-3	2.994560E-4	-4.046604E-1
-5.390000E-2	5.861310E-3	2.956410E-4	-4.038750E-1
-5.380000E-2	5.868940E-3	2.937340E-4	-4.023822E-1
-5.370000E-2	5.878480E-3	2.956410E-4	-4.018281E-1
-5.360000E-2	5.893740E-3	2.975480E-4	-4.005414E-1
-5.350000E-2	5.909000E-3	3.032700E-4	-3.994119E-1
-5.340000E-2	5.918530E-3	3.051780E-4	-3.987617E-1
-5.330000E-2	5.931880E-3	3.032700E-4	-3.974204E-1
-5.320000E-2	5.945240E-3	3.032700E-4	-3.963095E-1
-5.310000E-2	5.954770E-3	2.975480E-4	-3.957266E-1
-5.300000E-2	5.968120E-3	2.918260E-4	-3.944446E-1
-5.290000E-2	5.987200E-3	2.918260E-4	-3.938462E-1
-5.280000E-2	6.002460E-3	2.918260E-4	-3.925715E-1
-5.270000E-2	6.015810E-3	2.937340E-4	-3.914198E-1
-5.260000E-2	6.029160E-3	2.918260E-4	-3.906539E-1
-5.250000E-2	6.046320E-3	2.918260E-4	-3.890120E-1
-5.240000E-2	6.061580E-3	2.918260E-4	-3.884302E-1
-5.230000E-2	6.074940E-3	2.899190E-4	-3.877929E-1
-5.220000E-2	6.094010E-3	2.937340E-4	-3.862676E-1
-5.210000E-2	6.109270E-3	2.994560E-4	-3.851390E-1
-5.200000E-2	6.122620E-3	3.013630E-4	-3.843805E-1
-5.190000E-2	6.139790E-3	3.032700E-4	-3.829948E-1
-5.180000E-2	6.158860E-3	3.089920E-4	-3.817571E-1
-5.170000E-2	6.176020E-3	3.109000E-4	-3.811272E-1
-5.160000E-2	6.191280E-3	3.089920E-4	-3.795177E-1
-5.150000E-2	6.204630E-3	3.109000E-4	-3.784456E-1
-5.140000E-2	6.217990E-3	3.089920E-4	-3.777629E-1
-5.130000E-2	6.238970E-3	3.070850E-4	-3.762791E-1
-5.120000E-2	6.261860E-3	3.128070E-4	-3.745948E-1
-5.110000E-2	6.284740E-3	3.166220E-4	-3.740305E-1
-5.100000E-2	6.311450E-3	3.166220E-4	-3.725598E-1
-5.090000E-2	6.334330E-3	3.242510E-4	-3.712777E-1
-5.080000E-2	6.349590E-3	3.261580E-4	-3.706746E-1
-5.070000E-2	6.370570E-3	3.261580E-4	-3.693185E-1
-5.060000E-2	6.395370E-3	3.280660E-4	-3.679587E-1
-5.050000E-2	6.420170E-3	3.280660E-4	-3.671761E-1
-5.040000E-2	6.450680E-3	3.280660E-4	-3.659589E-1
-5.030000E-2	6.479290E-3	3.318810E-4	-3.643364E-1
-5.020000E-2	6.498370E-3	3.356950E-4	-3.634225E-1
-5.010000E-2	6.521250E-3	3.299730E-4	-3.623994E-1
-5.000000E-2	6.547960E-3	3.299730E-4	-3.606993E-1
-4.990000E-2	6.574660E-3	3.337880E-4	-3.600425E-1
-4.980000E-2	6.601360E-3	3.395100E-4	-3.587928E-1
-4.970000E-2	6.628070E-3	3.452320E-4	-3.573192E-1
-4.960000E-2	6.650950E-3	3.471390E-4	-3.564617E-1
-4.950000E-2	6.675750E-3	3.452320E-4	-3.549974E-1
-4.940000E-2	6.700550E-3	3.490470E-4	-3.534693E-1
-4.930000E-2	6.721530E-3	3.509540E-4	-3.525859E-1
-4.920000E-2	6.746320E-3	3.490470E-4	-3.512706E-1
-4.910000E-2	6.782560E-3	3.528610E-4	-3.495464E-1
-4.900000E-2	6.820710E-3	3.528610E-4	-3.488831E-1
-4.890000E-2	6.862670E-3	3.471390E-4	-3.474938E-1
-4.880000E-2	6.904630E-3	3.471390E-4	-3.460239E-1
-4.870000E-2	6.937060E-3	3.490470E-4	-3.453533E-1
-4.860000E-2	6.971390E-3	3.528610E-4	-3.436919E-1
-4.850000E-2	7.000000E-3	3.604910E-4	-3.421287E-1
-4.840000E-2	7.030520E-3	3.662130E-4	-3.412259E-1
-4.830000E-2	7.072480E-3	3.662130E-4	-3.396367E-1
-4.820000E-2	7.116350E-3	3.662130E-4	-3.381558E-1
-4.810000E-2	7.156400E-3	3.623980E-4	-3.372982E-1
-4.800000E-2	7.198360E-3	3.604910E-4	-3.357618E-1
-4.790000E-2	7.242230E-3	3.623980E-4	-3.342891E-1
-4.780000E-2	7.278470E-3	3.662130E-4	-3.334299E-1
-4.770000E-2	7.320430E-3	3.662130E-4	-3.316371E-1
-4.760000E-2	7.364300E-3	3.681200E-4	-3.302469E-1
-4.750000E-2	7.404360E-3	3.681200E-4	-3.293357E-1
-4.740000E-2	7.448230E-3	3.738420E-4	-3.276273E-1
-4.730000E-2	7.492100E-3	3.852860E-4	-3.260704E-1
-4.720000E-2	7.534060E-3	3.910080E-4	-3.251010E-1
-4.710000E-2	7.579830E-3	3.929160E-4	-3.233722E-1
-4.700000E-2	7.625610E-3	3.948230E-4	-3.219310E-1
-4.690000E-2	7.665660E-3	3.948230E-4	-3.210504E-1
-4.680000E-2	7.709530E-3	3.948230E-4	-3.195389E-1
-4.670000E-2	7.751490E-3	4.005450E-4	-3.177185E-1
-4.660000E-2	7.787730E-3	4.043600E-4	-3.167732E-1
-4.650000E-2	7.827820E-3	4.043600E-4	-3.152904E-1
-4.640000E-2	7.871690E-3	4.081740E-4	-3.133182E-1
-4.630000E-2	7.917460E-3	4.062670E-4	-3.112767E-1
-4.620000E-2	7.970870E-3	4.062670E-4	-3.102814E-1
-4.610000E-2	8.030000E-3	4.119890E-4	-3.081843E-1
-4.600000E-2	8.087220E-3	4.196190E-4	-3.071114E-1
-4.590000E-2	8.142530E-3	4.177110E-4	-3.060144E-1
-4.580000E-2	8.197840E-3	4.158040E-4	-3.044650E-1
-4.570000E-2	8.249340E-3	4.215260E-4	-3.029969E-1
-4.560000E-2	8.293210E-3	4.215260E-4	-3.020867E-1
-4.550000E-2	8.350430E-3	4.196190E-4	-3.004106E-1
-4.540000E-2	8.411470E-3	4.234330E-4	-2.983164E-1
-4.530000E-2	8.468690E-3	4.310630E-4	-2.971656E-1
-4.520000E-2	8.529720E-3	4.348770E-4	-2.958706E-1
-4.510000E-2	8.594570E-3	4.444140E-4	-2.936765E-1
-4.500000E-2	8.655610E-3	4.539510E-4	-2.926914E-1
-4.490000E-2	8.720460E-3	4.577660E-4	-2.911141E-1
-4.480000E-2	8.792940E-3	4.615800E-4	-2.888608E-1
-4.470000E-2	8.859690E-3	4.615800E-4	-2.879341E-1
-4.460000E-2	8.937900E-3	4.558580E-4	-2.864235E-1
-4.450000E-2	9.016100E-3	4.615800E-4	-2.843088E-1
-4.440000E-2	9.088580E-3	4.673020E-4	-2.835153E-1
-4.430000E-2	9.162960E-3	4.711170E-4	-2.816264E-1
-4.420000E-2	9.237350E-3	4.768390E-4	-2.796330E-1
-4.410000E-2	9.307920E-3	4.749320E-4	-2.787033E-1
-4.400000E-2	9.386120E-3	4.711170E-4	-2.764639E-1
-4.390000E-2	9.460510E-3	4.749320E-4	-2.743752E-1
-4.380000E-2	9.531080E-3	4.787460E-4	-2.734002E-1
-4.370000E-2	9.609280E-3	4.825610E-4	-2.709721E-1
-4.360000E-2	9.683670E-3	4.882850E-4	-2.689999E-1
-4.350000E-2	9.756150E-3	4.940070E-4	-2.679112E-1
-4.340000E-2	9.834350E-3	5.016360E-4	-2.656070E-1
-4.330000E-2	9.901110E-3	5.130810E-4	-2.634230E-1
-4.320000E-2	9.964050E-3	5.226170E-4	-2.623787E-1
-4.310000E-2	1.002510E-2	5.245250E-4	-2.602540E-1
-4.300000E-2	1.008610E-2	5.302470E-4	-2.581643E-1
-4.290000E-2	1.015290E-2	5.378760E-4	-2.571700E-1
-4.280000E-2	1.023300E-2	5.416910E-4	-2.543394E-1
-4.270000E-2	1.031120E-2	5.531350E-4	-2.523969E-1
-4.260000E-2	1.039130E-2	5.550420E-4	-2.508475E-1
-4.250000E-2	1.048090E-2	5.588570E-4	-2.480021E-1
-4.240000E-2	1.056490E-2	5.626720E-4	-2.466701E-1
-4.230000E-2	1.065260E-2	5.569500E-4	-2.447646E-1
-4.220000E-2	1.073650E-2	5.550420E-4	-2.421958E-1
-4.210000E-2	1.081660E-2	5.607640E-4	-2.410719E-1
-4.200000E-2	1.090630E-2	5.664860E-4	-2.386660E-1
-4.190000E-2	1.099400E-2	5.817450E-4	-2.362932E-1
-4.180000E-2	1.107790E-2	5.912820E-4	-2.351454E-1
-4.170000E-2	1.116000E-2	5.931890E-4	-2.330873E-1
-4.160000E-2	1.123820E-2	5.931890E-4	-2.303946E-1
-4.150000E-2	1.131640E-2	5.893740E-4	-2.290838E-1
-4.140000E-2	1.140790E-2	5.855600E-4	-2.258416E-1
-4.130000E-2	1.149560E-2	5.874670E-4	-2.236197E-1
-4.120000E-2	1.157960E-2	5.798380E-4	-2.225319E-1
-4.110000E-2	1.167110E-2	5.760230E-4	-2.197198E-1
-4.100000E-2	1.175500E-2	5.836520E-4	-2.164379E-1
-4.090000E-2	1.182940E-2	5.912820E-4	-2.155767E-1
-4.080000E-2	1.191530E-2	5.989110E-4	-2.129886E-1
-4.070000E-2	1.200110E-2	6.198920E-4	-2.104901E-1
-4.060000E-2	1.207930E-2	6.332430E-4	-2.091423E-1
-4.050000E-2	1.215940E-2	6.446880E-4	-2.064413E-1
-4.040000E-2	1.223380E-2	6.542240E-4	-2.042231E-1
-4.030000E-2	1.230630E-2	6.446880E-4	-2.025923E-1
-4.020000E-2	1.238830E-2	6.256140E-4	-1.994381E-1
-4.010000E-2	1.246270E-2	6.237070E-4	-1.969202E-1
-4.000000E-2	1.252940E-2	6.275210E-4	-1.955502E-1
-3.990000E-2	1.261340E-2	6.370580E-4	-1.927077E-1
-3.980000E-2	1.269350E-2	6.599460E-4	-1.898235E-1
-3.970000E-2	1.276020E-2	6.637610E-4	-1.885673E-1
-3.960000E-2	1.282890E-2	6.580390E-4	-1.858542E-1
-3.950000E-2	1.289760E-2	6.504100E-4	-1.832781E-1
-3.940000E-2	1.295480E-2	6.446880E-4	-1.818239E-1
-3.930000E-2	1.301960E-2	6.485020E-4	-1.786780E-1
-3.920000E-2	1.307110E-2	6.637610E-4	-1.765329E-1
-3.910000E-2	1.311120E-2	6.675760E-4	-1.748318E-1
-3.900000E-2	1.314740E-2	6.694830E-4	-1.717765E-1
-3.890000E-2	1.316840E-2	6.771120E-4	-1.696877E-1
-3.880000E-2	1.317600E-2	6.790200E-4	-1.683114E-1
-3.870000E-2	1.318940E-2	6.790200E-4	-1.649239E-1
-3.860000E-2	1.319510E-2	6.866490E-4	-1.627622E-1
-3.850000E-2	1.320080E-2	6.885570E-4	-1.613432E-1
-3.840000E-2	1.320270E-2	6.866490E-4	-1.580372E-1
-3.830000E-2	1.318940E-2	6.866490E-4	-1.558497E-1
-3.820000E-2	1.317410E-2	6.809270E-4	-1.542687E-1
-3.810000E-2	1.315500E-2	6.828350E-4	-1.509035E-1
-3.800000E-2	1.311690E-2	6.866490E-4	-1.488305E-1
-3.790000E-2	1.306730E-2	6.790200E-4	-1.474227E-1
-3.780000E-2	1.301770E-2	6.752050E-4	-1.439937E-1
-3.770000E-2	1.295480E-2	6.752050E-4	-1.419411E-1
-3.760000E-2	1.288800E-2	6.675760E-4	-1.402308E-1
-3.750000E-2	1.282510E-2	6.618540E-4	-1.373031E-1
-3.740000E-2	1.275450E-2	6.599460E-4	-1.356029E-1
-3.730000E-2	1.267060E-2	6.580390E-4	-1.338463E-1
-3.720000E-2	1.258470E-2	6.523170E-4	-1.305218E-1
-3.710000E-2	1.248940E-2	6.465950E-4	-1.291759E-1
-3.700000E-2	1.239590E-2	6.351510E-4	-1.272408E-1
-3.690000E-2	1.230440E-2	6.332430E-4	-1.243011E-1
-3.680000E-2	1.220710E-2	6.313360E-4	-1.229969E-1
-3.670000E-2	1.210600E-2	6.237070E-4	-1.207278E-1
-3.660000E-2	1.199920E-2	6.198920E-4	-1.180101E-1
-3.650000E-2	1.187330E-2	6.046330E-4	-1.161508E-1
-3.640000E-2	1.174360E-2	5.855600E-4	-1.139234E-1
-3.630000E-2	1.161010E-2	5.779300E-4	-1.114517E-1
-3.620000E-2	1.146700E-2	5.741160E-4	-1.103390E-1
-3.610000E-2	1.132780E-2	5.703010E-4	-1.080347E-1
-3.600000E-2	1.118670E-2	5.722080E-4	-1.058167E-1
-3.590000E-2	1.103980E-2	5.664860E-4	-1.047981E-1
-3.580000E-2	1.089290E-2	5.626720E-4	-1.024126E-1
-3.570000E-2	1.074220E-2	5.645790E-4	-1.000686E-1
-3.560000E-2	1.057250E-2	5.607640E-4	-9.835448E-2
-3.550000E-2	1.040850E-2	5.493200E-4	-9.742140E-2
-3.540000E-2	1.025590E-2	5.359690E-4	-9.486485E-2
-3.530000E-2	1.009950E-2	5.264320E-4	-9.348205E-2
-3.520000E-2	9.944980E-3	5.092660E-4	-9.222988E-2
-3.510000E-2	9.801920E-3	4.978220E-4	-8.999733E-2
-3.500000E-2	9.655060E-3	4.901920E-4	-8.853724E-2
-3.490000E-2	9.502470E-3	4.844680E-4	-8.738838E-2
-3.480000E-2	9.361330E-3	4.768390E-4	-8.518500E-2
-3.470000E-2	9.222090E-3	4.787460E-4	-8.367777E-2
-3.460000E-2	9.082850E-3	4.730240E-4	-8.268620E-2
-3.450000E-2	8.951250E-3	4.615800E-4	-8.066223E-2
-3.440000E-2	8.819640E-3	4.539510E-4	-7.939098E-2
-3.430000E-2	8.684220E-3	4.405990E-4	-7.803383E-2
-3.420000E-2	8.552610E-3	4.310630E-4	-7.558493E-2
-3.410000E-2	8.413370E-3	4.272480E-4	-7.411345E-2
-3.400000E-2	8.279860E-3	4.234330E-4	-7.305078E-2
-3.390000E-2	8.146350E-3	4.196190E-4	-7.106402E-2
-3.380000E-2	8.009020E-3	4.100820E-4	-7.004189E-2
-3.370000E-2	7.871690E-3	3.986380E-4	-6.890091E-2
-3.360000E-2	7.745770E-3	3.891010E-4	-6.685834E-2
-3.350000E-2	7.619890E-3	3.814720E-4	-6.594952E-2
-3.340000E-2	7.501630E-3	3.738420E-4	-6.465707E-2
-3.330000E-2	7.394820E-3	3.738420E-4	-6.283676E-2
-3.320000E-2	7.289920E-3	3.719350E-4	-6.213921E-2
-3.310000E-2	7.192640E-3	3.681200E-4	-6.055470E-2
-3.300000E-2	7.095370E-3	3.604910E-4	-5.927364E-2
-3.290000E-2	6.996180E-3	3.509540E-4	-5.850777E-2
-3.280000E-2	6.898910E-3	3.414170E-4	-5.673615E-2
-3.270000E-2	6.797820E-3	3.356950E-4	-5.593324E-2
-3.260000E-2	6.704360E-3	3.318810E-4	-5.517023E-2
-3.250000E-2	6.620440E-3	3.299730E-4	-5.367330E-2
-3.240000E-2	6.532700E-3	3.299730E-4	-5.262997E-2
-3.230000E-2	6.439240E-3	3.223440E-4	-5.198657E-2
-3.220000E-2	6.347690E-3	3.166220E-4	-5.065237E-2
-3.210000E-2	6.258040E-3	3.147140E-4	-4.970228E-2
-3.200000E-2	6.166490E-3	3.070850E-4	-4.938789E-2
-3.190000E-2	6.088290E-3	3.051780E-4	-4.782087E-2
-3.180000E-2	6.006270E-3	3.032700E-4	-4.679291E-2
-3.170000E-2	5.922350E-3	2.975480E-4	-4.591632E-2
-3.160000E-2	5.834610E-3	2.956410E-4	-4.426783E-2
-3.150000E-2	5.735430E-3	2.899190E-4	-4.323284E-2
-3.140000E-2	5.636250E-3	2.822890E-4	-4.228570E-2
-3.130000E-2	5.537060E-3	2.803820E-4	-4.101872E-2
-3.120000E-2	5.434070E-3	2.765670E-4	-3.991994E-2
-3.110000E-2	5.332980E-3	2.670310E-4	-3.911768E-2
-3.100000E-2	5.237610E-3	2.594010E-4	-3.784940E-2
-3.090000E-2	5.132700E-3	2.498650E-4	-3.674174E-2
-3.080000E-2	5.022080E-3	2.422340E-4	-3.625266E-2
-3.070000E-2	4.917170E-3	2.403270E-4	-3.511289E-2
-3.060000E-2	4.808460E-3	2.384200E-4	-3.416269E-2
-3.050000E-2	4.697830E-3	2.307900E-4	-3.380793E-2
-3.040000E-2	4.581480E-3	2.231610E-4	-3.279276E-2
-3.030000E-2	4.457500E-3	2.174390E-4	-3.198901E-2
-3.020000E-2	4.323990E-3	2.098090E-4	-3.104892E-2
-3.010000E-2	4.179030E-3	1.983650E-4	-3.055346E-2
-3.000000E-2	4.028350E-3	1.945500E-4	-2.974222E-2
-2.990000E-2	3.877650E-3	1.907360E-4	-2.908327E-2
-2.980000E-2	3.723160E-3	1.850140E-4	-2.867529E-2
-2.970000E-2	3.572480E-3	1.811990E-4	-2.783258E-2
-2.960000E-2	3.419890E-3	1.754770E-4	-2.740386E-2
-2.950000E-2	3.273030E-3	1.678480E-4	-2.693283E-2
-2.940000E-2	3.126160E-3	1.602180E-4	-2.620325E-2
-2.930000E-2	2.981200E-3	1.544960E-4	-2.599153E-2
-2.920000E-2	2.840060E-3	1.449590E-4	-2.548764E-2
-2.910000E-2	2.708450E-3	1.411450E-4	-2.488405E-2
-2.900000E-2	2.576840E-3	1.335150E-4	-2.460596E-2
-2.890000E-2	2.450960E-3	1.258860E-4	-2.417956E-2
-2.880000E-2	2.340330E-3	1.182560E-4	-2.385119E-2
-2.870000E-2	2.243060E-3	1.106270E-4	-2.380768E-2
-2.860000E-2	2.161040E-3	1.049050E-4	-2.327935E-2
-2.850000E-2	2.079020E-3	1.010900E-4	-2.292489E-2
-2.840000E-2	1.998920E-3	9.727520E-5	-2.264484E-2
-2.830000E-2	1.918800E-3	9.346050E-5	-2.221566E-2
-2.820000E-2	1.836780E-3	9.155320E-5	-2.207272E-2
-2.810000E-2	1.762400E-3	8.583120E-5	-2.175944E-2
-2.800000E-2	1.691830E-3	8.201650E-5	-2.142868E-2
-2.790000E-2	1.625070E-3	7.820180E-5	-2.117067E-2
-2.780000E-2	1.558310E-3	7.438710E-5	-2.076964E-2
-2.770000E-2	1.495370E-3	7.247970E-5	-2.060680E-2
-2.760000E-2	1.434330E-3	6.866500E-5	-2.039739E-2
-2.750000E-2	1.377110E-3	6.675770E-5	-2.009736E-2
-2.740000E-2	1.323710E-3	6.485030E-5	-1.987851E-2
-2.730000E-2	1.270300E-3	6.485030E-5	-1.972687E-2
-2.720000E-2	1.222620E-3	6.294300E-5	-1.944988E-2
-2.710000E-2	1.174930E-3	5.912800E-5	-1.937129E-2
-2.700000E-2	1.131070E-3	5.722070E-5	-1.911513E-2
-2.690000E-2	1.091010E-3	5.531330E-5	-1.890276E-2
-2.680000E-2	1.052860E-3	5.149860E-5	-1.882027E-2
-2.670000E-2	1.018530E-3	5.149860E-5	-1.858773E-2
-2.660000E-2	9.861070E-4	4.959130E-5	-1.836990E-2
-2.650000E-2	9.536780E-4	4.577660E-5	-1.830778E-2
-2.640000E-2	9.231600E-4	4.386930E-5	-1.812189E-2
-2.630000E-2	8.945500E-4	4.386930E-5	-1.794849E-2
-2.620000E-2	8.659400E-4	4.196190E-5	-1.783769E-2
-2.610000E-2	8.392370E-4	4.005460E-5	-1.764382E-2
-2.600000E-2	8.125340E-4	3.814720E-5	-1.753366E-2
-2.590000E-2	7.839240E-4	3.814720E-5	-1.739341E-2
-2.580000E-2	7.553140E-4	3.814720E-5	-1.727816E-2
-2.570000E-2	7.324260E-4	3.623990E-5	-1.711319E-2
-2.560000E-2	7.114450E-4	3.623990E-5	-1.707597E-2
-2.550000E-2	6.923710E-4	3.623990E-5	-1.693609E-2
-2.540000E-2	6.732980E-4	3.623990E-5	-1.680028E-2
-2.530000E-2	6.580390E-4	3.242520E-5	-1.671881E-2
-2.520000E-2	6.446880E-4	3.242520E-5	-1.658384E-2
-2.510000E-2	6.332430E-4	3.242520E-5	-1.645433E-2
-2.500000E-2	6.217990E-4	3.242520E-5	-1.641850E-2
-2.490000E-2	6.141700E-4	3.051780E-5	-1.626279E-2
-2.480000E-2	6.084480E-4	3.051780E-5	-1.615142E-2
-2.470000E-2	6.046330E-4	2.861030E-5	-1.607959E-2
-2.460000E-2	6.027260E-4	2.861030E-5	-1.595285E-2
-2.450000E-2	6.027260E-4	2.861030E-5	-1.583009E-2
-2.440000E-2	6.027260E-4	3.051780E-5	-1.576252E-2
-2.430000E-2	6.027260E-4	3.051780E-5	-1.562236E-2
-2.420000E-2	6.027260E-4	3.051780E-5	-1.548007E-2
-2.410000E-2	5.989110E-4	3.051780E-5	-1.539527E-2
-2.400000E-2	5.950960E-4	3.051780E-5	-1.530936E-2
-2.390000E-2	5.912820E-4	3.051780E-5	-1.512162E-2
-2.380000E-2	5.836520E-4	2.861030E-5	-1.502960E-2
-2.370000E-2	5.779300E-4	2.861030E-5	-1.500210E-2
-2.360000E-2	5.683940E-4	2.861030E-5	-1.484102E-2
-2.350000E-2	5.588570E-4	2.861030E-5	-1.474669E-2
-2.340000E-2	5.474130E-4	2.670300E-5	-1.469263E-2
-2.330000E-2	5.359690E-4	2.479560E-5	-1.459033E-2
-2.320000E-2	5.245250E-4	2.479560E-5	-1.450692E-2
-2.310000E-2	5.130810E-4	2.479560E-5	-1.442369E-2
-2.300000E-2	5.016360E-4	2.479560E-5	-1.434630E-2
-2.290000E-2	4.940070E-4	2.479560E-5	-1.423882E-2
-2.280000E-2	4.882850E-4	2.479560E-5	-1.415967E-2
-2.270000E-2	4.825610E-4	2.288830E-5	-1.402219E-2
-2.260000E-2	4.787460E-4	2.479560E-5	-1.396507E-2
-2.250000E-2	4.768390E-4	2.479560E-5	-1.389564E-2
-2.240000E-2	4.768390E-4	2.479560E-5	-1.377530E-2
-2.230000E-2	4.787460E-4	2.479560E-5	-1.369790E-2
-2.220000E-2	4.825610E-4	2.479560E-5	-1.365689E-2
-2.210000E-2	4.882850E-4	2.479560E-5	-1.353812E-2
-2.200000E-2	4.959140E-4	2.479560E-5	-1.334556E-2
-2.190000E-2	5.054510E-4	2.479560E-5	-1.333658E-2
-2.180000E-2	5.149880E-4	2.479560E-5	-1.321484E-2
-2.170000E-2	5.264320E-4	2.479560E-5	-1.305395E-2
-2.160000E-2	5.378760E-4	2.479560E-5	-1.299923E-2
-2.150000E-2	5.512270E-4	2.479560E-5	-1.288889E-2
-2.140000E-2	5.626720E-4	2.670300E-5	-1.277159E-2
-2.130000E-2	5.741160E-4	2.670300E-5	-1.273234E-2
-2.120000E-2	5.836520E-4	2.861030E-5	-1.257006E-2
-2.110000E-2	5.931890E-4	3.051780E-5	-1.246794E-2
-2.100000E-2	6.027260E-4	3.051780E-5	-1.235352E-2
-2.090000E-2	6.122630E-4	3.242520E-5	-1.217106E-2
-2.080000E-2	6.198920E-4	3.242520E-5	-1.210329E-2
-2.070000E-2	6.256140E-4	3.242520E-5	-1.190685E-2
-2.060000E-2	6.313360E-4	3.433250E-5	-1.183649E-2
-2.050000E-2	6.332430E-4	3.433250E-5	-1.176688E-2
-2.040000E-2	6.332430E-4	3.242520E-5	-1.165356E-2
-2.030000E-2	6.332430E-4	3.051780E-5	-1.153544E-2
-2.020000E-2	6.313360E-4	3.051780E-5	-1.146378E-2
-2.010000E-2	6.275210E-4	2.861030E-5	-1.135501E-2
-2.000000E-2	6.217990E-4	2.861030E-5	-1.121559E-2
-1.990000E-2	6.160770E-4	2.861030E-5	-1.113950E-2
-1.980000E-2	6.065410E-4	2.861030E-5	-1.103507E-2
-1.970000E-2	5.950960E-4	3.051780E-5	-1.089250E-2
-1.960000E-2	5.855600E-4	3.051780E-5	-1.083167E-2
-1.950000E-2	5.779300E-4	2.861030E-5	-1.072003E-2
-1.940000E-2	5.683940E-4	2.861030E-5	-1.059682E-2
-1.930000E-2	5.588570E-4	2.670300E-5	-1.054618E-2
-1.920000E-2	5.512270E-4	2.479560E-5	-1.038760E-2
-1.910000E-2	5.455050E-4	2.479560E-5	-1.028456E-2
-1.900000E-2	5.435980E-4	2.288830E-5	-1.018513E-2
-1.890000E-2	5.435980E-4	2.288830E-5	-1.001600E-2
-1.880000E-2	5.435980E-4	2.479560E-5	-9.931106E-3
-1.870000E-2	5.474130E-4	2.479560E-5	-9.931113E-3
-1.860000E-2	5.531350E-4	2.670300E-5	-9.774472E-3
-1.850000E-2	5.569500E-4	2.670300E-5	-9.643938E-3
-1.840000E-2	5.626720E-4	2.861030E-5	-9.604782E-3
-1.830000E-2	5.683940E-4	3.051780E-5	-9.473322E-3
-1.820000E-2	5.722080E-4	3.051780E-5	-9.361766E-3
-1.810000E-2	5.760230E-4	3.051780E-5	-9.289649E-3
-1.800000E-2	5.779300E-4	3.051780E-5	-9.154024E-3
-1.790000E-2	5.779300E-4	3.051780E-5	-9.048126E-3
-1.780000E-2	5.741160E-4	2.861030E-5	-9.007110E-3
-1.770000E-2	5.703010E-4	2.861030E-5	-8.849275E-3
-1.760000E-2	5.626720E-4	2.861030E-5	-8.731791E-3
-1.750000E-2	5.531350E-4	2.670300E-5	-8.680600E-3
-1.740000E-2	5.397830E-4	2.479560E-5	-8.574232E-3
-1.730000E-2	5.264320E-4	2.479560E-5	-8.526281E-3
-1.720000E-2	5.130810E-4	2.479560E-5	-8.401771E-3
-1.710000E-2	5.016360E-4	2.479560E-5	-8.318912E-3
-1.700000E-2	4.863760E-4	2.288830E-5	-8.247438E-3
-1.690000E-2	4.692100E-4	2.098100E-5	-8.126631E-3
-1.680000E-2	4.501360E-4	2.098100E-5	-8.033782E-3
-1.670000E-2	4.310630E-4	2.098100E-5	-7.989707E-3
-1.660000E-2	4.119890E-4	2.288830E-5	-7.942778E-3
-1.650000E-2	3.948230E-4	2.288830E-5	-7.843809E-3
-1.640000E-2	3.776570E-4	2.288830E-5	-7.834186E-3
-1.630000E-2	3.585830E-4	1.907360E-5	-7.773447E-3
-1.620000E-2	3.395100E-4	1.907360E-5	-7.691162E-3
-1.610000E-2	3.185290E-4	1.716630E-5	-7.694768E-3
-1.600000E-2	2.956410E-4	1.525890E-5	-7.631811E-3
-1.590000E-2	2.746600E-4	1.335150E-5	-7.587847E-3
-1.580000E-2	2.498650E-4	1.144420E-5	-7.536283E-3
-1.570000E-2	2.269750E-4	1.144420E-5	-7.488511E-3
-1.560000E-2	2.040870E-4	1.144420E-5	-7.451938E-3
-1.550000E-2	1.831060E-4	9.536800E-6	-7.449534E-3
-1.540000E-2	1.621260E-4	9.536800E-6	-7.435745E-3
-1.530000E-2	1.449590E-4	7.629450E-6	-7.378253E-3
-1.520000E-2	1.316080E-4	7.629450E-6	-7.362509E-3
-1.510000E-2	1.239790E-4	7.629450E-6	-7.339000E-3
-1.500000E-2	1.182560E-4	7.629450E-6	-7.316872E-3
-1.490000E-2	1.163490E-4	7.629450E-6	-7.327981E-3
-1.480000E-2	1.182560E-4	9.536800E-6	-7.307981E-3
-1.470000E-2	1.201630E-4	7.629450E-6	-7.244666E-3
-1.460000E-2	1.258860E-4	7.629450E-6	-7.209399E-3
-1.450000E-2	1.335150E-4	7.629450E-6	-7.165607E-3
-1.440000E-2	1.430520E-4	7.629450E-6	-7.166069E-3
-1.430000E-2	1.525890E-4	7.629450E-6	-7.145241E-3
-1.420000E-2	1.583110E-4	7.629450E-6	-7.133393E-3
-1.410000E-2	1.640330E-4	7.629450E-6	-7.085062E-3
-1.400000E-2	1.678480E-4	7.629450E-6	-7.096447E-3
-1.390000E-2	1.678480E-4	7.629450E-6	-7.050257E-3
-1.380000E-2	1.640330E-4	7.629450E-6	-7.011653E-3
-1.370000E-2	1.564040E-4	7.629450E-6	-7.044151E-3
-1.360000E-2	1.449590E-4	7.629450E-6	-6.984897E-3
-1.350000E-2	1.335150E-4	7.629450E-6	-6.956290E-3
-1.340000E-2	1.182560E-4	5.722080E-6	-6.926577E-3
-1.330000E-2	1.010900E-4	5.722080E-6	-6.920649E-3
-1.320000E-2	8.392380E-5	5.722080E-6	-6.913437E-3
-1.310000E-2	7.057240E-5	3.814730E-6	-6.908435E-3
-1.300000E-2	5.912800E-5	3.814730E-6	-6.861313E-3
-1.290000E-2	5.149860E-5	1.907360E-6	-6.869742E-3
-1.280000E-2	4.768390E-5	1.907360E-6	-6.850384E-3
-1.270000E-2	4.768390E-5	1.907360E-6	-6.840112E-3
-1.260000E-2	5.149860E-5	3.814730E-6	-6.854087E-3
-1.250000E-2	6.103560E-5	3.814730E-6	-6.766883E-3
-1.240000E-2	7.438710E-5	5.722080E-6	-6.784292E-3
-1.230000E-2	9.155320E-5	7.629450E-6	-6.727353E-3
-1.220000E-2	1.125340E-4	7.629450E-6	-6.683105E-3
-1.210000E-2	1.392370E-4	9.536800E-6	-6.643485E-3
-1.200000E-2	1.716620E-4	1.144420E-5	-6.540723E-3
-1.190000E-2	2.098090E-4	1.144420E-5	-6.501097E-3
-1.180000E-2	2.441420E-4	1.335150E-5	-6.447502E-3
-1.170000E-2	2.765670E-4	1.525890E-5	-6.403254E-3
-1.160000E-2	3.051780E-4	1.716630E-5	-6.288084E-3
-1.150000E-2	3.318810E-4	1.907360E-5	-6.265127E-3
-1.140000E-2	3.566760E-4	2.098100E-5	-6.173197E-3
-1.130000E-2	3.795640E-4	2.288830E-5	-6.109689E-3
-1.120000E-2	3.948230E-4	2.288830E-5	-6.063313E-3
-1.110000E-2	4.081740E-4	2.288830E-5	-6.033966E-3
-1.100000E-2	4.196190E-4	2.288830E-5	-5.912234E-3
-1.090000E-2	4.234330E-4	2.288830E-5	-5.889457E-3
-1.080000E-2	4.234330E-4	2.288830E-5	-5.808359E-3
-1.070000E-2	4.196190E-4	2.288830E-5	-5.720595E-3
-1.060000E-2	4.100820E-4	2.098100E-5	-5.665149E-3
-1.050000E-2	3.948230E-4	1.907360E-5	-5.610158E-3
-1.040000E-2	3.795640E-4	1.907360E-5	-5.551830E-3
-1.030000E-2	3.566760E-4	1.716630E-5	-5.506836E-3
-1.020000E-2	3.337880E-4	1.525890E-5	-5.481938E-3
-1.010000E-2	3.070850E-4	1.525890E-5	-5.380662E-3
-1.000000E-2	2.784750E-4	1.335150E-5	-5.354368E-3
-9.900000E-3	2.498650E-4	1.335150E-5	-5.312435E-3
-9.800000E-3	2.212530E-4	1.144420E-5	-5.283088E-3
-9.700000E-3	1.926430E-4	1.144420E-5	-5.241341E-3
-9.600000E-3	1.659400E-4	9.536800E-6	-5.210322E-3
-9.500000E-3	1.430520E-4	7.629450E-6	-5.223468E-3
-9.400000E-3	1.201630E-4	5.722080E-6	-5.187455E-3
-9.300000E-3	1.029970E-4	5.722080E-6	-5.163573E-3
-9.200000E-3	8.583120E-5	5.722080E-6	-5.155144E-3
-9.100000E-3	7.247970E-5	3.814730E-6	-5.158571E-3
-9.000000E-3	6.103560E-5	3.814730E-6	-5.168201E-3
-8.900000E-3	5.149860E-5	1.907360E-6	-5.122931E-3
-8.800000E-3	4.386930E-5	1.907360E-6	-5.119691E-3
-8.700000E-3	3.814720E-5	3.814730E-6	-5.128299E-3
-8.600000E-3	3.623990E-5	3.814730E-6	-5.105245E-3
-8.500000E-3	3.242520E-5	1.907360E-6	-5.089888E-3
-8.400000E-3	2.861030E-5	1.907360E-6	-5.092299E-3
-8.300000E-3	2.670300E-5	1.907360E-6	-5.124409E-3
-8.200000E-3	2.479560E-5	0.000000E+0	-5.114413E-3
-8.100000E-3	2.288830E-5	0.000000E+0	-5.111270E-3
-8.000000E-3	1.907360E-5	1.907360E-6	-5.119228E-3
-7.900000E-3	1.144420E-5	0.000000E+0	-5.121266E-3
-7.800000E-3	5.722080E-6	0.000000E+0	-5.086551E-3
-7.700000E-3	-3.814730E-6	0.000000E+0	-5.114226E-3
-7.600000E-3	-1.525890E-5	0.000000E+0	-5.138019E-3
-7.500000E-3	-2.861030E-5	0.000000E+0	-5.167276E-3
-7.400000E-3	-4.196190E-5	0.000000E+0	-5.181624E-3
-7.300000E-3	-5.531330E-5	0.000000E+0	-5.171718E-3
-7.200000E-3	-7.057240E-5	-1.907360E-6	-5.204125E-3
-7.100000E-3	-8.583120E-5	-1.907360E-6	-5.229299E-3
-7.000000E-3	-9.918260E-5	-3.814730E-6	-5.217914E-3
-6.900000E-3	-1.144410E-4	-3.814730E-6	-5.240601E-3
-6.800000E-3	-1.258860E-4	-5.722080E-6	-5.277720E-3
-6.700000E-3	-1.392370E-4	-5.722080E-6	-5.313450E-3
-6.600000E-3	-1.506810E-4	-7.629450E-6	-5.331778E-3
-6.500000E-3	-1.602180E-4	-9.536800E-6	-5.386126E-3
-6.400000E-3	-1.735700E-4	-9.536800E-6	-5.439258E-3
-6.300000E-3	-1.869210E-4	-1.144420E-5	-5.485552E-3
-6.200000E-3	-2.002730E-4	-1.144420E-5	-5.492861E-3
-6.100000E-3	-2.155310E-4	-1.144420E-5	-5.553219E-3
-6.000000E-3	-2.326970E-4	-1.144420E-5	-5.586179E-3
-5.900000E-3	-2.479570E-4	-1.144420E-5	-5.640147E-3
-5.800000E-3	-2.632160E-4	-1.144420E-5	-5.680050E-3
-5.700000E-3	-2.765670E-4	-1.144420E-5	-5.700140E-3
-5.600000E-3	-2.841970E-4	-1.335150E-5	-5.756235E-3
-5.500000E-3	-2.918260E-4	-1.335150E-5	-5.811972E-3
-5.400000E-3	-2.918260E-4	-1.335150E-5	-5.825948E-3
-5.300000E-3	-2.861040E-4	-1.335150E-5	-5.837527E-3
-5.200000E-3	-2.746600E-4	-1.335150E-5	-5.921670E-3
-5.100000E-3	-2.555870E-4	-1.144420E-5	-5.951107E-3
-5.000000E-3	-2.307900E-4	-9.536800E-6	-5.968613E-3
-4.900000E-3	-2.059950E-4	-7.629450E-6	-6.003880E-3
-4.800000E-3	-1.811990E-4	-7.629450E-6	-6.028039E-3
-4.700000E-3	-1.583110E-4	-7.629450E-6	-6.060439E-3
-4.600000E-3	-1.468670E-4	-5.722080E-6	-6.160058E-3
-4.500000E-3	-1.468670E-4	-5.722080E-6	-6.210226E-3
-4.400000E-3	-1.640330E-4	-7.629450E-6	-6.297431E-3
-4.300000E-3	-2.021800E-4	-9.536800E-6	-6.468973E-3
-4.200000E-3	-2.651230E-4	-1.335150E-5	-6.574236E-3
-4.100000E-3	-3.433250E-4	-1.716630E-5	-6.686994E-3
-4.000000E-3	-4.348770E-4	-2.098100E-5	-6.805210E-3
-3.900000E-3	-5.416910E-4	-2.670300E-5	-6.967682E-3
-3.800000E-3	-6.523170E-4	-3.051780E-5	-7.055998E-3
-3.700000E-3	-7.610360E-4	-3.433250E-5	-7.175140E-3
-3.600000E-3	-8.583110E-4	-4.005460E-5	-7.363435E-3
-3.500000E-3	-9.326970E-4	-4.196190E-5	-7.354185E-3
-3.400000E-3	-9.803850E-4	-4.577660E-5	-7.462867E-3
-3.300000E-3	-9.937360E-4	-4.768390E-5	-7.592102E-3
-3.200000E-3	-9.689370E-4	-4.959130E-5	-7.660613E-3
-3.100000E-3	-9.040870E-4	-4.577660E-5	-7.715776E-3
-3.000000E-3	-8.049050E-4	-4.005460E-5	-7.777709E-3
-2.900000E-3	-6.790200E-4	-3.433250E-5	-7.843622E-3
-2.800000E-3	-5.340610E-4	-2.670300E-5	-7.904913E-3
-2.700000E-3	-3.795640E-4	-1.907360E-5	-7.981845E-3
-2.600000E-3	-2.193460E-4	-1.144420E-5	-7.996194E-3
-2.500000E-3	-6.485030E-5	-1.907360E-6	-8.001935E-3
-2.400000E-3	7.629440E-5	3.814730E-6	-7.982584E-3
-2.300000E-3	2.002730E-4	1.144420E-5	-7.987676E-3
-2.200000E-3	3.032700E-4	1.525890E-5	-7.977306E-3
-2.100000E-3	3.719350E-4	1.907360E-5	-7.960270E-3
-2.000000E-3	4.138970E-4	2.288830E-5	-7.911020E-3
-1.900000E-3	4.291550E-4	2.479560E-5	-7.883152E-3
-1.800000E-3	4.177110E-4	2.479560E-5	-7.833267E-3
-1.700000E-3	3.700270E-4	2.098100E-5	-7.874088E-3
-1.600000E-3	2.880120E-4	1.335150E-5	-7.907325E-3
-1.500000E-3	1.678480E-4	7.629450E-6	-7.977859E-3
-1.400000E-3	1.144420E-5	0.000000E+0	-8.124772E-3
-1.300000E-3	-1.716620E-4	-5.722080E-6	-8.214671E-3
-1.200000E-3	-3.776570E-4	-1.525890E-5	-8.482212E-3
-1.100000E-3	-6.046330E-4	-2.861030E-5	-8.644960E-3
-1.000000E-3	-8.392370E-4	-4.005460E-5	-8.839831E-3
-9.000000E-4	-1.083380E-3	-5.340600E-5	-9.205498E-3
-8.000000E-4	-1.306540E-3	-6.675770E-5	-9.484155E-3
-7.000000E-4	-1.516350E-3	-7.629440E-5	-9.560154E-3
-6.000000E-4	-1.699460E-3	-8.392380E-5	-9.970815E-3
-5.000000E-4	-1.846320E-3	-9.155320E-5	-1.026716E-2
-4.000000E-4	-1.955050E-3	-9.346050E-5	-1.041482E-2
-3.000000E-4	-2.023710E-3	-9.536790E-5	-1.088890E-2
-2.000000E-4	-2.059950E-3	-9.918260E-5	-1.113727E-2
-1.000000E-4	-2.067580E-3	-9.918260E-5	-1.153442E-2
0.000000E+0	-2.058040E-3	-9.918260E-5	-1.209829E-2
1.000000E-4	-2.037060E-3	-1.010900E-4	-1.241731E-2
2.000000E-4	-2.016080E-3	-1.010900E-4	-1.292860E-2
3.000000E-4	-1.995100E-3	-1.029970E-4	-1.336075E-2
4.000000E-4	-1.976030E-3	-1.010900E-4	-1.352895E-2
5.000000E-4	-1.962680E-3	-9.727520E-5	-1.395758E-2
6.000000E-4	-1.955050E-3	-9.346050E-5	-1.426761E-2
7.000000E-4	-1.941690E-3	-9.346050E-5	-1.443156E-2
8.000000E-4	-1.924520E-3	-9.346050E-5	-1.477002E-2
9.000000E-4	-1.888280E-3	-9.155320E-5	-1.496970E-2
1.000000E-3	-1.823430E-3	-8.964590E-5	-1.495896E-2
1.100000E-3	-1.712810E-3	-8.201650E-5	-1.509338E-2
1.200000E-3	-1.548770E-3	-7.438710E-5	-1.514874E-2
1.300000E-3	-1.321800E-3	-6.103560E-5	-1.518392E-2
1.400000E-3	-1.031880E-3	-4.768390E-5	-1.519355E-2
1.500000E-3	-6.980930E-4	-3.242520E-5	-1.526908E-2
1.600000E-3	-3.433250E-4	-1.525890E-5	-1.537565E-2
1.700000E-3	1.716630E-5	0.000000E+0	-1.526918E-2
1.800000E-3	3.528610E-4	1.525890E-5	-1.516494E-2
1.900000E-3	6.713900E-4	3.051780E-5	-1.509597E-2
2.000000E-3	9.841990E-4	4.959130E-5	-1.468189E-2
2.100000E-3	1.306540E-3	6.485030E-5	-1.424613E-2
2.200000E-3	1.642230E-3	8.010910E-5	-1.388555E-2
2.300000E-3	2.029430E-3	9.727520E-5	-1.294703E-2
2.400000E-3	2.487200E-3	1.201630E-4	-1.212033E-2
2.500000E-3	3.011720E-3	1.468670E-4	-1.131983E-2
2.600000E-3	3.631610E-3	1.831060E-4	-9.318816E-3
2.700000E-3	4.354510E-3	2.269750E-4	-8.027198E-3
2.800000E-3	5.153690E-3	2.708450E-4	-7.001754E-3
2.900000E-3	6.010090E-3	3.185290E-4	-5.029523E-3
3.000000E-3	6.885560E-3	3.681200E-4	-4.105437E-3
3.100000E-3	7.736240E-3	4.081740E-4	-3.205884E-3
3.200000E-3	8.514460E-3	4.520430E-4	-1.187926E-3
3.300000E-3	9.159150E-3	4.940070E-4	1.141439E-4
3.400000E-3	9.645520E-3	5.130810E-4	7.125546E-4
3.500000E-3	9.941160E-3	5.226170E-4	2.684226E-3
3.600000E-3	1.003080E-2	5.245250E-4	3.571559E-3
3.700000E-3	9.895380E-3	5.130810E-4	4.995078E-3
3.800000E-3	9.529170E-3	4.901920E-4	6.867324E-3
3.900000E-3	8.981760E-3	4.539510E-4	7.906572E-3
4.000000E-3	8.312280E-3	4.081740E-4	8.912217E-3
4.100000E-3	7.551220E-3	3.662130E-4	1.041768E-2
4.200000E-3	6.742510E-3	3.299730E-4	1.154664E-2
4.300000E-3	5.926160E-3	2.918260E-4	1.236259E-2
4.400000E-3	5.151780E-3	2.574940E-4	1.344174E-2
4.500000E-3	4.430800E-3	2.250680E-4	1.407172E-2
4.600000E-3	3.759400E-3	1.945500E-4	1.449090E-2
4.700000E-3	3.177660E-3	1.640330E-4	1.496775E-2
4.800000E-3	2.666490E-3	1.373300E-4	1.507810E-2
4.900000E-3	2.218260E-3	1.125340E-4	1.530732E-2
5.000000E-3	1.836780E-3	9.155320E-5	1.535379E-2
5.100000E-3	1.495370E-3	7.438710E-5	1.532268E-2
5.200000E-3	1.174930E-3	5.722070E-5	1.534148E-2
5.300000E-3	8.564030E-4	4.196190E-5	1.532305E-2
5.400000E-3	5.168950E-4	2.670300E-5	1.524178E-2
5.500000E-3	1.583110E-4	1.144420E-5	1.517957E-2
5.600000E-3	-2.098090E-4	-1.907360E-6	1.520872E-2
5.700000E-3	-5.683940E-4	-2.098100E-5	1.507347E-2
5.800000E-3	-9.021800E-4	-3.814720E-5	1.490462E-2
5.900000E-3	-1.197820E-3	-5.340600E-5	1.488378E-2
6.000000E-3	-1.438150E-3	-6.675770E-5	1.449229E-2
6.100000E-3	-1.619350E-3	-7.438710E-5	1.428372E-2
6.200000E-3	-1.749050E-3	-7.820180E-5	1.402775E-2
6.300000E-3	-1.834880E-3	-8.010910E-5	1.354802E-2
6.400000E-3	-1.886380E-3	-8.392380E-5	1.322946E-2
6.500000E-3	-1.916890E-3	-8.583120E-5	1.278168E-2
6.600000E-3	-1.937870E-3	-8.964590E-5	1.231770E-2
6.700000E-3	-1.955050E-3	-9.155320E-5	1.198118E-2
6.800000E-3	-1.972210E-3	-9.155320E-5	1.142101E-2
6.900000E-3	-1.995100E-3	-9.346050E-5	1.109616E-2
7.000000E-3	-2.019900E-3	-9.346050E-5	1.083205E-2
7.100000E-3	-2.048510E-3	-9.346050E-5	1.040973E-2
7.200000E-3	-2.073300E-3	-9.346050E-5	1.029168E-2
7.300000E-3	-2.092380E-3	-9.536790E-5	9.871301E-3
7.400000E-3	-2.092380E-3	-9.727520E-5	9.686239E-3
7.500000E-3	-2.059950E-3	-9.918260E-5	9.438422E-3
7.600000E-3	-1.991290E-3	-9.536790E-5	9.027297E-3
7.700000E-3	-1.880650E-3	-9.155320E-5	8.931478E-3
7.800000E-3	-1.733790E-3	-8.392380E-5	8.644684E-3
7.900000E-3	-1.556400E-3	-7.629440E-5	8.415091E-3
8.000000E-3	-1.350410E-3	-6.675770E-5	8.271783E-3
8.100000E-3	-1.123440E-3	-5.340600E-5	8.063213E-3
8.200000E-3	-8.850130E-4	-4.196190E-5	8.024885E-3
8.300000E-3	-6.446880E-4	-2.861030E-5	7.946848E-3
8.400000E-3	-4.100820E-4	-1.907360E-5	7.904534E-3
8.500000E-3	-1.983650E-4	-9.536800E-6	7.883892E-3
8.600000E-3	-9.536800E-6	0.000000E+0	7.976464E-3
8.700000E-3	1.487740E-4	9.536800E-6	7.998875E-3
8.800000E-3	2.727530E-4	1.525890E-5	8.011178E-3
8.900000E-3	3.547690E-4	1.907360E-5	8.078300E-3
9.000000E-3	3.948230E-4	2.098100E-5	8.065713E-3
9.100000E-3	3.967300E-4	2.098100E-5	8.062743E-3
9.200000E-3	3.604910E-4	1.907360E-5	8.067565E-3
9.300000E-3	2.918260E-4	1.525890E-5	7.989431E-3
9.400000E-3	1.907360E-4	9.536800E-6	7.942489E-3
9.500000E-3	6.103560E-5	1.907360E-6	7.910558E-3
9.600000E-3	-8.964590E-5	-3.814730E-6	7.820204E-3
9.700000E-3	-2.536790E-4	-1.335150E-5	7.706519E-3
9.800000E-3	-4.215260E-4	-2.288830E-5	7.675784E-3
9.900000E-3	-5.779300E-4	-3.051780E-5	7.528221E-3
1.000000E-2	-7.190740E-4	-3.623990E-5	7.494432E-3
1.010000E-2	-8.373300E-4	-4.005460E-5	7.432685E-3
1.020000E-2	-9.250680E-4	-4.196190E-5	7.233558E-3
1.030000E-2	-9.765700E-4	-4.386930E-5	7.167086E-3
1.040000E-2	-9.899210E-4	-4.577660E-5	7.047847E-3
1.050000E-2	-9.651220E-4	-4.386930E-5	6.838157E-3
1.060000E-2	-9.002720E-4	-4.196190E-5	6.690967E-3
1.070000E-2	-8.087200E-4	-4.005460E-5	6.585621E-3
1.080000E-2	-7.000010E-4	-3.433250E-5	6.448055E-3
1.090000E-2	-5.874670E-4	-2.861030E-5	6.373071E-3
1.100000E-2	-4.787460E-4	-2.479560E-5	6.308077E-3
1.110000E-2	-3.833790E-4	-1.907360E-5	6.217819E-3
1.120000E-2	-3.013630E-4	-1.525890E-5	6.164217E-3
1.130000E-2	-2.365120E-4	-1.144420E-5	6.101537E-3
1.140000E-2	-1.907360E-4	-9.536800E-6	6.075251E-3
1.150000E-2	-1.621260E-4	-7.629450E-6	6.028219E-3
1.160000E-2	-1.506810E-4	-7.629450E-6	5.954071E-3
1.170000E-2	-1.544960E-4	-7.629450E-6	5.985083E-3
1.180000E-2	-1.678480E-4	-7.629450E-6	5.966935E-3
1.190000E-2	-1.869210E-4	-7.629450E-6	5.920835E-3
1.200000E-2	-2.098090E-4	-9.536800E-6	5.872601E-3
1.210000E-2	-2.326970E-4	-9.536800E-6	5.853534E-3
1.220000E-2	-2.536790E-4	-1.144420E-5	5.799282E-3
1.230000E-2	-2.727530E-4	-1.144420E-5	5.774474E-3
1.240000E-2	-2.841970E-4	-1.144420E-5	5.742253E-3
1.250000E-2	-2.918260E-4	-1.335150E-5	5.633295E-3
1.260000E-2	-2.899190E-4	-1.335150E-5	5.647270E-3
1.270000E-2	-2.841970E-4	-1.335150E-5	5.579140E-3
1.280000E-2	-2.746600E-4	-1.335150E-5	5.538864E-3
1.290000E-2	-2.632160E-4	-1.335150E-5	5.492861E-3
1.300000E-2	-2.498650E-4	-1.144420E-5	5.469808E-3
1.310000E-2	-2.346050E-4	-9.536800E-6	5.419349E-3
1.320000E-2	-2.193460E-4	-9.536800E-6	5.388807E-3
1.330000E-2	-2.059950E-4	-9.536800E-6	5.346411E-3
1.340000E-2	-1.926430E-4	-9.536800E-6	5.295123E-3
1.350000E-2	-1.792920E-4	-7.629450E-6	5.296325E-3
1.360000E-2	-1.659400E-4	-5.722080E-6	5.269009E-3
1.370000E-2	-1.544960E-4	-3.814730E-6	5.240685E-3
1.380000E-2	-1.430520E-4	-3.814730E-6	5.223932E-3
1.390000E-2	-1.335150E-4	-5.722080E-6	5.232256E-3
1.400000E-2	-1.201630E-4	-5.722080E-6	5.199856E-3
1.410000E-2	-1.068120E-4	-5.722080E-6	5.198475E-3
1.420000E-2	-9.346050E-5	-5.722080E-6	5.193749E-3
1.430000E-2	-8.010910E-5	-3.814730E-6	5.178751E-3
1.440000E-2	-6.675770E-5	-3.814730E-6	5.148202E-3
1.450000E-2	-5.340600E-5	-3.814730E-6	5.175324E-3
1.460000E-2	-4.005460E-5	-3.814730E-6	5.141632E-3
1.470000E-2	-3.051780E-5	-1.907360E-6	5.152278E-3
1.480000E-2	-2.098100E-5	-1.907360E-6	5.109038E-3
1.490000E-2	-1.335150E-5	0.000000E+0	5.100334E-3
1.500000E-2	-5.722080E-6	0.000000E+0	5.128389E-3
1.510000E-2	0.000000E+0	0.000000E+0	5.143200E-3
1.520000E-2	3.814730E-6	0.000000E+0	5.120990E-3
1.530000E-2	9.536800E-6	0.000000E+0	5.156997E-3
1.540000E-2	1.144420E-5	1.907360E-6	5.162924E-3
1.550000E-2	1.716630E-5	1.907360E-6	5.162454E-3
1.560000E-2	2.288830E-5	1.907360E-6	5.161065E-3
1.570000E-2	2.861030E-5	1.907360E-6	5.185321E-3
1.580000E-2	3.814720E-5	0.000000E+0	5.210046E-3
1.590000E-2	4.577660E-5	0.000000E+0	5.241887E-3
1.600000E-2	5.722070E-5	0.000000E+0	5.214108E-3
1.610000E-2	7.247970E-5	0.000000E+0	5.252070E-3
1.620000E-2	8.964590E-5	1.907360E-6	5.286888E-3
1.630000E-2	1.087190E-4	3.814730E-6	5.328815E-3
1.640000E-2	1.316080E-4	5.722080E-6	5.366030E-3
1.650000E-2	1.564040E-4	7.629450E-6	5.423798E-3
1.660000E-2	1.811990E-4	9.536800E-6	5.420461E-3
1.670000E-2	2.098090E-4	9.536800E-6	5.507949E-3
1.680000E-2	2.365120E-4	1.144420E-5	5.550622E-3
1.690000E-2	2.632160E-4	1.144420E-5	5.614041E-3
1.700000E-2	2.899190E-4	1.525890E-5	5.681619E-3
1.710000E-2	3.166220E-4	1.716630E-5	5.698744E-3
1.720000E-2	3.395100E-4	1.716630E-5	5.785120E-3
1.730000E-2	3.585830E-4	1.907360E-5	5.879544E-3
1.740000E-2	3.776570E-4	1.907360E-5	5.899267E-3
1.750000E-2	3.929160E-4	1.907360E-5	5.999342E-3
1.760000E-2	4.024520E-4	2.098100E-5	6.089690E-3
1.770000E-2	4.081740E-4	2.098100E-5	6.124225E-3
1.780000E-2	4.081740E-4	2.288830E-5	6.195968E-3
1.790000E-2	4.081740E-4	2.288830E-5	6.269107E-3
1.800000E-2	4.005450E-4	2.288830E-5	6.286502E-3
1.810000E-2	3.929160E-4	2.098100E-5	6.389168E-3
1.820000E-2	3.776570E-4	1.907360E-5	6.439903E-3
1.830000E-2	3.585830E-4	1.907360E-5	6.509615E-3
1.840000E-2	3.356950E-4	1.716630E-5	6.551736E-3
1.850000E-2	3.109000E-4	1.716630E-5	6.568309E-3
1.860000E-2	2.841970E-4	1.525890E-5	6.593856E-3
1.870000E-2	2.594010E-4	1.335150E-5	6.622001E-3
1.880000E-2	2.307900E-4	1.144420E-5	6.673102E-3
1.890000E-2	2.021800E-4	1.144420E-5	6.714393E-3
1.900000E-2	1.716620E-4	9.536800E-6	6.710601E-3
1.910000E-2	1.430520E-4	7.629450E-6	6.751056E-3
1.920000E-2	1.163490E-4	5.722080E-6	6.752258E-3
1.930000E-2	9.155320E-5	3.814730E-6	6.759754E-3
1.940000E-2	6.675770E-5	1.907360E-6	6.781508E-3
1.950000E-2	4.577660E-5	0.000000E+0	6.781232E-3
1.960000E-2	2.670300E-5	0.000000E+0	6.803636E-3
1.970000E-2	1.525890E-5	0.000000E+0	6.795021E-3
1.980000E-2	7.629450E-6	0.000000E+0	6.785681E-3
1.990000E-2	3.814730E-6	0.000000E+0	6.809929E-3
2.000000E-2	5.722080E-6	0.000000E+0	6.836686E-3
2.010000E-2	1.144420E-5	1.907360E-6	6.816969E-3
2.020000E-2	2.288830E-5	1.907360E-6	6.842696E-3
2.030000E-2	3.814720E-5	3.814730E-6	6.866675E-3
2.040000E-2	5.531330E-5	3.814730E-6	6.869638E-3
2.050000E-2	7.438710E-5	5.722080E-6	6.902502E-3
2.060000E-2	9.346050E-5	5.722080E-6	6.934722E-3
2.070000E-2	1.144410E-4	5.722080E-6	6.936664E-3
2.080000E-2	1.316080E-4	5.722080E-6	6.963696E-3
2.090000E-2	1.449590E-4	7.629450E-6	6.988324E-3
2.100000E-2	1.544960E-4	9.536800E-6	7.008220E-3
2.110000E-2	1.583110E-4	1.144420E-5	7.041001E-3
2.120000E-2	1.583110E-4	1.144420E-5	7.053498E-3
2.130000E-2	1.564040E-4	1.144420E-5	7.076544E-3
2.140000E-2	1.487740E-4	1.144420E-5	7.131811E-3
2.150000E-2	1.430520E-4	1.144420E-5	7.144958E-3
2.160000E-2	1.354230E-4	9.536800E-6	7.117559E-3
2.170000E-2	1.277930E-4	9.536800E-6	7.173745E-3
2.180000E-2	1.201630E-4	9.536800E-6	7.198097E-3
2.190000E-2	1.163490E-4	7.629450E-6	7.254573E-3
2.200000E-2	1.125340E-4	5.722080E-6	7.262995E-3
2.210000E-2	1.144410E-4	5.722080E-6	7.286048E-3
2.220000E-2	1.182560E-4	5.722080E-6	7.288915E-3
2.230000E-2	1.277930E-4	5.722080E-6	7.320023E-3
2.240000E-2	1.373300E-4	7.629450E-6	7.378344E-3
2.250000E-2	1.525890E-4	7.629450E-6	7.420837E-3
2.260000E-2	1.697550E-4	7.629450E-6	7.467766E-3
2.270000E-2	1.907360E-4	9.536800E-6	7.470729E-3
2.280000E-2	2.117170E-4	1.144420E-5	7.535343E-3
2.290000E-2	2.346050E-4	1.144420E-5	7.596075E-3
2.300000E-2	2.574940E-4	1.144420E-5	7.600517E-3
2.310000E-2	2.784750E-4	1.335150E-5	7.697911E-3
2.320000E-2	3.032700E-4	1.525890E-5	7.749110E-3
2.330000E-2	3.242510E-4	1.716630E-5	7.819830E-3
2.340000E-2	3.452320E-4	1.907360E-5	7.911387E-3
2.350000E-2	3.643050E-4	1.907360E-5	7.964713E-3
2.360000E-2	3.814720E-4	1.907360E-5	8.019793E-3
2.370000E-2	3.986380E-4	1.907360E-5	8.113664E-3
2.380000E-2	4.158040E-4	1.907360E-5	8.190969E-3
2.390000E-2	4.310630E-4	2.098100E-5	8.267155E-3
2.400000E-2	4.444140E-4	2.098100E-5	8.353060E-3
2.410000E-2	4.577660E-4	2.288830E-5	8.428514E-3
2.420000E-2	4.711170E-4	2.288830E-5	8.524982E-3
2.430000E-2	4.844680E-4	2.288830E-5	8.644020E-3
2.440000E-2	4.978220E-4	2.479560E-5	8.707716E-3
2.450000E-2	5.092660E-4	2.479560E-5	8.791127E-3
2.460000E-2	5.207100E-4	2.670300E-5	8.922221E-3
2.470000E-2	5.302470E-4	2.670300E-5	9.001273E-3
2.480000E-2	5.397830E-4	2.670300E-5	9.100519E-3
2.490000E-2	5.474130E-4	2.861030E-5	9.232621E-3
2.500000E-2	5.531350E-4	2.861030E-5	9.291591E-3
2.510000E-2	5.588570E-4	2.861030E-5	9.387500E-3
2.520000E-2	5.626720E-4	2.861030E-5	9.529329E-3
2.530000E-2	5.645790E-4	2.861030E-5	9.584320E-3
2.540000E-2	5.645790E-4	2.670300E-5	9.700498E-3
2.550000E-2	5.645790E-4	2.670300E-5	9.827785E-3
2.560000E-2	5.645790E-4	2.861030E-5	9.959431E-3
2.570000E-2	5.626720E-4	2.861030E-5	9.999430E-3
2.580000E-2	5.607640E-4	2.670300E-5	1.008885E-2
2.590000E-2	5.569500E-4	2.670300E-5	1.020808E-2
2.600000E-2	5.531350E-4	2.670300E-5	1.029641E-2
2.610000E-2	5.455050E-4	2.861030E-5	1.042971E-2
2.620000E-2	5.397830E-4	2.861030E-5	1.049627E-2
2.630000E-2	5.359690E-4	2.861030E-5	1.056997E-2
2.640000E-2	5.321540E-4	2.670300E-5	1.069716E-2
2.650000E-2	5.283390E-4	2.670300E-5	1.077835E-2
2.660000E-2	5.264320E-4	2.479560E-5	1.087297E-2
2.670000E-2	5.226170E-4	2.479560E-5	1.099100E-2
2.680000E-2	5.207100E-4	2.479560E-5	1.109783E-2
2.690000E-2	5.188030E-4	2.479560E-5	1.116819E-2
2.700000E-2	5.168950E-4	2.670300E-5	1.132520E-2
2.710000E-2	5.168950E-4	2.670300E-5	1.137925E-2
2.720000E-2	5.188030E-4	2.670300E-5	1.153950E-2
2.730000E-2	5.226170E-4	2.670300E-5	1.160875E-2
2.740000E-2	5.264320E-4	2.479560E-5	1.169207E-2
2.750000E-2	5.283390E-4	2.479560E-5	1.181510E-2
2.760000E-2	5.340610E-4	2.479560E-5	1.187213E-2
2.770000E-2	5.378760E-4	2.479560E-5	1.195045E-2
2.780000E-2	5.397830E-4	2.479560E-5	1.206329E-2
2.790000E-2	5.435980E-4	2.479560E-5	1.215031E-2
2.800000E-2	5.474130E-4	2.479560E-5	1.227834E-2
2.810000E-2	5.493200E-4	2.479560E-5	1.238314E-2
2.820000E-2	5.531350E-4	2.479560E-5	1.240055E-2
2.830000E-2	5.531350E-4	2.479560E-5	1.247340E-2
2.840000E-2	5.531350E-4	2.670300E-5	1.262347E-2
2.850000E-2	5.531350E-4	2.861030E-5	1.267429E-2
2.860000E-2	5.493200E-4	2.861030E-5	1.278446E-2
2.870000E-2	5.455050E-4	2.670300E-5	1.292100E-2
2.880000E-2	5.378760E-4	2.670300E-5	1.297599E-2
2.890000E-2	5.264320E-4	2.670300E-5	1.309004E-2
2.900000E-2	5.168950E-4	2.670300E-5	1.319346E-2
2.910000E-2	5.073580E-4	2.670300E-5	1.325428E-2
2.920000E-2	4.959140E-4	2.479560E-5	1.331770E-2
2.930000E-2	4.844680E-4	2.479560E-5	1.349433E-2
2.940000E-2	4.730240E-4	2.479560E-5	1.352895E-2
2.950000E-2	4.615800E-4	2.479560E-5	1.362328E-2
2.960000E-2	4.539510E-4	2.479560E-5	1.371789E-2
2.970000E-2	4.482290E-4	2.479560E-5	1.375947E-2
2.980000E-2	4.463210E-4	2.479560E-5	1.388879E-2
2.990000E-2	4.463210E-4	2.479560E-5	1.399488E-2
3.000000E-2	4.482290E-4	2.479560E-5	1.405117E-2
3.010000E-2	4.539510E-4	2.479560E-5	1.415161E-2
3.020000E-2	4.615800E-4	2.479560E-5	1.419919E-2
3.030000E-2	4.692100E-4	2.479560E-5	1.430677E-2
3.040000E-2	4.806540E-4	2.479560E-5	1.443841E-2
3.050000E-2	4.921000E-4	2.479560E-5	1.447442E-2
3.060000E-2	5.073580E-4	2.479560E-5	1.457533E-2
3.070000E-2	5.207100E-4	2.479560E-5	1.469623E-2
3.080000E-2	5.340610E-4	2.479560E-5	1.472919E-2
3.090000E-2	5.455050E-4	2.479560E-5	1.481992E-2
3.100000E-2	5.569500E-4	2.479560E-5	1.494693E-2
3.110000E-2	5.683940E-4	2.670300E-5	1.507458E-2
3.120000E-2	5.779300E-4	2.861030E-5	1.514365E-2
