9.017234E-2
8.628586E-2
8.643940E-2
8.688121E-2
8.676197E-2
8.705427E-2
8.747699E-2
8.772676E-2
8.786733E-2
8.783247E-2
8.807177E-2
8.807224E-2
8.840908E-2
8.732576E-2
8.770748E-2
8.813483E-2
8.876501E-2
8.926648E-2
8.832077E-2
8.888826E-2
8.847993E-2
8.891596E-2
9.006196E-2
8.893294E-2
9.035058E-2
8.974286E-2
8.880235E-2
8.930727E-2
9.014474E-2
8.895535E-2
8.948783E-2
9.037084E-2
9.025018E-2
8.989228E-2
9.024542E-2
8.990226E-2
9.125209E-2
9.046668E-2
9.159488E-2
9.128027E-2
9.027126E-2
8.992518E-2
9.042972E-2
9.155558E-2
9.056390E-2
9.118627E-2
9.231091E-2
9.153755E-2
9.216309E-2
9.079009E-2
9.103209E-2
9.167352E-2
9.152013E-2
9.213569E-2
9.209177E-2
9.182360E-2
9.200867E-2
9.204376E-2
9.223372E-2
9.239938E-2
9.242127E-2
9.290641E-2
9.286310E-2
9.303971E-2
9.295593E-2
9.328891E-2
9.304785E-2
9.320584E-2
9.354721E-2
9.372651E-2
9.360232E-2
9.390005E-2
9.399136E-2
9.377204E-2
9.416093E-2
9.442401E-2
9.465674E-2
9.433916E-2
9.436442E-2
9.428083E-2
9.482674E-2
9.477115E-2
9.469863E-2
9.480349E-2
9.490190E-2
9.515957E-2
9.503400E-2
9.491335E-2
9.510854E-2
9.473673E-2
9.479956E-2
9.447492E-2
9.368453E-2
9.570685E-2
9.970937E-2
