9.300000E-2	3.906940E-3
9.290000E-2	3.748909E-3
9.280000E-2	3.750720E-3
9.270000E-2	3.751484E-3
9.260000E-2	3.750529E-3
9.250000E-2	3.748622E-3
9.240000E-2	3.747097E-3
9.230000E-2	3.745762E-3
9.220000E-2	3.747288E-3
9.210000E-2	3.750434E-3
9.200000E-2	3.755203E-3
9.190000E-2	3.760640E-3
9.180000E-2	3.765788E-3
9.170000E-2	3.768555E-3
9.160000E-2	3.769700E-3
9.150000E-2	3.769032E-3
9.140000E-2	3.767695E-3
9.130000E-2	3.765407E-3
9.120000E-2	3.764455E-3
9.110000E-2	3.764835E-3
9.100000E-2	3.766362E-3
9.090000E-2	3.767983E-3
9.080000E-2	3.769412E-3
9.070000E-2	3.770367E-3
9.060000E-2	3.771033E-3
9.050000E-2	3.771702E-3
9.040000E-2	3.772750E-3
9.030000E-2	3.773990E-3
9.020000E-2	3.776373E-3
9.010000E-2	3.779617E-3
9.000000E-2	3.784671E-3
8.990000E-2	3.789440E-3
8.980000E-2	3.794399E-3
8.970000E-2	3.797262E-3
8.960000E-2	3.797926E-3
8.950000E-2	3.796878E-3
8.940000E-2	3.793730E-3
8.930000E-2	3.791537E-3
8.920000E-2	3.789821E-3
8.910000E-2	3.790680E-3
8.900000E-2	3.793637E-3
8.890000E-2	3.797356E-3
8.880000E-2	3.800216E-3
8.870000E-2	3.802504E-3
8.860000E-2	3.803936E-3
8.850000E-2	3.804984E-3
8.840000E-2	3.805651E-3
8.830000E-2	3.805653E-3
8.820000E-2	3.806128E-3
8.810000E-2	3.806987E-3
8.800000E-2	3.807845E-3
8.790000E-2	3.808419E-3
8.780000E-2	3.808513E-3
8.770000E-2	3.808322E-3
8.760000E-2	3.808131E-3
8.750000E-2	3.807750E-3
8.740000E-2	3.807846E-3
8.730000E-2	3.808608E-3
8.720000E-2	3.810134E-3
8.710000E-2	3.812041E-3
8.700000E-2	3.812232E-3
8.690000E-2	3.812519E-3
8.680000E-2	3.812518E-3
8.670000E-2	3.812233E-3
8.660000E-2	3.812615E-3
8.650000E-2	3.814046E-3
8.640000E-2	3.817097E-3
8.630000E-2	3.820816E-3
8.620000E-2	3.824250E-3
8.610000E-2	3.827300E-3
8.600000E-2	3.829112E-3
8.590000E-2	3.830638E-3
8.580000E-2	3.831878E-3
8.570000E-2	3.833500E-3
8.560000E-2	3.835883E-3
8.550000E-2	3.838841E-3
8.540000E-2	3.842942E-3
8.530000E-2	3.847234E-3
8.520000E-2	3.850857E-3
8.510000E-2	3.854768E-3
8.500000E-2	3.858201E-3
8.490000E-2	3.860968E-3
8.480000E-2	3.861825E-3
8.470000E-2	3.861062E-3
8.460000E-2	3.858964E-3
8.450000E-2	3.855245E-3
8.440000E-2	3.851049E-3
8.430000E-2	3.846851E-3
8.420000E-2	3.843704E-3
8.410000E-2	3.842178E-3
8.400000E-2	3.842084E-3
8.390000E-2	3.843419E-3
8.380000E-2	3.845039E-3
8.370000E-2	3.847329E-3
8.360000E-2	3.848949E-3
8.350000E-2	3.850572E-3
8.340000E-2	3.851809E-3
8.330000E-2	3.854674E-3
8.320000E-2	3.858774E-3
8.310000E-2	3.863543E-3
8.300000E-2	3.869458E-3
8.290000E-2	3.875086E-3
8.280000E-2	3.878421E-3
8.270000E-2	3.880615E-3
8.260000E-2	3.880806E-3
8.250000E-2	3.880806E-3
8.240000E-2	3.879948E-3
8.230000E-2	3.879472E-3
8.220000E-2	3.879376E-3
8.210000E-2	3.880713E-3
8.200000E-2	3.883192E-3
8.190000E-2	3.885481E-3
8.180000E-2	3.886913E-3
8.170000E-2	3.886626E-3
8.160000E-2	3.885100E-3
8.150000E-2	3.884145E-3
8.140000E-2	3.882904E-3
8.130000E-2	3.883380E-3
8.120000E-2	3.885574E-3
8.110000E-2	3.889294E-3
8.100000E-2	3.893588E-3
8.090000E-2	3.897403E-3
8.080000E-2	3.899883E-3
8.070000E-2	3.900170E-3
8.060000E-2	3.898931E-3
8.050000E-2	3.895781E-3
8.040000E-2	3.892825E-3
8.030000E-2	3.891776E-3
8.020000E-2	3.891394E-3
8.010000E-2	3.893779E-3
8.000000E-2	3.897212E-3
7.990000E-2	3.899788E-3
7.980000E-2	3.902267E-3
7.970000E-2	3.903508E-3
7.960000E-2	3.904651E-3
7.950000E-2	3.905606E-3
7.940000E-2	3.907225E-3
7.930000E-2	3.909993E-3
7.920000E-2	3.911901E-3
7.910000E-2	3.914287E-3
7.900000E-2	3.915432E-3
7.890000E-2	3.916764E-3
7.880000E-2	3.917147E-3
7.870000E-2	3.916383E-3
7.860000E-2	3.915524E-3
7.850000E-2	3.915524E-3
7.840000E-2	3.916668E-3
7.830000E-2	3.918384E-3
7.820000E-2	3.920865E-3
7.810000E-2	3.923537E-3
7.800000E-2	3.925634E-3
7.790000E-2	3.927446E-3
7.780000E-2	3.928495E-3
7.770000E-2	3.928972E-3
7.760000E-2	3.929260E-3
7.750000E-2	3.930213E-3
7.740000E-2	3.931741E-3
7.730000E-2	3.934123E-3
7.720000E-2	3.937461E-3
7.710000E-2	3.941275E-3
7.700000E-2	3.944709E-3
7.690000E-2	3.947665E-3
7.680000E-2	3.949858E-3
7.670000E-2	3.951957E-3
7.660000E-2	3.955010E-3
7.650000E-2	3.959207E-3
7.640000E-2	3.965215E-3
7.630000E-2	3.971319E-3
7.620000E-2	3.977804E-3
7.610000E-2	3.983909E-3
7.600000E-2	3.988295E-3
7.590000E-2	3.991252E-3
7.580000E-2	3.991825E-3
7.570000E-2	3.990965E-3
7.560000E-2	3.989535E-3
7.550000E-2	3.988295E-3
7.540000E-2	3.987627E-3
7.530000E-2	3.987245E-3
7.520000E-2	3.988296E-3
7.510000E-2	3.989535E-3
7.500000E-2	3.991442E-3
7.490000E-2	3.993159E-3
7.480000E-2	3.995735E-3
7.470000E-2	3.998500E-3
7.460000E-2	4.002220E-3
7.450000E-2	4.005747E-3
7.440000E-2	4.008132E-3
7.430000E-2	4.009943E-3
7.420000E-2	4.010708E-3
7.410000E-2	4.010803E-3
7.400000E-2	4.011565E-3
7.390000E-2	4.012518E-3
7.380000E-2	4.013664E-3
7.370000E-2	4.015665E-3
7.360000E-2	4.017764E-3
7.350000E-2	4.019386E-3
7.340000E-2	4.022437E-3
7.330000E-2	4.025585E-3
7.320000E-2	4.029209E-3
7.310000E-2	4.032928E-3
7.300000E-2	4.036743E-3
7.290000E-2	4.040271E-3
7.280000E-2	4.045326E-3
7.270000E-2	4.051714E-3
7.260000E-2	4.058678E-3
7.250000E-2	4.065352E-3
7.240000E-2	4.071455E-3
7.230000E-2	4.076988E-3
7.220000E-2	4.082042E-3
7.210000E-2	4.087383E-3
7.200000E-2	4.093486E-3
7.190000E-2	4.099781E-3
7.180000E-2	4.105312E-3
7.170000E-2	4.110652E-3
7.160000E-2	4.114182E-3
7.150000E-2	4.116565E-3
7.140000E-2	4.118186E-3
7.130000E-2	4.118281E-3
7.120000E-2	4.118188E-3
7.110000E-2	4.117615E-3
7.100000E-2	4.117900E-3
7.090000E-2	4.117996E-3
7.080000E-2	4.118569E-3
7.070000E-2	4.118949E-3
7.060000E-2	4.119806E-3
7.050000E-2	4.121907E-3
7.040000E-2	4.124672E-3
7.030000E-2	4.126960E-3
7.020000E-2	4.130298E-3
7.010000E-2	4.132969E-3
7.000000E-2	4.135543E-3
6.990000E-2	4.137928E-3
6.980000E-2	4.139740E-3
6.970000E-2	4.141456E-3
6.960000E-2	4.143460E-3
6.950000E-2	4.145747E-3
6.940000E-2	4.148036E-3
6.930000E-2	4.150325E-3
6.920000E-2	4.152900E-3
6.910000E-2	4.154998E-3
6.900000E-2	4.157286E-3
6.890000E-2	4.159766E-3
6.880000E-2	4.162245E-3
6.870000E-2	4.166918E-3
6.860000E-2	4.172832E-3
6.850000E-2	4.179223E-3
6.840000E-2	4.185515E-3
6.830000E-2	4.191429E-3
6.820000E-2	4.197056E-3
6.810000E-2	4.201823E-3
6.800000E-2	4.206019E-3
6.790000E-2	4.210598E-3
6.780000E-2	4.214793E-3
6.770000E-2	4.219372E-3
6.760000E-2	4.224044E-3
6.750000E-2	4.228146E-3
6.740000E-2	4.232151E-3
6.730000E-2	4.236059E-3
6.720000E-2	4.239207E-3
6.710000E-2	4.241782E-3
6.700000E-2	4.243404E-3
6.690000E-2	4.245215E-3
6.680000E-2	4.247505E-3
6.670000E-2	4.249222E-3
6.660000E-2	4.251414E-3
6.650000E-2	4.252653E-3
6.640000E-2	4.254180E-3
6.630000E-2	4.255610E-3
6.620000E-2	4.257136E-3
6.610000E-2	4.259044E-3
6.600000E-2	4.262191E-3
6.590000E-2	4.266578E-3
6.580000E-2	4.271729E-3
6.570000E-2	4.277640E-3
6.560000E-2	4.282981E-3
6.550000E-2	4.288798E-3
6.540000E-2	4.292995E-3
6.530000E-2	4.297000E-3
6.520000E-2	4.299862E-3
6.510000E-2	4.303675E-3
6.500000E-2	4.308635E-3
6.490000E-2	4.315501E-3
6.480000E-2	4.323609E-3
6.470000E-2	4.331141E-3
6.460000E-2	4.337245E-3
6.450000E-2	4.342776E-3
6.440000E-2	4.346686E-3
6.430000E-2	4.350024E-3
6.420000E-2	4.353555E-3
6.410000E-2	4.357177E-3
6.400000E-2	4.362994E-3
6.390000E-2	4.370052E-3
6.380000E-2	4.377395E-3
6.370000E-2	4.385215E-3
6.360000E-2	4.392463E-3
6.350000E-2	4.398471E-3
6.340000E-2	4.403907E-3
6.330000E-2	4.408388E-3
6.320000E-2	4.412203E-3
6.310000E-2	4.418117E-3
6.300000E-2	4.423838E-3
6.290000E-2	4.430325E-3
6.280000E-2	4.436619E-3
6.270000E-2	4.442817E-3
6.260000E-2	4.447584E-3
6.250000E-2	4.452259E-3
6.240000E-2	4.456263E-3
6.230000E-2	4.459982E-3
6.220000E-2	4.463512E-3
6.210000E-2	4.466754E-3
6.200000E-2	4.470569E-3
6.190000E-2	4.475910E-3
6.180000E-2	4.482871E-3
6.170000E-2	4.491074E-3
6.160000E-2	4.500419E-3
6.150000E-2	4.509002E-3
6.140000E-2	4.516727E-3
6.130000E-2	4.523592E-3
6.120000E-2	4.530936E-3
6.110000E-2	4.537327E-3
6.100000E-2	4.544383E-3
6.090000E-2	4.551632E-3
6.080000E-2	4.559166E-3
6.070000E-2	4.567939E-3
6.060000E-2	4.576523E-3
6.050000E-2	4.585868E-3
6.040000E-2	4.593783E-3
6.030000E-2	4.600841E-3
6.020000E-2	4.606562E-3
6.010000E-2	4.611426E-3
6.000000E-2	4.616767E-3
5.990000E-2	4.623824E-3
5.980000E-2	4.632122E-3
5.970000E-2	4.641371E-3
5.960000E-2	4.650527E-3
5.950000E-2	4.660063E-3
5.940000E-2	4.670174E-3
5.930000E-2	4.679615E-3
5.920000E-2	4.689151E-3
5.910000E-2	4.698020E-3
5.900000E-2	4.706317E-3
5.890000E-2	4.714042E-3
5.880000E-2	4.719765E-3
5.870000E-2	4.724914E-3
5.860000E-2	4.729968E-3
5.850000E-2	4.735405E-3
5.840000E-2	4.741508E-3
5.830000E-2	4.748566E-3
5.820000E-2	4.757339E-3
5.810000E-2	4.767353E-3
5.800000E-2	4.778606E-3
5.790000E-2	4.789859E-3
5.780000E-2	4.800634E-3
5.770000E-2	4.810363E-3
5.760000E-2	4.818946E-3
5.750000E-2	4.826957E-3
5.740000E-2	4.835444E-3
5.730000E-2	4.844123E-3
5.720000E-2	4.853851E-3
5.710000E-2	4.864150E-3
5.700000E-2	4.874641E-3
5.690000E-2	4.884942E-3
5.680000E-2	4.895623E-3
5.670000E-2	4.906304E-3
5.660000E-2	4.916222E-3
5.650000E-2	4.927187E-3
5.640000E-2	4.938252E-3
5.630000E-2	4.949982E-3
5.620000E-2	4.962856E-3
5.610000E-2	4.976207E-3
5.600000E-2	4.990322E-3
5.590000E-2	5.003863E-3
5.580000E-2	5.017597E-3
5.570000E-2	5.030471E-3
5.560000E-2	5.043632E-3
5.550000E-2	5.056888E-3
5.540000E-2	5.070240E-3
5.530000E-2	5.083973E-3
5.520000E-2	5.099517E-3
5.510000E-2	5.116588E-3
5.500000E-2	5.135852E-3
5.490000E-2	5.154735E-3
5.480000E-2	5.174094E-3
5.470000E-2	5.190020E-3
5.460000E-2	5.203754E-3
5.450000E-2	5.213673E-3
5.440000E-2	5.222446E-3
5.430000E-2	5.229980E-3
5.420000E-2	5.238945E-3
5.410000E-2	5.249912E-3
5.400000E-2	5.262882E-3
5.390000E-2	5.278140E-3
5.380000E-2	5.294638E-3
5.370000E-2	5.311900E-3
5.360000E-2	5.328208E-3
5.350000E-2	5.344039E-3
5.340000E-2	5.359297E-3
5.330000E-2	5.374270E-3
5.320000E-2	5.389053E-3
5.310000E-2	5.405551E-3
5.300000E-2	5.422526E-3
5.290000E-2	5.440932E-3
5.280000E-2	5.459910E-3
5.270000E-2	5.479461E-3
5.260000E-2	5.499012E-3
5.250000E-2	5.517990E-3
5.240000E-2	5.537731E-3
5.230000E-2	5.557375E-3
5.220000E-2	5.577118E-3
5.210000E-2	5.596191E-3
5.200000E-2	5.614787E-3
5.190000E-2	5.631189E-3
5.180000E-2	5.647402E-3
5.170000E-2	5.663616E-3
5.160000E-2	5.679255E-3
5.150000E-2	5.695467E-3
5.140000E-2	5.712634E-3
5.130000E-2	5.730659E-3
5.120000E-2	5.749447E-3
5.110000E-2	5.769664E-3
5.100000E-2	5.789215E-3
5.090000E-2	5.810101E-3
5.080000E-2	5.831749E-3
5.070000E-2	5.855685E-3
5.060000E-2	5.882103E-3
5.050000E-2	5.910045E-3
5.040000E-2	5.938846E-3
5.030000E-2	5.967361E-3
5.020000E-2	5.995017E-3
5.010000E-2	6.021338E-3
5.000000E-2	6.046992E-3
4.990000E-2	6.072267E-3
4.980000E-2	6.097539E-3
4.970000E-2	6.123476E-3
4.960000E-2	6.149607E-3
4.950000E-2	6.175929E-3
4.940000E-2	6.201296E-3
4.930000E-2	6.225996E-3
4.920000E-2	6.249839E-3
4.910000E-2	6.271678E-3
4.900000E-2	6.293040E-3
4.890000E-2	6.315643E-3
4.880000E-2	6.341201E-3
4.870000E-2	6.370289E-3
4.860000E-2	6.402617E-3
4.850000E-2	6.436188E-3
4.840000E-2	6.468994E-3
4.830000E-2	6.500369E-3
4.820000E-2	6.530981E-3
4.810000E-2	6.559402E-3
4.800000E-2	6.586010E-3
4.790000E-2	6.611759E-3
4.780000E-2	6.637985E-3
4.770000E-2	6.666118E-3
4.760000E-2	6.695683E-3
4.750000E-2	6.728012E-3
4.740000E-2	6.764728E-3
4.730000E-2	6.797153E-3
4.720000E-2	6.828910E-3
4.710000E-2	6.860191E-3
4.700000E-2	6.892903E-3
4.690000E-2	6.927329E-3
4.680000E-2	6.964237E-3
4.670000E-2	7.002670E-3
4.660000E-2	7.042915E-3
4.650000E-2	7.083444E-3
4.640000E-2	7.124836E-3
4.630000E-2	7.166034E-3
4.620000E-2	7.206278E-3
4.610000E-2	7.246238E-3
4.600000E-2	7.285530E-3
4.590000E-2	7.324821E-3
4.580000E-2	7.364684E-3
4.570000E-2	7.406170E-3
4.560000E-2	7.450134E-3
4.550000E-2	7.496197E-3
4.540000E-2	7.545027E-3
4.530000E-2	7.594144E-3
4.520000E-2	7.644215E-3
4.510000E-2	7.694570E-3
4.500000E-2	7.745213E-3
4.490000E-2	7.796808E-3
4.480000E-2	7.851075E-3
4.470000E-2	7.908107E-3
4.460000E-2	7.964946E-3
4.450000E-2	8.023793E-3
4.440000E-2	8.081108E-3
4.430000E-2	8.137282E-3
4.420000E-2	8.190309E-3
4.410000E-2	8.241425E-3
4.400000E-2	8.290350E-3
4.390000E-2	8.340798E-3
4.380000E-2	8.391535E-3
4.370000E-2	8.445800E-3
4.360000E-2	8.502352E-3
4.350000E-2	8.563292E-3
4.340000E-2	8.629763E-3
4.330000E-2	8.697856E-3
4.320000E-2	8.767284E-3
4.310000E-2	8.835376E-3
4.300000E-2	8.900892E-3
4.290000E-2	8.963359E-3
4.280000E-2	9.023630E-3
4.270000E-2	9.083427E-3
4.260000E-2	9.144843E-3
4.250000E-2	9.210646E-3
4.240000E-2	9.281885E-3
4.230000E-2	9.357416E-3
4.220000E-2	9.436094E-3
4.210000E-2	9.514011E-3
4.200000E-2	9.588110E-3
4.190000E-2	9.656777E-3
4.180000E-2	9.720575E-3
4.170000E-2	9.778367E-3
4.160000E-2	9.833679E-3
4.150000E-2	9.888044E-3
4.140000E-2	9.944688E-3
4.130000E-2	1.000334E-2
4.120000E-2	1.006266E-2
4.110000E-2	1.012016E-2
4.100000E-2	1.017395E-2
4.090000E-2	1.022107E-2
4.080000E-2	1.026102E-2
4.070000E-2	1.029554E-2
4.060000E-2	1.032730E-2
4.050000E-2	1.035754E-2
4.040000E-2	1.038547E-2
4.030000E-2	1.041075E-2
4.020000E-2	1.043250E-2
4.010000E-2	1.044861E-2
4.000000E-2	1.045538E-2
3.990000E-2	1.045089E-2
3.980000E-2	1.043506E-2
3.970000E-2	1.041076E-2
3.960000E-2	1.038062E-2
3.950000E-2	1.034466E-2
3.940000E-2	1.030336E-2
3.930000E-2	1.025579E-2
3.920000E-2	1.019960E-2
3.910000E-2	1.013352E-2
3.900000E-2	1.005570E-2
3.890000E-2	9.967004E-3
3.880000E-2	9.868389E-3
3.870000E-2	9.759489E-3
3.860000E-2	9.642085E-3
3.850000E-2	9.517346E-3
3.840000E-2	9.387458E-3
3.830000E-2	9.254516E-3
3.820000E-2	9.122526E-3
3.810000E-2	8.989966E-3
3.800000E-2	8.857024E-3
3.790000E-2	8.723223E-3
3.780000E-2	8.589515E-3
3.770000E-2	8.455046E-3
3.760000E-2	8.320673E-3
3.750000E-2	8.186201E-3
3.740000E-2	8.052875E-3
3.730000E-2	7.920979E-3
3.720000E-2	7.792328E-3
3.710000E-2	7.664818E-3
3.700000E-2	7.538168E-3
3.690000E-2	7.413326E-3
3.680000E-2	7.286487E-3
3.670000E-2	7.147917E-3
3.660000E-2	7.021745E-3
3.650000E-2	6.897577E-3
3.640000E-2	6.775695E-3
3.630000E-2	6.655150E-3
3.620000E-2	6.536132E-3
3.610000E-2	6.419592E-3
3.600000E-2	6.305820E-3
3.590000E-2	6.194812E-3
3.580000E-2	6.087427E-3
3.570000E-2	5.983668E-3
3.560000E-2	5.879716E-3
3.550000E-2	5.775769E-3
3.540000E-2	5.671339E-3
3.530000E-2	5.567295E-3
3.520000E-2	5.462868E-3
3.510000E-2	5.359297E-3
3.500000E-2	5.257636E-3
3.490000E-2	5.158644E-3
3.480000E-2	5.063660E-3
3.470000E-2	4.972107E-3
3.460000E-2	4.883606E-3
3.450000E-2	4.797869E-3
3.440000E-2	4.713947E-3
3.430000E-2	4.630978E-3
3.420000E-2	4.549056E-3
3.410000E-2	4.467803E-3
3.400000E-2	4.387885E-3
3.390000E-2	4.310064E-3
3.380000E-2	4.235011E-3
3.370000E-2	4.162244E-3
3.360000E-2	4.092146E-3
3.350000E-2	4.024435E-3
3.340000E-2	3.959012E-3
3.330000E-2	3.895304E-3
3.320000E-2	3.830740E-3
3.310000E-2	3.764457E-3
3.300000E-2	3.698651E-3
3.290000E-2	3.633135E-3
3.280000E-2	3.568283E-3
3.270000E-2	3.506676E-3
3.260000E-2	3.446499E-3
3.250000E-2	3.388420E-3
3.240000E-2	3.331105E-3
3.230000E-2	3.274838E-3
3.220000E-2	3.218761E-3
3.210000E-2	3.163258E-3
3.200000E-2	3.108325E-3
3.190000E-2	3.054442E-3
3.180000E-2	3.001800E-3
3.170000E-2	2.949920E-3
3.160000E-2	2.897660E-3
3.150000E-2	2.847400E-3
3.140000E-2	2.797047E-3
3.130000E-2	2.747742E-3
3.120000E-2	2.699485E-3
3.110000E-2	2.652659E-3
3.100000E-2	2.606216E-3
3.090000E-2	2.561203E-3
3.080000E-2	2.516190E-3
3.070000E-2	2.471748E-3
3.060000E-2	2.428166E-3
3.050000E-2	2.384391E-3
3.040000E-2	2.341952E-3
3.030000E-2	2.300850E-3
3.020000E-2	2.260892E-3
3.010000E-2	2.222075E-3
3.000000E-2	2.184024E-3
2.990000E-2	2.146354E-3
2.980000E-2	2.109637E-3
2.970000E-2	2.073874E-3
2.960000E-2	2.038110E-3
2.950000E-2	2.003395E-3
2.940000E-2	1.968587E-3
2.930000E-2	1.934350E-3
2.920000E-2	1.900016E-3
2.910000E-2	1.866826E-3
2.900000E-2	1.834115E-3
2.890000E-2	1.802166E-3
2.880000E-2	1.770981E-3
2.870000E-2	1.740272E-3
2.860000E-2	1.710614E-3
2.850000E-2	1.681431E-3
2.840000E-2	1.652629E-3
2.830000E-2	1.624591E-3
2.820000E-2	1.597508E-3
2.810000E-2	1.570518E-3
2.800000E-2	1.544578E-3
2.790000E-2	1.519306E-3
2.780000E-2	1.495751E-3
2.770000E-2	1.472194E-3
2.760000E-2	1.449306E-3
2.750000E-2	1.426705E-3
2.740000E-2	1.405532E-3
2.730000E-2	1.384838E-3
2.720000E-2	1.364333E-3
2.710000E-2	1.344974E-3
2.700000E-2	1.326378E-3
2.690000E-2	1.308735E-3
2.680000E-2	1.291187E-3
2.670000E-2	1.274403E-3
2.660000E-2	1.257617E-3
2.650000E-2	1.240739E-3
2.640000E-2	1.224335E-3
2.630000E-2	1.207359E-3
2.620000E-2	1.191719E-3
2.610000E-2	1.176554E-3
2.600000E-2	1.161773E-3
2.590000E-2	1.147851E-3
2.580000E-2	1.134021E-3
2.570000E-2	1.120766E-3
2.560000E-2	1.106556E-3
2.550000E-2	1.094444E-3
2.540000E-2	1.082046E-3
2.530000E-2	1.070602E-3
2.520000E-2	1.058967E-3
2.510000E-2	1.048287E-3
2.500000E-2	1.038081E-3
2.490000E-2	1.029308E-3
2.480000E-2	1.020727E-3
2.470000E-2	1.013096E-3
2.460000E-2	1.005943E-3
2.450000E-2	9.990753E-4
2.440000E-2	9.923990E-4
2.430000E-2	9.861042E-4
2.420000E-2	9.794290E-4
2.410000E-2	9.726584E-4
2.400000E-2	9.657909E-4
2.390000E-2	9.579703E-4
2.380000E-2	9.504361E-4
2.370000E-2	9.420437E-4
2.360000E-2	9.345094E-4
2.350000E-2	9.255447E-4
2.340000E-2	9.167710E-4
2.330000E-2	9.075202E-4
2.320000E-2	8.980788E-4
2.310000E-2	8.880653E-4
2.300000E-2	8.776703E-4
2.290000E-2	8.670844E-4
2.280000E-2	8.562126E-4
2.270000E-2	8.450545E-4
2.260000E-2	8.342780E-4
2.250000E-2	8.228339E-4
2.240000E-2	8.113898E-4
2.230000E-2	7.998504E-4
2.220000E-2	7.881202E-4
2.210000E-2	7.769623E-4
2.200000E-2	7.651366E-4
2.190000E-2	7.536926E-4
2.180000E-2	7.432021E-4
2.170000E-2	7.316628E-4
2.160000E-2	7.206001E-4
2.150000E-2	7.099188E-4
2.140000E-2	6.985702E-4
2.130000E-2	6.868400E-4
2.120000E-2	6.748234E-4
2.110000E-2	6.625214E-4
2.100000E-2	6.505050E-4
2.090000E-2	6.379165E-4
2.080000E-2	6.255187E-4
2.070000E-2	6.127395E-4
2.060000E-2	5.997695E-4
2.050000E-2	5.866089E-4
2.040000E-2	5.735434E-4
2.030000E-2	5.598105E-4
2.020000E-2	5.460777E-4
2.010000E-2	5.325353E-4
2.000000E-2	5.186113E-4
1.990000E-2	5.046876E-4
1.980000E-2	4.907636E-4
1.970000E-2	4.771257E-4
1.960000E-2	4.630113E-4
1.950000E-2	4.491827E-4
1.940000E-2	4.353542E-4
1.930000E-2	4.219073E-4
1.920000E-2	4.083651E-4
1.910000E-2	3.949183E-4
1.900000E-2	3.817576E-4
1.890000E-2	3.686924E-4
1.880000E-2	3.555317E-4
1.870000E-2	3.428478E-4
1.860000E-2	3.300686E-4
1.850000E-2	3.174799E-4
1.840000E-2	3.049869E-4
1.830000E-2	2.922077E-4
1.820000E-2	2.795238E-4
1.810000E-2	2.669351E-4
1.800000E-2	2.541557E-4
1.790000E-2	2.416624E-4
1.780000E-2	2.285969E-4
1.770000E-2	2.157223E-4
1.760000E-2	2.027521E-4
1.750000E-2	1.899729E-4
1.740000E-2	1.770983E-4
1.730000E-2	1.648912E-4
1.720000E-2	1.522072E-4
1.710000E-2	1.401909E-4
1.700000E-2	1.279839E-4
1.690000E-2	1.162535E-4
1.680000E-2	1.049048E-4
1.670000E-2	9.393753E-5
1.660000E-2	8.306554E-5
1.650000E-2	7.267038E-5
1.640000E-2	6.246601E-5
1.630000E-2	5.292921E-5
1.620000E-2	4.358317E-5
1.610000E-2	3.490469E-5
1.600000E-2	2.594007E-5
1.590000E-2	1.764309E-5
1.580000E-2	9.632158E-6
1.570000E-2	1.430517E-6
1.560000E-2	-6.389649E-6
1.550000E-2	-1.459132E-5
1.540000E-2	-2.250684E-5
1.530000E-2	-3.137604E-5
1.520000E-2	-4.053140E-5
1.510000E-2	-5.044966E-5
1.500000E-2	-6.170308E-5
1.490000E-2	-7.514991E-5
1.480000E-2	-9.031345E-5
1.470000E-2	-1.100545E-4
1.460000E-2	-1.354225E-4
1.450000E-2	-1.686105E-4
1.440000E-2	-2.133381E-4
1.430000E-2	-2.734200E-4
1.420000E-2	-3.540060E-4
1.410000E-2	-4.600549E-4
1.400000E-2	-5.980522E-4
1.390000E-2	-7.705725E-4
1.380000E-2	-9.815273E-4
1.370000E-2	-1.225765E-3
1.360000E-2	-1.502999E-3
1.350000E-2	-1.802074E-3
1.340000E-2	-2.115547E-3
1.330000E-2	-2.430548E-3
1.320000E-2	-2.734292E-3
1.310000E-2	-3.018013E-3
1.300000E-2	-3.268925E-3
1.290000E-2	-3.479878E-3
1.280000E-2	-3.644578E-3
1.270000E-2	-3.756636E-3
1.260000E-2	-3.812903E-3
1.250000E-2	-3.810519E-3
1.240000E-2	-3.751485E-3
1.230000E-2	-3.637710E-3
1.220000E-2	-3.474347E-3
1.210000E-2	-3.270928E-3
1.200000E-2	-3.040328E-3
1.190000E-2	-2.796570E-3
1.180000E-2	-2.554527E-3
1.170000E-2	-2.324117E-3
1.160000E-2	-2.117264E-3
1.150000E-2	-1.942168E-3
1.140000E-2	-1.800263E-3
1.130000E-2	-1.692685E-3
1.120000E-2	-1.617344E-3
1.110000E-2	-1.569756E-3
1.100000E-2	-1.545439E-3
1.090000E-2	-1.538665E-3
1.080000E-2	-1.544101E-3
1.070000E-2	-1.557738E-3
1.060000E-2	-1.575097E-3
1.050000E-2	-1.591786E-3
1.040000E-2	-1.605518E-3
1.030000E-2	-1.611908E-3
1.020000E-2	-1.610287E-3
1.010000E-2	-1.599223E-3
1.000000E-2	-1.576813E-3
9.900000E-3	-1.544101E-3
9.800000E-3	-1.500136E-3
9.700000E-3	-1.445968E-3
9.600000E-3	-1.382645E-3
9.500000E-3	-1.311023E-3
9.400000E-3	-1.232250E-3
9.300000E-3	-1.148517E-3
9.200000E-3	-1.061446E-3
9.100000E-3	-9.718953E-4
9.000000E-3	-8.816763E-4
8.900000E-3	-7.922213E-4
8.800000E-3	-7.039107E-4
8.700000E-3	-6.180797E-4
8.600000E-3	-5.351098E-4
8.500000E-3	-4.550007E-4
8.400000E-3	-3.786109E-4
8.300000E-3	-3.058450E-4
8.200000E-3	-2.368939E-4
8.100000E-3	-1.715670E-4
8.000000E-3	-1.105314E-4
7.900000E-3	-5.378758E-5
7.800000E-3	-9.536725E-7
7.700000E-3	4.806543E-5
7.600000E-3	9.422360E-5
7.500000E-3	1.358992E-4
7.400000E-3	1.753817E-4
7.300000E-3	2.122892E-4
7.200000E-3	2.460494E-4
7.100000E-3	2.773301E-4
7.000000E-3	3.065128E-4
6.900000E-3	3.335971E-4
6.800000E-3	3.586788E-4
6.700000E-3	3.816624E-4
6.600000E-3	4.028338E-4
6.500000E-3	4.214305E-4
6.400000E-3	4.379293E-4
6.300000E-3	4.529021E-4
6.200000E-3	4.654909E-4
6.100000E-3	4.758859E-4
6.000000E-3	4.847552E-4
5.900000E-3	4.926710E-4
5.800000E-3	4.988701E-4
5.700000E-3	5.039247E-4
5.600000E-3	5.081209E-4
5.500000E-3	5.108870E-4
5.400000E-3	5.128899E-4
5.300000E-3	5.139387E-4
5.200000E-3	5.128897E-4
5.100000E-3	5.108871E-4
5.000000E-3	5.074539E-4
4.900000E-3	5.029715E-4
4.800000E-3	4.969631E-4
4.700000E-3	4.902870E-4
4.600000E-3	4.818941E-4
4.500000E-3	4.735012E-4
4.400000E-3	4.631062E-4
4.300000E-3	4.525203E-4
4.200000E-3	4.410762E-4
4.100000E-3	4.283924E-4
4.000000E-3	4.147548E-4
3.900000E-3	4.001635E-4
3.800000E-3	3.853816E-4
3.700000E-3	3.697414E-4
3.600000E-3	3.529568E-4
3.500000E-3	3.358860E-4
3.400000E-3	3.180523E-4
3.300000E-3	2.998371E-4
3.200000E-3	2.807635E-4
3.100000E-3	2.614038E-4
3.000000E-3	2.405180E-4
2.900000E-3	2.198228E-4
2.800000E-3	1.978884E-4
2.700000E-3	1.756677E-4
2.600000E-3	1.531609E-4
2.500000E-3	1.300819E-4
2.400000E-3	1.063354E-4
2.300000E-3	8.258861E-5
2.200000E-3	5.817446E-5
2.100000E-3	3.356952E-5
2.000000E-3	8.392413E-6
1.900000E-3	-1.735695E-5
1.800000E-3	-4.377392E-5
1.700000E-3	-7.123984E-5
1.600000E-3	-9.908719E-5
1.500000E-3	-1.276977E-4
1.400000E-3	-1.567849E-4
1.300000E-3	-1.874933E-4
1.200000E-3	-2.181065E-4
1.100000E-3	-2.502456E-4
1.000000E-3	-2.832429E-4
9.000000E-4	-3.173848E-4
8.000000E-4	-3.532428E-4
7.000000E-4	-3.912944E-4
6.000000E-4	-4.316351E-4
5.000000E-4	-4.743603E-4
4.000000E-4	-5.197557E-4
3.000000E-4	-5.683936E-4
2.000000E-4	-6.210364E-4
1.000000E-4	-6.775893E-4
6.071532E-18	-7.390060E-4
-1.000000E-4	-8.055724E-4
-2.000000E-4	-8.765262E-4
-3.000000E-4	-9.532987E-4
-4.000000E-4	-1.034744E-3
-5.000000E-4	-1.120097E-3
-6.000000E-4	-1.208122E-3
-7.000000E-4	-1.298148E-3
-8.000000E-4	-1.387603E-3
-9.000000E-4	-1.473338E-3
-1.000000E-3	-1.554210E-3
-1.100000E-3	-1.627167E-3
-1.200000E-3	-1.690013E-3
-1.300000E-3	-1.738745E-3
-1.400000E-3	-1.773840E-3
-1.500000E-3	-1.790627E-3
-1.600000E-3	-1.788529E-3
-1.700000E-3	-1.767262E-3
-1.800000E-3	-1.727588E-3
-1.900000E-3	-1.669605E-3
-2.000000E-3	-1.595027E-3
-2.100000E-3	-1.508054E-3
-2.200000E-3	-1.411445E-3
-2.300000E-3	-1.311310E-3
-2.400000E-3	-1.211269E-3
-2.500000E-3	-1.115996E-3
-2.600000E-3	-1.031500E-3
-2.700000E-3	-9.607361E-4
-2.800000E-3	-9.078069E-4
-2.900000E-3	-8.749048E-4
-3.000000E-3	-8.621254E-4
-3.100000E-3	-8.694687E-4
-3.200000E-3	-8.956948E-4
-3.300000E-3	-9.392783E-4
-3.400000E-3	-9.985025E-4
-3.500000E-3	-1.069170E-3
-3.600000E-3	-1.148231E-3
-3.700000E-3	-1.232441E-3
-3.800000E-3	-1.316936E-3
-3.900000E-3	-1.399524E-3
-4.000000E-3	-1.476486E-3
-4.100000E-3	-1.544483E-3
-4.200000E-3	-1.602085E-3
-4.300000E-3	-1.646812E-3
-4.400000E-3	-1.679810E-3
-4.500000E-3	-1.700313E-3
-4.600000E-3	-1.708610E-3
-4.700000E-3	-1.707276E-3
-4.800000E-3	-1.696881E-3
-4.900000E-3	-1.679142E-3
-5.000000E-3	-1.655205E-3
-5.100000E-3	-1.626500E-3
-5.200000E-3	-1.593885E-3
-5.300000E-3	-1.558311E-3
-5.400000E-3	-1.520450E-3
-5.500000E-3	-1.480587E-3
-5.600000E-3	-1.439769E-3
-5.700000E-3	-1.398381E-3
-5.800000E-3	-1.357372E-3
-5.900000E-3	-1.316364E-3
-6.000000E-3	-1.275451E-3
-6.100000E-3	-1.234539E-3
-6.200000E-3	-1.192481E-3
-6.300000E-3	-1.150044E-3
-6.400000E-3	-1.104838E-3
-6.500000E-3	-1.057633E-3
-6.600000E-3	-1.006991E-3
-6.700000E-3	-9.539661E-4
-6.800000E-3	-8.979843E-4
-6.900000E-3	-8.386648E-4
-7.000000E-3	-7.767714E-4
-7.100000E-3	-7.140197E-4
-7.200000E-3	-6.500281E-4
-7.300000E-3	-5.860361E-4
-7.400000E-3	-5.223305E-4
-7.500000E-3	-4.605320E-4
-7.600000E-3	-4.006406E-4
-7.700000E-3	-3.449459E-4
-7.800000E-3	-2.945918E-4
-7.900000E-3	-2.521529E-4
-8.000000E-3	-2.199183E-4
-8.100000E-3	-2.011309E-4
-8.200000E-3	-1.990329E-4
-8.300000E-3	-2.165805E-4
-8.400000E-3	-2.565397E-4
-8.500000E-3	-3.209131E-4
-8.600000E-3	-4.119895E-4
-8.700000E-3	-5.287199E-4
-8.800000E-3	-6.684339E-4
-8.900000E-3	-8.289378E-4
-9.000000E-3	-1.005464E-3
-9.100000E-3	-1.194294E-3
-9.200000E-3	-1.387698E-3
-9.300000E-3	-1.579387E-3
-9.400000E-3	-1.764592E-3
-9.500000E-3	-1.937686E-3
-9.600000E-3	-2.091896E-3
-9.700000E-3	-2.224079E-3
-9.800000E-3	-2.331176E-3
-9.900000E-3	-2.413002E-3
-1.000000E-2	-2.470031E-3
-1.010000E-2	-2.506175E-3
-1.020000E-2	-2.527157E-3
-1.030000E-2	-2.541843E-3
-1.040000E-2	-2.561965E-3
-1.050000E-2	-2.601258E-3
-1.060000E-2	-2.670207E-3
-1.070000E-2	-2.780261E-3
-1.080000E-2	-2.941052E-3
-1.090000E-2	-3.159824E-3
-1.100000E-2	-3.438871E-3
-1.110000E-2	-3.773422E-3
-1.120000E-2	-4.151654E-3
-1.130000E-2	-4.555252E-3
-1.140000E-2	-4.957133E-3
-1.150000E-2	-5.331738E-3
-1.160000E-2	-5.634720E-3
-1.170000E-2	-5.828221E-3
-1.180000E-2	-5.873520E-3
-1.190000E-2	-5.742960E-3
-1.200000E-2	-5.408507E-3
-1.210000E-2	-4.857185E-3
-1.220000E-2	-4.078316E-3
-1.230000E-2	-3.070659E-3
-1.240000E-2	-1.857577E-3
-1.250000E-2	-4.673988E-4
-1.260000E-2	1.081283E-3
-1.270000E-2	2.759378E-3
-1.280000E-2	4.530932E-3
-1.290000E-2	6.372106E-3
-1.300000E-2	8.217287E-3
-1.310000E-2	1.002497E-2
-1.320000E-2	1.175258E-2
-1.330000E-2	1.337288E-2
-1.340000E-2	1.485975E-2
-1.350000E-2	1.620638E-2
-1.360000E-2	1.739731E-2
-1.370000E-2	1.844236E-2
-1.380000E-2	1.934797E-2
-1.390000E-2	2.011941E-2
-1.400000E-2	2.077343E-2
-1.410000E-2	2.132370E-2
-1.420000E-2	2.178633E-2
-1.430000E-2	2.217067E-2
-1.440000E-2	2.248567E-2
-1.450000E-2	2.273487E-2
-1.460000E-2	2.292950E-2
-1.470000E-2	2.307713E-2
-1.480000E-2	2.318442E-2
-1.490000E-2	2.325613E-2
-1.500000E-2	2.329027E-2
-1.510000E-2	2.328482E-2
-1.520000E-2	2.323993E-2
-1.530000E-2	2.315524E-2
-1.540000E-2	2.303078E-2
-1.550000E-2	2.286456E-2
-1.560000E-2	2.265283E-2
-1.570000E-2	2.238753E-2
-1.580000E-2	2.206205E-2
-1.590000E-2	2.166093E-2
-1.600000E-2	2.117064E-2
-1.610000E-2	2.057308E-2
-1.620000E-2	1.984484E-2
-1.630000E-2	1.897795E-2
-1.640000E-2	1.796075E-2
-1.650000E-2	1.678352E-2
-1.660000E-2	1.544915E-2
-1.670000E-2	1.396140E-2
-1.680000E-2	1.236703E-2
-1.690000E-2	1.065775E-2
-1.700000E-2	8.888392E-3
-1.710000E-2	7.083450E-3
-1.720000E-2	5.283482E-3
-1.730000E-2	3.505439E-3
-1.740000E-2	1.813517E-3
-1.750000E-2	2.413745E-4
-1.760000E-2	-1.192290E-3
-1.770000E-2	-2.438655E-3
-1.780000E-2	-3.483124E-3
-1.790000E-2	-4.310442E-3
-1.800000E-2	-4.928425E-3
-1.810000E-2	-5.330972E-3
-1.820000E-2	-5.539447E-3
-1.830000E-2	-5.576546E-3
-1.840000E-2	-5.471163E-3
-1.850000E-2	-5.255823E-3
-1.860000E-2	-4.962187E-3
-1.870000E-2	-4.624775E-3
-1.880000E-2	-4.273534E-3
-1.890000E-2	-3.934596E-3
-1.900000E-2	-3.626175E-3
-1.910000E-2	-3.360957E-3
-1.920000E-2	-3.142946E-3
-1.930000E-2	-2.971761E-3
-1.940000E-2	-2.843586E-3
-1.950000E-2	-2.752605E-3
-1.960000E-2	-2.688043E-3
-1.970000E-2	-2.641215E-3
-1.980000E-2	-2.602401E-3
-1.990000E-2	-2.562633E-3
-2.000000E-2	-2.513996E-3
-2.010000E-2	-2.449813E-3
-2.020000E-2	-2.365128E-3
-2.030000E-2	-2.258315E-3
-2.040000E-2	-2.128901E-3
-2.050000E-2	-1.980316E-3
-2.060000E-2	-1.814948E-3
-2.070000E-2	-1.637944E-3
-2.080000E-2	-1.454171E-3
-2.090000E-2	-1.269061E-3
-2.100000E-2	-1.088148E-3
-2.110000E-2	-9.138156E-4
-2.120000E-2	-7.534066E-4
-2.130000E-2	-6.123577E-4
-2.140000E-2	-4.922893E-4
-2.150000E-2	-3.958724E-4
-2.160000E-2	-3.228206E-4
-2.170000E-2	-2.725616E-4
-2.180000E-2	-2.442372E-4
-2.190000E-2	-2.353681E-4
-2.200000E-2	-2.429020E-4
-2.210000E-2	-2.644553E-4
-2.220000E-2	-2.979294E-4
-2.230000E-2	-3.403680E-4
-2.240000E-2	-3.895782E-4
-2.250000E-2	-4.430797E-4
-2.260000E-2	-5.004913E-4
-2.270000E-2	-5.604777E-4
-2.280000E-2	-6.214176E-4
-2.290000E-2	-6.820713E-4
-2.300000E-2	-7.422485E-4
-2.310000E-2	-8.006135E-4
-2.320000E-2	-8.579310E-4
-2.330000E-2	-9.126716E-4
-2.340000E-2	-9.649332E-4
-2.350000E-2	-1.015670E-3
-2.360000E-2	-1.064403E-3
-2.370000E-2	-1.111228E-3
-2.380000E-2	-1.156242E-3
-2.390000E-2	-1.200015E-3
-2.400000E-2	-1.242837E-3
-2.410000E-2	-1.285369E-3
-2.420000E-2	-1.327045E-3
-2.430000E-2	-1.368721E-3
-2.440000E-2	-1.409538E-3
-2.450000E-2	-1.450451E-3
-2.460000E-2	-1.490027E-3
-2.470000E-2	-1.529033E-3
-2.480000E-2	-1.566417E-3
-2.490000E-2	-1.601131E-3
-2.500000E-2	-1.632030E-3
-2.510000E-2	-1.658161E-3
-2.520000E-2	-1.677521E-3
-2.530000E-2	-1.689727E-3
-2.540000E-2	-1.692494E-3
-2.550000E-2	-1.685913E-3
-2.560000E-2	-1.668460E-3
-2.570000E-2	-1.640327E-3
-2.580000E-2	-1.601132E-3
-2.590000E-2	-1.550778E-3
-2.600000E-2	-1.489837E-3
-2.610000E-2	-1.420219E-3
-2.620000E-2	-1.344213E-3
-2.630000E-2	-1.265724E-3
-2.640000E-2	-1.188191E-3
-2.650000E-2	-1.114566E-3
-2.660000E-2	-1.049905E-3
-2.670000E-2	-9.960219E-4
-2.680000E-2	-9.564458E-4
-2.690000E-2	-9.325070E-4
-2.700000E-2	-9.271664E-4
-2.710000E-2	-9.392790E-4
-2.720000E-2	-9.693193E-4
-2.730000E-2	-1.015478E-3
-2.740000E-2	-1.076228E-3
-2.750000E-2	-1.147277E-3
-2.760000E-2	-1.226623E-3
-2.770000E-2	-1.311021E-3
-2.780000E-2	-1.395901E-3
-2.790000E-2	-1.478393E-3
-2.800000E-2	-1.554592E-3
-2.810000E-2	-1.620682E-3
-2.820000E-2	-1.675232E-3
-2.830000E-2	-1.715572E-3
-2.840000E-2	-1.739891E-3
-2.850000E-2	-1.748284E-3
-2.860000E-2	-1.740559E-3
-2.870000E-2	-1.717384E-3
-2.880000E-2	-1.680001E-3
-2.890000E-2	-1.629741E-3
-2.900000E-2	-1.569183E-3
-2.910000E-2	-1.500709E-3
-2.920000E-2	-1.425464E-3
-2.930000E-2	-1.347263E-3
-2.940000E-2	-1.266009E-3
-2.950000E-2	-1.184279E-3
-2.960000E-2	-1.103981E-3
-2.970000E-2	-1.025968E-3
-2.980000E-2	-9.499597E-4
-2.990000E-2	-8.772903E-4
-3.000000E-2	-8.082433E-4
-3.010000E-2	-7.434888E-4
-3.020000E-2	-6.814993E-4
-3.030000E-2	-6.244691E-4
-3.040000E-2	-5.707773E-4
-3.050000E-2	-5.208995E-4
-3.060000E-2	-4.739787E-4
-3.070000E-2	-4.301096E-4
-3.080000E-2	-3.885292E-4
-3.090000E-2	-3.496190E-4
-3.100000E-2	-3.125208E-4
-3.110000E-2	-2.773301E-4
-3.120000E-2	-2.434742E-4
-3.130000E-2	-2.111447E-4
-3.140000E-2	-1.799594E-4
-3.150000E-2	-1.497277E-4
-3.160000E-2	-1.208312E-4
-3.170000E-2	-9.241160E-5
-3.180000E-2	-6.485028E-5
-3.190000E-2	-3.738418E-5
-3.200000E-2	-1.115807E-5
-3.210000E-2	1.478207E-5
-3.220000E-2	3.986384E-5
-3.230000E-2	6.494564E-5
-3.240000E-2	8.859681E-5
-3.250000E-2	1.125342E-4
-3.260000E-2	1.361853E-4
-3.270000E-2	1.585015E-4
-3.280000E-2	1.814854E-4
-3.290000E-2	2.035153E-4
-3.300000E-2	2.249731E-4
-3.310000E-2	2.460495E-4
-3.320000E-2	2.659812E-4
-3.330000E-2	2.851503E-4
-3.340000E-2	3.041284E-4
-3.350000E-2	3.223437E-4
-3.360000E-2	3.396052E-4
-3.370000E-2	3.569620E-4
-3.380000E-2	3.730791E-4
-3.390000E-2	3.892917E-4
-3.400000E-2	4.044552E-4
-3.410000E-2	4.188557E-4
-3.420000E-2	4.327793E-4
-3.430000E-2	4.455587E-4
-3.440000E-2	4.573843E-4
-3.450000E-2	4.685426E-4
-3.460000E-2	4.781751E-4
-3.470000E-2	4.865680E-4
-3.480000E-2	4.943880E-4
-3.490000E-2	5.002056E-4
-3.500000E-2	5.053555E-4
-3.510000E-2	5.090748E-4
-3.520000E-2	5.117452E-4
-3.530000E-2	5.131757E-4
-3.540000E-2	5.138433E-4
-3.550000E-2	5.129850E-4
-3.560000E-2	5.109822E-4
-3.570000E-2	5.076439E-4
-3.580000E-2	5.030660E-4
-3.590000E-2	4.969627E-4
-3.600000E-2	4.898100E-4
-3.610000E-2	4.806546E-4
-3.620000E-2	4.699732E-4
-3.630000E-2	4.580524E-4
-3.640000E-2	4.440334E-4
-3.650000E-2	4.281071E-4
-3.660000E-2	4.103685E-4
-3.670000E-2	3.905318E-4
-3.680000E-2	3.688835E-4
-3.690000E-2	3.451366E-4
-3.700000E-2	3.193871E-4
-3.710000E-2	2.917303E-4
-3.720000E-2	2.617848E-4
-3.730000E-2	2.295505E-4
-3.740000E-2	1.946460E-4
-3.750000E-2	1.571664E-4
-3.760000E-2	1.172073E-4
-3.770000E-2	7.286110E-5
-3.780000E-2	2.641695E-5
-3.790000E-2	-2.317437E-5
-3.800000E-2	-7.696196E-5
-3.810000E-2	-1.349456E-4
-3.820000E-2	-1.964579E-4
-3.830000E-2	-2.619757E-4
-3.840000E-2	-3.314990E-4
-3.850000E-2	-4.044556E-4
-3.860000E-2	-4.807500E-4
-3.870000E-2	-5.587607E-4
-3.880000E-2	-6.402050E-4
-3.890000E-2	-7.229846E-4
-3.900000E-2	-8.068136E-4
-3.910000E-2	-8.903555E-4
-3.920000E-2	-9.724679E-4
-3.930000E-2	-1.051909E-3
-3.940000E-2	-1.128965E-3
-3.950000E-2	-1.201160E-3
-3.960000E-2	-1.268202E-3
-3.970000E-2	-1.327902E-3
-3.980000E-2	-1.379592E-3
-3.990000E-2	-1.424130E-3
-4.000000E-2	-1.459892E-3
-4.010000E-2	-1.487835E-3
-4.020000E-2	-1.508242E-3
-4.030000E-2	-1.521784E-3
-4.040000E-2	-1.530464E-3
-4.050000E-2	-1.535327E-3
-4.060000E-2	-1.538379E-3
-4.070000E-2	-1.542862E-3
-4.080000E-2	-1.552112E-3
-4.090000E-2	-1.570137E-3
-4.100000E-2	-1.601419E-3
-4.110000E-2	-1.649388E-3
-4.120000E-2	-1.717575E-3
-4.130000E-2	-1.806270E-3
-4.140000E-2	-1.916992E-3
-4.150000E-2	-2.046787E-3
-4.160000E-2	-2.192890E-3
-4.170000E-2	-2.349770E-3
-4.180000E-2	-2.512658E-3
-4.190000E-2	-2.676690E-3
-4.200000E-2	-2.836145E-3
-4.210000E-2	-2.986160E-3
-4.220000E-2	-3.121583E-3
-4.230000E-2	-3.232971E-3
-4.240000E-2	-3.316324E-3
-4.250000E-2	-3.367634E-3
-4.260000E-2	-3.381555E-3
-4.270000E-2	-3.357617E-3
-4.280000E-2	-3.292004E-3
-4.290000E-2	-3.189579E-3
-4.300000E-2	-3.053206E-3
-4.310000E-2	-2.887074E-3
-4.320000E-2	-2.698722E-3
-4.330000E-2	-2.495017E-3
-4.340000E-2	-2.282537E-3
-4.350000E-2	-2.065000E-3
-4.360000E-2	-1.848229E-3
-4.370000E-2	-1.635560E-3
-4.380000E-2	-1.428993E-3
-4.390000E-2	-1.234538E-3
-4.400000E-2	-1.051526E-3
-4.410000E-2	-8.832030E-4
-4.420000E-2	-7.313765E-4
-4.430000E-2	-5.982429E-4
-4.440000E-2	-4.838967E-4
-4.450000E-2	-3.872894E-4
-4.460000E-2	-3.074661E-4
-4.470000E-2	-2.433791E-4
-4.480000E-2	-1.921665E-4
-4.490000E-2	-1.517303E-4
-4.500000E-2	-1.202590E-4
-4.510000E-2	-9.546333E-5
-4.520000E-2	-7.486376E-5
-4.530000E-2	-5.836519E-5
-4.540000E-2	-4.472755E-5
-4.550000E-2	-3.232971E-5
-4.560000E-2	-2.183924E-5
-4.570000E-2	-1.201638E-5
-4.580000E-2	-2.193465E-6
-4.590000E-2	7.057247E-6
-4.600000E-2	1.583104E-5
-4.610000E-2	2.527251E-5
-4.620000E-2	3.452321E-5
-4.630000E-2	4.367854E-5
-4.640000E-2	5.340604E-5
-4.650000E-2	6.389655E-5
-4.660000E-2	7.400547E-5
-4.670000E-2	8.459138E-5
-4.680000E-2	9.555868E-5
-4.690000E-2	1.062399E-4
-4.700000E-2	1.177795E-4
-4.710000E-2	1.295096E-4
-4.720000E-2	1.414307E-4
-4.730000E-2	1.535423E-4
-4.740000E-2	1.657494E-4
-4.750000E-2	1.782426E-4
-4.760000E-2	1.911174E-4
-4.770000E-2	2.033246E-4
-4.780000E-2	2.160085E-4
-4.790000E-2	2.289786E-4
-4.800000E-2	2.416626E-4
-4.810000E-2	2.545372E-4
-4.820000E-2	2.674117E-4
-4.830000E-2	2.803818E-4
-4.840000E-2	2.936379E-4
-4.850000E-2	3.069894E-4
-4.860000E-2	3.204362E-4
-4.870000E-2	3.340737E-4
-4.880000E-2	3.479023E-4
-4.890000E-2	3.617307E-4
-4.900000E-2	3.758449E-4
-4.910000E-2	3.899593E-4
-4.920000E-2	4.036923E-4
-4.930000E-2	4.178068E-4
-4.940000E-2	4.318262E-4
-4.950000E-2	4.460362E-4
-4.960000E-2	4.602458E-4
-4.970000E-2	4.750281E-4
-4.980000E-2	4.902870E-4
-4.990000E-2	5.049736E-4
-5.000000E-2	5.193741E-4
-5.010000E-2	5.338700E-4
-5.020000E-2	5.483660E-4
-5.030000E-2	5.625758E-4
-5.040000E-2	5.764042E-4
-5.050000E-2	5.895650E-4
-5.060000E-2	6.024398E-4
-5.070000E-2	6.151236E-4
-5.080000E-2	6.269493E-4
-5.090000E-2	6.386794E-4
-5.100000E-2	6.502189E-4
-5.110000E-2	6.618538E-4
-5.120000E-2	6.735840E-4
-5.130000E-2	6.856002E-4
-5.140000E-2	6.972350E-4
-5.150000E-2	7.086794E-4
-5.160000E-2	7.197417E-4
-5.170000E-2	7.305183E-4
-5.180000E-2	7.411041E-4
-5.190000E-2	7.512131E-4
-5.200000E-2	7.621802E-4
-5.210000E-2	7.730521E-4
-5.220000E-2	7.837332E-4
-5.230000E-2	7.945097E-4
-5.240000E-2	8.050003E-4
-5.250000E-2	8.154906E-4
-5.260000E-2	8.257903E-4
-5.270000E-2	8.360901E-4
-5.280000E-2	8.457221E-4
-5.290000E-2	8.558310E-4
-5.300000E-2	8.652724E-4
-5.310000E-2	8.749045E-4
-5.320000E-2	8.837736E-4
-5.330000E-2	8.932150E-4
-5.340000E-2	9.019888E-4
-5.350000E-2	9.112397E-4
-5.360000E-2	9.201090E-4
-5.370000E-2	9.285971E-4
-5.380000E-2	9.375617E-4
-5.390000E-2	9.461454E-4
-5.400000E-2	9.553002E-4
-5.410000E-2	9.635027E-4
-5.420000E-2	9.720858E-4
-5.430000E-2	9.803825E-4
-5.440000E-2	9.888709E-4
-5.450000E-2	9.970723E-4
-5.460000E-2	1.005751E-3
-5.470000E-2	1.014811E-3
-5.480000E-2	1.023681E-3
-5.490000E-2	1.033026E-3
-5.500000E-2	1.042563E-3
-5.510000E-2	1.052291E-3
-5.520000E-2	1.062019E-3
-5.530000E-2	1.072318E-3
-5.540000E-2	1.082811E-3
-5.550000E-2	1.093968E-3
-5.560000E-2	1.105601E-3
-5.570000E-2	1.117428E-3
-5.580000E-2	1.128967E-3
-5.590000E-2	1.141461E-3
-5.600000E-2	1.154240E-3
-5.610000E-2	1.167591E-3
-5.620000E-2	1.181991E-3
-5.630000E-2	1.197346E-3
-5.640000E-2	1.212796E-3
-5.650000E-2	1.228913E-3
-5.660000E-2	1.245793E-3
-5.670000E-2	1.264008E-3
-5.680000E-2	1.281936E-3
-5.690000E-2	1.300820E-3
-5.700000E-2	1.320179E-3
-5.710000E-2	1.340780E-3
-5.720000E-2	1.361949E-3
-5.730000E-2	1.384075E-3
-5.740000E-2	1.406487E-3
-5.750000E-2	1.429851E-3
-5.760000E-2	1.453694E-3
-5.770000E-2	1.478394E-3
-5.780000E-2	1.503856E-3
-5.790000E-2	1.529701E-3
-5.800000E-2	1.555833E-3
-5.810000E-2	1.582059E-3
-5.820000E-2	1.609525E-3
-5.830000E-2	1.637468E-3
-5.840000E-2	1.666363E-3
-5.850000E-2	1.696308E-3
-5.860000E-2	1.726063E-3
-5.870000E-2	1.756486E-3
-5.880000E-2	1.787003E-3
-5.890000E-2	1.817808E-3
-5.900000E-2	1.849757E-3
-5.910000E-2	1.882660E-3
-5.920000E-2	1.916611E-3
-5.930000E-2	1.951420E-3
-5.940000E-2	1.987852E-3
-5.950000E-2	2.024282E-3
-5.960000E-2	2.061761E-3
-5.970000E-2	2.098764E-3
-5.980000E-2	2.135384E-3
-5.990000E-2	2.172199E-3
-6.000000E-2	2.208628E-3
-6.010000E-2	2.245820E-3
-6.020000E-2	2.283777E-3
-6.030000E-2	2.323356E-3
-6.040000E-2	2.363887E-3
-6.050000E-2	2.406325E-3
-6.060000E-2	2.450197E-3
-6.070000E-2	2.495781E-3
-6.080000E-2	2.541938E-3
-6.090000E-2	2.588668E-3
-6.100000E-2	2.635684E-3
-6.110000E-2	2.682414E-3
-6.120000E-2	2.729525E-3
-6.130000E-2	2.776829E-3
-6.140000E-2	2.824322E-3
-6.150000E-2	2.872863E-3
-6.160000E-2	2.922359E-3
-6.170000E-2	2.972906E-3
-6.180000E-2	3.023925E-3
-6.190000E-2	3.076759E-3
-6.200000E-2	3.130165E-3
-6.210000E-2	3.185383E-3
-6.220000E-2	3.241555E-3
-6.230000E-2	3.298489E-3
-6.240000E-2	3.355995E-3
-6.250000E-2	3.414934E-3
-6.260000E-2	3.475014E-3
-6.270000E-2	3.536336E-3
-6.280000E-2	3.598136E-3
-6.290000E-2	3.660508E-3
-6.300000E-2	3.724024E-3
-6.310000E-2	3.788495E-3
-6.320000E-2	3.854584E-3
-6.330000E-2	3.920483E-3
-6.340000E-2	3.986955E-3
-6.350000E-2	4.054665E-3
-6.360000E-2	4.123522E-3
-6.370000E-2	4.195429E-3
-6.380000E-2	4.268101E-3
-6.390000E-2	4.341914E-3
-6.400000E-2	4.417351E-3
-6.410000E-2	4.493836E-3
-6.420000E-2	4.573849E-3
-6.430000E-2	4.654054E-3
-6.440000E-2	4.738074E-3
-6.450000E-2	4.824572E-3
-6.460000E-2	4.913741E-3
-6.470000E-2	5.007297E-3
-6.480000E-2	5.102664E-3
-6.490000E-2	5.200321E-3
-6.500000E-2	5.298549E-3
-6.510000E-2	5.396968E-3
-6.520000E-2	5.496246E-3
-6.530000E-2	5.595715E-3
-6.540000E-2	5.696422E-3
-6.550000E-2	5.798370E-3
-6.560000E-2	5.902703E-3
-6.570000E-2	6.007033E-3
-6.580000E-2	6.111747E-3
-6.590000E-2	6.219036E-3
-6.600000E-2	6.328135E-3
-6.610000E-2	6.440385E-3
-6.620000E-2	6.553777E-3
-6.630000E-2	6.669362E-3
-6.640000E-2	6.786378E-3
-6.650000E-2	6.905968E-3
-6.660000E-2	7.025943E-3
-6.670000E-2	7.148397E-3
-6.680000E-2	7.272947E-3
-6.690000E-2	7.400745E-3
-6.700000E-2	7.529970E-3
-6.710000E-2	7.661009E-3
-6.720000E-2	7.792901E-3
-6.730000E-2	7.925177E-3
-6.740000E-2	8.058595E-3
-6.750000E-2	8.192302E-3
-6.760000E-2	8.326389E-3
-6.770000E-2	8.458571E-3
-6.780000E-2	8.589128E-3
-6.790000E-2	8.716637E-3
-6.800000E-2	8.839853E-3
-6.810000E-2	8.958680E-3
-6.820000E-2	9.076074E-3
-6.830000E-2	9.189570E-3
-6.840000E-2	9.298478E-3
-6.850000E-2	9.400903E-3
-6.860000E-2	9.498752E-3
-6.870000E-2	9.594117E-3
-6.880000E-2	9.684623E-3
-6.890000E-2	9.771986E-3
-6.900000E-2	9.854093E-3
-6.910000E-2	9.930575E-3
-6.920000E-2	9.998095E-3
-6.930000E-2	1.005675E-2
-6.940000E-2	1.010605E-2
-6.950000E-2	1.014506E-2
-6.960000E-2	1.017643E-2
-6.970000E-2	1.020027E-2
-6.980000E-2	1.021753E-2
-6.990000E-2	1.022774E-2
-7.000000E-2	1.023117E-2
-7.010000E-2	1.023012E-2
-7.020000E-2	1.022364E-2
-7.030000E-2	1.021019E-2
-7.040000E-2	1.019275E-2
-7.050000E-2	1.017081E-2
-7.060000E-2	1.014543E-2
-7.070000E-2	1.011873E-2
-7.080000E-2	1.008898E-2
-7.090000E-2	1.005751E-2
-7.100000E-2	1.002231E-2
-7.110000E-2	9.985129E-3
-7.120000E-2	9.945258E-3
-7.130000E-2	9.901869E-3
-7.140000E-2	9.855996E-3
-7.150000E-2	9.805647E-3
-7.160000E-2	9.750334E-3
-7.170000E-2	9.693686E-3
-7.180000E-2	9.636074E-3
-7.190000E-2	9.579530E-3
-7.200000E-2	9.522974E-3
-7.210000E-2	9.466520E-3
-7.220000E-2	9.409102E-3
-7.230000E-2	9.349401E-3
-7.240000E-2	9.289329E-3
-7.250000E-2	9.226285E-3
-7.260000E-2	9.162963E-3
-7.270000E-2	9.098780E-3
-7.280000E-2	9.034788E-3
-7.290000E-2	8.971847E-3
-7.300000E-2	8.908618E-3
-7.310000E-2	8.846628E-3
-7.320000E-2	8.783306E-3
-7.330000E-2	8.718359E-3
-7.340000E-2	8.653415E-3
-7.350000E-2	8.588373E-3
-7.360000E-2	8.522284E-3
-7.370000E-2	8.453426E-3
-7.380000E-2	8.382949E-3
-7.390000E-2	8.310947E-3
-7.400000E-2	8.240948E-3
-7.410000E-2	8.172565E-3
-7.420000E-2	8.108762E-3
-7.430000E-2	8.049060E-3
-7.440000E-2	7.993364E-3
-7.450000E-2	7.940530E-3
-7.460000E-2	7.889219E-3
-7.470000E-2	7.837622E-3
-7.480000E-2	7.785553E-3
-7.490000E-2	7.733767E-3
-7.500000E-2	7.682838E-3
-7.510000E-2	7.634487E-3
-7.520000E-2	7.586325E-3
-7.530000E-2	7.537305E-3
-7.540000E-2	7.487331E-3
-7.550000E-2	7.438028E-3
-7.560000E-2	7.391583E-3
-7.570000E-2	7.346664E-3
-7.580000E-2	7.304033E-3
-7.590000E-2	7.262453E-3
-7.600000E-2	7.222205E-3
-7.610000E-2	7.182056E-3
-7.620000E-2	7.143241E-3
-7.630000E-2	7.106048E-3
-7.640000E-2	7.070380E-3
-7.650000E-2	7.036907E-3
-7.660000E-2	7.004102E-3
-7.670000E-2	6.971961E-3
-7.680000E-2	6.939823E-3
-7.690000E-2	6.906824E-3
-7.700000E-2	6.870968E-3
-7.710000E-2	6.833202E-3
-7.720000E-2	6.793624E-3
-7.730000E-2	6.753284E-3
-7.740000E-2	6.714279E-3
-7.750000E-2	6.676322E-3
-7.760000E-2	6.640655E-3
-7.770000E-2	6.607658E-3
-7.780000E-2	6.575996E-3
-7.790000E-2	6.545668E-3
-7.800000E-2	6.514101E-3
-7.810000E-2	6.482441E-3
-7.820000E-2	6.451445E-3
-7.830000E-2	6.421024E-3
-7.840000E-2	6.391556E-3
-7.850000E-2	6.362945E-3
-7.860000E-2	6.335001E-3
-7.870000E-2	6.308013E-3
-7.880000E-2	6.279401E-3
-7.890000E-2	6.250316E-3
-7.900000E-2	6.221991E-3
-7.910000E-2	6.193763E-3
-7.920000E-2	6.167536E-3
-7.930000E-2	6.143601E-3
-7.940000E-2	6.120807E-3
-7.950000E-2	6.098776E-3
-7.960000E-2	6.076748E-3
-7.970000E-2	6.053668E-3
-7.980000E-2	6.029635E-3
-7.990000E-2	6.007033E-3
-8.000000E-2	5.984813E-3
-8.010000E-2	5.963451E-3
-8.020000E-2	5.941325E-3
-8.030000E-2	5.918532E-3
-8.040000E-2	5.895836E-3
-8.050000E-2	5.872565E-3
-8.060000E-2	5.851204E-3
-8.070000E-2	5.831938E-3
-8.080000E-2	5.814106E-3
-8.090000E-2	5.797799E-3
-8.100000E-2	5.781202E-3
-8.110000E-2	5.763845E-3
-8.120000E-2	5.744201E-3
-8.130000E-2	5.721312E-3
-8.140000E-2	5.696708E-3
-8.150000E-2	5.670482E-3
-8.160000E-2	5.645115E-3
-8.170000E-2	5.619269E-3
-8.180000E-2	5.592949E-3
-8.190000E-2	5.568725E-3
-8.200000E-2	5.545360E-3
-8.210000E-2	5.524094E-3
-8.220000E-2	5.506355E-3
-8.230000E-2	5.492526E-3
-8.240000E-2	5.481655E-3
-8.250000E-2	5.473834E-3
-8.260000E-2	5.466111E-3
-8.270000E-2	5.458099E-3
-8.280000E-2	5.445700E-3
-8.290000E-2	5.428439E-3
-8.300000E-2	5.407935E-3
-8.310000E-2	5.385143E-3
-8.320000E-2	5.362826E-3
-8.330000E-2	5.341657E-3
-8.340000E-2	5.321437E-3
-8.350000E-2	5.304079E-3
-8.360000E-2	5.289395E-3
-8.370000E-2	5.276711E-3
-8.380000E-2	5.265265E-3
-8.390000E-2	5.252297E-3
-8.400000E-2	5.238086E-3
-8.410000E-2	5.221872E-3
-8.420000E-2	5.204994E-3
-8.430000E-2	5.188781E-3
-8.440000E-2	5.173809E-3
-8.450000E-2	5.158837E-3
-8.460000E-2	5.143577E-3
-8.470000E-2	5.128032E-3
-8.480000E-2	5.112297E-3
-8.490000E-2	5.095893E-3
-8.500000E-2	5.080444E-3
-8.510000E-2	5.065948E-3
-8.520000E-2	5.051929E-3
-8.530000E-2	5.038005E-3
-8.540000E-2	5.024463E-3
-8.550000E-2	5.011492E-3
-8.560000E-2	5.000335E-3
-8.570000E-2	4.990322E-3
-8.580000E-2	4.980879E-3
-8.590000E-2	4.972678E-3
-8.600000E-2	4.964095E-3
-8.610000E-2	4.954653E-3
-8.620000E-2	4.944832E-3
-8.630000E-2	4.933197E-3
-8.640000E-2	4.920513E-3
-8.650000E-2	4.907065E-3
-8.660000E-2	4.893046E-3
-8.670000E-2	4.878360E-3
-8.680000E-2	4.862530E-3
-8.690000E-2	4.845744E-3
-8.700000E-2	4.829436E-3
-8.710000E-2	4.813606E-3
-8.720000E-2	4.799205E-3
-8.730000E-2	4.785663E-3
-8.740000E-2	4.773551E-3
-8.750000E-2	4.763632E-3
-8.760000E-2	4.756957E-3
-8.770000E-2	4.752092E-3
-8.780000E-2	4.747896E-3
-8.790000E-2	4.741890E-3
-8.800000E-2	4.733210E-3
-8.810000E-2	4.722529E-3
-8.820000E-2	4.711468E-3
-8.830000E-2	4.701262E-3
-8.840000E-2	4.693347E-3
-8.850000E-2	4.688101E-3
-8.860000E-2	4.684193E-3
-8.870000E-2	4.680472E-3
-8.880000E-2	4.675990E-3
-8.890000E-2	4.669695E-3
-8.900000E-2	4.661686E-3
-8.910000E-2	4.652054E-3
-8.920000E-2	4.639942E-3
-8.930000E-2	4.626972E-3
-8.940000E-2	4.613239E-3
-8.950000E-2	4.600173E-3
-8.960000E-2	4.588443E-3
-8.970000E-2	4.578048E-3
-8.980000E-2	4.569179E-3
-8.990000E-2	4.561930E-3
-9.000000E-2	4.556303E-3
-9.010000E-2	4.551441E-3
-9.020000E-2	4.547817E-3
-9.030000E-2	4.543335E-3
-9.040000E-2	4.537707E-3
-9.050000E-2	4.530651E-3
-9.060000E-2	4.523021E-3
-9.070000E-2	4.515296E-3
-9.080000E-2	4.506426E-3
-9.090000E-2	4.498036E-3
-9.100000E-2	4.489357E-3
-9.110000E-2	4.481251E-3
-9.120000E-2	4.473525E-3
-9.130000E-2	4.465897E-3
-9.140000E-2	4.458551E-3
-9.150000E-2	4.450733E-3
-9.160000E-2	4.443676E-3
-9.170000E-2	4.438048E-3
-9.180000E-2	4.431850E-3
-9.190000E-2	4.425841E-3
-9.200000E-2	4.418881E-3
-9.210000E-2	4.411344E-3
-9.220000E-2	4.403430E-3
-9.230000E-2	4.395610E-3
-9.240000E-2	4.387504E-3
-9.250000E-2	4.379302E-3
-9.260000E-2	4.370242E-3
-9.270000E-2	4.362230E-3
-9.280000E-2	4.355461E-3
-9.290000E-2	4.349453E-3
-9.300000E-2	4.344207E-3
-9.310000E-2	4.338677E-3
-9.320000E-2	4.333622E-3
-9.330000E-2	4.328854E-3
-9.340000E-2	4.323130E-3
-9.350000E-2	4.317790E-3
-9.360000E-2	4.312451E-3
-9.370000E-2	4.307394E-3
-9.380000E-2	4.302437E-3
-9.390000E-2	4.297954E-3
-9.400000E-2	4.293186E-3
-9.410000E-2	4.289180E-3
-9.420000E-2	4.285270E-3
-9.430000E-2	4.281647E-3
-9.440000E-2	4.277260E-3
-9.450000E-2	4.273159E-3
-9.460000E-2	4.267914E-3
-9.470000E-2	4.262477E-3
-9.480000E-2	4.256946E-3
-9.490000E-2	4.250271E-3
-9.500000E-2	4.243500E-3
-9.510000E-2	4.236918E-3
-9.520000E-2	4.230148E-3
-9.530000E-2	4.224711E-3
-9.540000E-2	4.220039E-3
-9.550000E-2	4.214889E-3
-9.560000E-2	4.209548E-3
-9.570000E-2	4.203160E-3
-9.580000E-2	4.196101E-3
-9.590000E-2	4.188377E-3
-9.600000E-2	4.181319E-3
-9.610000E-2	4.174835E-3
-9.620000E-2	4.168731E-3
-9.630000E-2	4.163773E-3
-9.640000E-2	4.159958E-3
-9.650000E-2	4.157096E-3
-9.660000E-2	4.155380E-3
-9.670000E-2	4.153281E-3
-9.680000E-2	4.152804E-3
-9.690000E-2	4.152613E-3
-9.700000E-2	4.152804E-3
-9.710000E-2	4.152613E-3
-9.720000E-2	4.152234E-3
-9.730000E-2	4.151949E-3
-9.740000E-2	4.152613E-3
-9.750000E-2	4.153378E-3
-9.760000E-2	4.153662E-3
-9.770000E-2	4.153472E-3
-9.780000E-2	4.153091E-3
-9.790000E-2	4.151184E-3
-9.800000E-2	4.149182E-3
-9.810000E-2	4.146320E-3
-9.820000E-2	4.142886E-3
-9.830000E-2	4.139168E-3
-9.840000E-2	4.136497E-3
-9.850000E-2	4.133159E-3
-9.860000E-2	4.129915E-3
-9.870000E-2	4.125626E-3
-9.880000E-2	4.120666E-3
-9.890000E-2	4.114277E-3
-9.900000E-2	4.107219E-3
-9.910000E-2	4.100830E-3
-9.920000E-2	4.095584E-3
-9.930000E-2	4.092820E-3
-9.940000E-2	4.090816E-3
-9.950000E-2	4.089099E-3
-9.960000E-2	4.087860E-3
-9.970000E-2	4.085951E-3
-9.980000E-2	4.083949E-3
-9.990000E-2	4.080515E-3
-1.000000E-1	4.076988E-3
-1.001000E-1	4.072410E-3
-1.002000E-1	4.067547E-3
-1.003000E-1	4.061919E-3
-1.004000E-1	4.056198E-3
-1.005000E-1	4.051811E-3
-1.006000E-1	4.048186E-3
-1.007000E-1	4.046089E-3
-1.008000E-1	4.044753E-3
-1.009000E-1	4.043895E-3
-1.010000E-1	4.043419E-3
-1.011000E-1	4.041892E-3
-1.012000E-1	4.039795E-3
-1.013000E-1	4.038174E-3
-1.014000E-1	4.036457E-3
-1.015000E-1	4.035311E-3
-1.016000E-1	4.033976E-3
-1.017000E-1	4.033023E-3
-1.018000E-1	4.031784E-3
-1.019000E-1	4.030734E-3
-1.020000E-1	4.029590E-3
-1.021000E-1	4.028064E-3
-1.022000E-1	4.025489E-3
-1.023000E-1	4.021388E-3
-1.024000E-1	4.016811E-3
-1.025000E-1	4.010707E-3
-1.026000E-1	4.004317E-3
-1.027000E-1	3.996402E-3
-1.028000E-1	3.990204E-3
-1.029000E-1	3.985339E-3
-1.030000E-1	3.982762E-3
-1.031000E-1	3.981905E-3
-1.032000E-1	3.981715E-3
-1.033000E-1	3.980855E-3
-1.034000E-1	3.978853E-3
-1.035000E-1	3.976277E-3
-1.036000E-1	3.973322E-3
-1.037000E-1	3.970365E-3
-1.038000E-1	3.966264E-3
-1.039000E-1	3.963881E-3
-1.040000E-1	3.961973E-3
-1.041000E-1	3.961971E-3
-1.042000E-1	3.962162E-3
-1.043000E-1	3.962259E-3
-1.044000E-1	3.962067E-3
-1.045000E-1	3.961114E-3
-1.046000E-1	3.959969E-3
-1.047000E-1	3.956439E-3
-1.048000E-1	3.952055E-3
-1.049000E-1	3.946237E-3
-1.050000E-1	3.940991E-3
-1.051000E-1	3.937081E-3
-1.052000E-1	3.934122E-3
-1.053000E-1	3.932502E-3
-1.054000E-1	3.931930E-3
-1.055000E-1	3.931928E-3
-1.056000E-1	3.932024E-3
-1.057000E-1	3.932405E-3
-1.058000E-1	3.933741E-3
-1.059000E-1	3.935078E-3
-1.060000E-1	3.936223E-3
-1.061000E-1	3.938321E-3
-1.062000E-1	3.939275E-3
-1.063000E-1	3.939847E-3
-1.064000E-1	3.937463E-3
-1.065000E-1	3.934983E-3
-1.066000E-1	3.931740E-3
-1.067000E-1	3.929069E-3
-1.068000E-1	3.926303E-3
-1.069000E-1	3.923153E-3
-1.070000E-1	3.920293E-3
