-2.000000E-1	4.743610E-3	2.059950E-4	-1.765233E+0
-1.998000E-1	4.750280E-3	1.926430E-4	-1.763281E+0
-1.996000E-1	4.750280E-3	1.878750E-4	-1.761181E+0
-1.994000E-1	4.752190E-3	1.964580E-4	-1.759720E+0
-1.992000E-1	4.755050E-3	2.059950E-4	-1.758008E+0
-1.990000E-1	4.760770E-3	2.136240E-4	-1.755716E+0
-1.988000E-1	4.758860E-3	2.164850E-4	-1.754245E+0
-1.986000E-1	4.763630E-3	2.164850E-4	-1.752321E+0
-1.984000E-1	4.764590E-3	2.203000E-4	-1.750582E+0
-1.982000E-1	4.763630E-3	2.183920E-4	-1.748853E+0
-1.980000E-1	4.765540E-3	2.212530E-4	-1.746966E+0
-1.978000E-1	4.766490E-3	2.279290E-4	-1.745578E+0
-1.976000E-1	4.770310E-3	2.298360E-4	-1.743479E+0
-1.974000E-1	4.774120E-3	2.317440E-4	-1.741722E+0
-1.972000E-1	4.774120E-3	2.317440E-4	-1.740205E+0
-1.970000E-1	4.774120E-3	2.336510E-4	-1.738162E+0
-1.968000E-1	4.771260E-3	2.365120E-4	-1.737041E+0
-1.966000E-1	4.770310E-3	2.346050E-4	-1.734989E+0
-1.964000E-1	4.772220E-3	2.317440E-4	-1.733454E+0
-1.962000E-1	4.775080E-3	2.260220E-4	-1.731900E+0
-1.960000E-1	4.776030E-3	2.212530E-4	-1.729588E+0
-1.958000E-1	4.767450E-3	2.183920E-4	-1.728302E+0
-1.956000E-1	4.764590E-3	2.183920E-4	-1.726406E+0
-1.954000E-1	4.768400E-3	2.212530E-4	-1.724779E+0
-1.952000E-1	4.771260E-3	2.183920E-4	-1.723261E+0
-1.950000E-1	4.775080E-3	2.117170E-4	-1.721208E+0
-1.948000E-1	4.775080E-3	2.059950E-4	-1.719821E+0
-1.946000E-1	4.776980E-3	2.031340E-4	-1.717961E+0
-1.944000E-1	4.775080E-3	2.107630E-4	-1.716529E+0
-1.942000E-1	4.776030E-3	2.164850E-4	-1.714632E+0
-1.940000E-1	4.779850E-3	2.250680E-4	-1.712903E+0
-1.938000E-1	4.778890E-3	2.260220E-4	-1.711497E+0
-1.936000E-1	4.780800E-3	2.250680E-4	-1.709398E+0
-1.934000E-1	4.783660E-3	2.250680E-4	-1.707816E+0
-1.932000E-1	4.785570E-3	2.231610E-4	-1.706032E+0
-1.930000E-1	4.791290E-3	2.288830E-4	-1.704191E+0
-1.928000E-1	4.792240E-3	2.355580E-4	-1.702970E+0
-1.926000E-1	4.792240E-3	2.326970E-4	-1.700603E+0
-1.924000E-1	4.791290E-3	2.279290E-4	-1.699141E+0
-1.922000E-1	4.790340E-3	2.231610E-4	-1.697300E+0
-1.920000E-1	4.795100E-3	2.222070E-4	-1.695571E+0
-1.918000E-1	4.799870E-3	2.241140E-4	-1.694027E+0
-1.916000E-1	4.803690E-3	2.222070E-4	-1.692158E+0
-1.914000E-1	4.804640E-3	2.231610E-4	-1.690641E+0
-1.912000E-1	4.810360E-3	2.250680E-4	-1.688643E+0
-1.910000E-1	4.815130E-3	2.279290E-4	-1.687312E+0
-1.908000E-1	4.811320E-3	2.279290E-4	-1.685157E+0
-1.906000E-1	4.809410E-3	2.231610E-4	-1.683696E+0
-1.904000E-1	4.806550E-3	2.117170E-4	-1.682105E+0
-1.902000E-1	4.807500E-3	2.107630E-4	-1.679895E+0
-1.900000E-1	4.806550E-3	2.183920E-4	-1.678119E+0
-1.898000E-1	4.809410E-3	2.250680E-4	-1.676176E+0
-1.896000E-1	4.812270E-3	2.317440E-4	-1.674457E+0
-1.894000E-1	4.807500E-3	2.317440E-4	-1.673596E+0
-1.892000E-1	4.807500E-3	2.336510E-4	-1.671793E+0
-1.890000E-1	4.806550E-3	2.355580E-4	-1.670701E+0
-1.888000E-1	4.807500E-3	2.279290E-4	-1.669018E+0
-1.886000E-1	4.814180E-3	2.203000E-4	-1.667352E+0
-1.884000E-1	4.819900E-3	2.164850E-4	-1.665855E+0
-1.882000E-1	4.821810E-3	2.164850E-4	-1.663728E+0
-1.880000E-1	4.820850E-3	2.174390E-4	-1.662257E+0
-1.878000E-1	4.819900E-3	2.145780E-4	-1.660019E+0
-1.876000E-1	4.814180E-3	2.145780E-4	-1.658280E+0
-1.874000E-1	4.805590E-3	2.145780E-4	-1.656884E+0
-1.872000E-1	4.806550E-3	2.164850E-4	-1.654803E+0
-1.870000E-1	4.812270E-3	2.203000E-4	-1.653619E+0
-1.868000E-1	4.814180E-3	2.231610E-4	-1.651556E+0
-1.866000E-1	4.814180E-3	2.307900E-4	-1.649753E+0
-1.864000E-1	4.809410E-3	2.317440E-4	-1.648301E+0
-1.862000E-1	4.810360E-3	2.298360E-4	-1.646368E+0
-1.860000E-1	4.811320E-3	2.346050E-4	-1.644841E+0
-1.858000E-1	4.812270E-3	2.384200E-4	-1.642714E+0
-1.856000E-1	4.810360E-3	2.460500E-4	-1.641318E+0
-1.854000E-1	4.809410E-3	2.479570E-4	-1.639903E+0
-1.852000E-1	4.811320E-3	2.412810E-4	-1.638183E+0
-1.850000E-1	4.814180E-3	2.355580E-4	-1.636573E+0
-1.848000E-1	4.817040E-3	2.317440E-4	-1.634687E+0
-1.846000E-1	4.810360E-3	2.326970E-4	-1.633226E+0
-1.844000E-1	4.806550E-3	2.326970E-4	-1.631348E+0
-1.842000E-1	4.807500E-3	2.374660E-4	-1.629655E+0
-1.840000E-1	4.806550E-3	2.384200E-4	-1.628092E+0
-1.838000E-1	4.810360E-3	2.384200E-4	-1.626187E+0
-1.836000E-1	4.817040E-3	2.403270E-4	-1.624883E+0
-1.834000E-1	4.830390E-3	2.384200E-4	-1.622894E+0
-1.832000E-1	4.838970E-3	2.346050E-4	-1.621396E+0
-1.830000E-1	4.836110E-3	2.279290E-4	-1.619602E+0
-1.828000E-1	4.832300E-3	2.241140E-4	-1.617457E+0
-1.826000E-1	4.828480E-3	2.222070E-4	-1.616180E+0
-1.824000E-1	4.830390E-3	2.222070E-4	-1.614229E+0
-1.822000E-1	4.829440E-3	2.250680E-4	-1.612647E+0
-1.820000E-1	4.824670E-3	2.279290E-4	-1.610696E+0
-1.818000E-1	4.825620E-3	2.317440E-4	-1.608790E+0
-1.816000E-1	4.824670E-3	2.317440E-4	-1.607505E+0
-1.814000E-1	4.820850E-3	2.269750E-4	-1.605424E+0
-1.812000E-1	4.818950E-3	2.250680E-4	-1.603999E+0
-1.810000E-1	4.820850E-3	2.193460E-4	-1.602307E+0
-1.808000E-1	4.829440E-3	2.164850E-4	-1.600484E+0
-1.806000E-1	4.836110E-3	2.183920E-4	-1.599079E+0
-1.804000E-1	4.846600E-3	2.183920E-4	-1.596998E+0
-1.802000E-1	4.856140E-3	2.212530E-4	-1.595546E+0
-1.800000E-1	4.856140E-3	2.241140E-4	-1.593834E+0
-1.798000E-1	4.857090E-3	2.298360E-4	-1.592032E+0
-1.796000E-1	4.858050E-3	2.279290E-4	-1.590792E+0
-1.794000E-1	4.859000E-3	2.183920E-4	-1.588711E+0
-1.792000E-1	4.859000E-3	2.164850E-4	-1.587222E+0
-1.790000E-1	4.856140E-3	2.164850E-4	-1.585576E+0
-1.788000E-1	4.854230E-3	2.174390E-4	-1.583449E+0
-1.786000E-1	4.849460E-3	2.212530E-4	-1.582200E+0
-1.784000E-1	4.849460E-3	2.279290E-4	-1.580137E+0
-1.782000E-1	4.849460E-3	2.346050E-4	-1.578602E+0
-1.780000E-1	4.846600E-3	2.346050E-4	-1.576846E+0
-1.778000E-1	4.849460E-3	2.355580E-4	-1.574847E+0
-1.776000E-1	4.848510E-3	2.365120E-4	-1.573488E+0
-1.774000E-1	4.847560E-3	2.307900E-4	-1.571444E+0
-1.772000E-1	4.847560E-3	2.279290E-4	-1.569834E+0
-1.770000E-1	4.843740E-3	2.231610E-4	-1.568447E+0
-1.768000E-1	4.841830E-3	2.212530E-4	-1.566329E+0
-1.766000E-1	4.838970E-3	2.250680E-4	-1.565127E+0
-1.764000E-1	4.838970E-3	2.250680E-4	-1.563185E+0
-1.762000E-1	4.842790E-3	2.250680E-4	-1.561326E+0
-1.760000E-1	4.838020E-3	2.212530E-4	-1.560022E+0
-1.758000E-1	4.837070E-3	2.183920E-4	-1.557746E+0
-1.756000E-1	4.839930E-3	2.231610E-4	-1.556359E+0
-1.754000E-1	4.841830E-3	2.212530E-4	-1.554777E+0
-1.752000E-1	4.843740E-3	2.174390E-4	-1.552909E+0
-1.750000E-1	4.846600E-3	2.193460E-4	-1.551328E+0
-1.748000E-1	4.845650E-3	2.203000E-4	-1.549450E+0
-1.746000E-1	4.837070E-3	2.231610E-4	-1.548156E+0
-1.744000E-1	4.829440E-3	2.260220E-4	-1.546019E+0
-1.742000E-1	4.832300E-3	2.298360E-4	-1.544622E+0
-1.740000E-1	4.836110E-3	2.317440E-4	-1.542865E+0
-1.738000E-1	4.845650E-3	2.365120E-4	-1.540970E+0
-1.736000E-1	4.849460E-3	2.384200E-4	-1.539638E+0
-1.734000E-1	4.852320E-3	2.365120E-4	-1.537510E+0
-1.732000E-1	4.855190E-3	2.317440E-4	-1.536086E+0
-1.730000E-1	4.855190E-3	2.250680E-4	-1.534143E+0
-1.728000E-1	4.856140E-3	2.212530E-4	-1.532636E+0
-1.726000E-1	4.856140E-3	2.183920E-4	-1.530916E+0
-1.724000E-1	4.857090E-3	2.231610E-4	-1.528946E+0
-1.722000E-1	4.856140E-3	2.279290E-4	-1.527808E+0
-1.720000E-1	4.857090E-3	2.269750E-4	-1.525829E+0
-1.718000E-1	4.859950E-3	2.269750E-4	-1.524266E+0
-1.716000E-1	4.859950E-3	2.250680E-4	-1.522509E+0
-1.714000E-1	4.860910E-3	2.212530E-4	-1.520687E+0
-1.712000E-1	4.861860E-3	2.183920E-4	-1.519207E+0
-1.710000E-1	4.860910E-3	2.193460E-4	-1.517126E+0
-1.708000E-1	4.859000E-3	2.298360E-4	-1.515905E+0
-1.706000E-1	4.859950E-3	2.412810E-4	-1.513778E+0
-1.704000E-1	4.865680E-3	2.479570E-4	-1.512317E+0
-1.702000E-1	4.870440E-3	2.489110E-4	-1.510772E+0
-1.700000E-1	4.871400E-3	2.450960E-4	-1.508977E+0
-1.698000E-1	4.866630E-3	2.384200E-4	-1.507563E+0
-1.696000E-1	4.856140E-3	2.326970E-4	-1.505380E+0
-1.694000E-1	4.852320E-3	2.326970E-4	-1.504011E+0
-1.692000E-1	4.855190E-3	2.298360E-4	-1.502383E+0
-1.690000E-1	4.860910E-3	2.317440E-4	-1.500941E+0
-1.688000E-1	4.861860E-3	2.317440E-4	-1.499322E+0
-1.686000E-1	4.862820E-3	2.307900E-4	-1.497223E+0
-1.684000E-1	4.866630E-3	2.307900E-4	-1.495900E+0
-1.682000E-1	4.874260E-3	2.288830E-4	-1.493606E+0
-1.680000E-1	4.882840E-3	2.298360E-4	-1.491757E+0
-1.678000E-1	4.885700E-3	2.269750E-4	-1.489805E+0
-1.676000E-1	4.881890E-3	2.279290E-4	-1.488122E+0
-1.674000E-1	4.874260E-3	2.279290E-4	-1.486615E+0
-1.672000E-1	4.869490E-3	2.260220E-4	-1.484617E+0
-1.670000E-1	4.872350E-3	2.288830E-4	-1.483368E+0
-1.668000E-1	4.874260E-3	2.317440E-4	-1.481371E+0
-1.666000E-1	4.877120E-3	2.317440E-4	-1.479632E+0
-1.664000E-1	4.872350E-3	2.298360E-4	-1.478124E+0
-1.662000E-1	4.872350E-3	2.269750E-4	-1.476395E+0
-1.660000E-1	4.882840E-3	2.250680E-4	-1.474583E+0
-1.658000E-1	4.889520E-3	2.174390E-4	-1.472973E+0
-1.656000E-1	4.889520E-3	2.117170E-4	-1.470910E+0
-1.654000E-1	4.888560E-3	2.145780E-4	-1.469653E+0
-1.652000E-1	4.884750E-3	2.183920E-4	-1.467720E+0
-1.650000E-1	4.883800E-3	2.222070E-4	-1.466083E+0
-1.648000E-1	4.886660E-3	2.260220E-4	-1.464492E+0
-1.646000E-1	4.894290E-3	2.336510E-4	-1.462448E+0
-1.644000E-1	4.896190E-3	2.384200E-4	-1.461199E+0
-1.642000E-1	4.896190E-3	2.422340E-4	-1.459008E+0
-1.640000E-1	4.896190E-3	2.479570E-4	-1.457573E+0
-1.638000E-1	4.896190E-3	2.498650E-4	-1.455845E+0
-1.636000E-1	4.898100E-3	2.460500E-4	-1.454152E+0
-1.634000E-1	4.894290E-3	2.431880E-4	-1.452376E+0
-1.632000E-1	4.894290E-3	2.431880E-4	-1.450100E+0
-1.630000E-1	4.893330E-3	2.460500E-4	-1.448981E+0
-1.628000E-1	4.895240E-3	2.412810E-4	-1.446669E+0
-1.626000E-1	4.904780E-3	2.317440E-4	-1.445403E+0
-1.624000E-1	4.914310E-3	2.231610E-4	-1.443617E+0
-1.622000E-1	4.922900E-3	2.222070E-4	-1.441703E+0
-1.620000E-1	4.924800E-3	2.241140E-4	-1.440445E+0
-1.618000E-1	4.924800E-3	2.241140E-4	-1.438392E+0
-1.616000E-1	4.920990E-3	2.269750E-4	-1.437079E+0
-1.614000E-1	4.914310E-3	2.288830E-4	-1.435303E+0
-1.612000E-1	4.911450E-3	2.307900E-4	-1.433407E+0
-1.610000E-1	4.912410E-3	2.365120E-4	-1.432158E+0
-1.608000E-1	4.920040E-3	2.422340E-4	-1.430151E+0
-1.606000E-1	4.922900E-3	2.489110E-4	-1.428829E+0
-1.604000E-1	4.922900E-3	2.365120E-4	-1.427303E+0
-1.602000E-1	4.929570E-3	2.260220E-4	-1.425129E+0
-1.600000E-1	4.930530E-3	2.279290E-4	-1.423732E+0
-1.598000E-1	4.927660E-3	2.222070E-4	-1.422400E+0
-1.596000E-1	4.929570E-3	2.231610E-4	-1.420107E+0
-1.594000E-1	4.920990E-3	2.317440E-4	-1.418479E+0
-1.592000E-1	4.920040E-3	2.307900E-4	-1.416990E+0
-1.590000E-1	4.930530E-3	2.317440E-4	-1.415168E+0
-1.588000E-1	4.934340E-3	2.317440E-4	-1.413660E+0
-1.586000E-1	4.942920E-3	2.250680E-4	-1.411977E+0
-1.584000E-1	4.951510E-3	2.317440E-4	-1.409600E+0
-1.582000E-1	4.947690E-3	2.403270E-4	-1.408222E+0
-1.580000E-1	4.949600E-3	2.355580E-4	-1.406548E+0
-1.578000E-1	4.953410E-3	2.355580E-4	-1.404643E+0
-1.576000E-1	4.948650E-3	2.355580E-4	-1.402830E+0
-1.574000E-1	4.950550E-3	2.260220E-4	-1.401471E+0
-1.572000E-1	4.960090E-3	2.279290E-4	-1.399501E+0
-1.570000E-1	4.955320E-3	2.269750E-4	-1.397984E+0
-1.568000E-1	4.953410E-3	2.193460E-4	-1.396189E+0
-1.566000E-1	4.960090E-3	2.212530E-4	-1.394257E+0
-1.564000E-1	4.957230E-3	2.222070E-4	-1.392906E+0
-1.562000E-1	4.956280E-3	2.231610E-4	-1.390484E+0
-1.560000E-1	4.956280E-3	2.279290E-4	-1.388874E+0
-1.558000E-1	4.959140E-3	2.241140E-4	-1.387339E+0
-1.556000E-1	4.976300E-3	2.222070E-4	-1.385415E+0
-1.554000E-1	4.980120E-3	2.346050E-4	-1.383538E+0
-1.552000E-1	4.973440E-3	2.384200E-4	-1.382344E+0
-1.550000E-1	4.974400E-3	2.384200E-4	-1.380264E+0
-1.548000E-1	4.973440E-3	2.450960E-4	-1.378654E+0
-1.546000E-1	4.973440E-3	2.450960E-4	-1.377147E+0
-1.544000E-1	4.982980E-3	2.431880E-4	-1.374853E+0
-1.542000E-1	4.984890E-3	2.431880E-4	-1.373373E+0
-1.540000E-1	4.987750E-3	2.326970E-4	-1.371745E+0
-1.538000E-1	4.999190E-3	2.346050E-4	-1.369239E+0
-1.536000E-1	4.998240E-3	2.412810E-4	-1.367556E+0
-1.534000E-1	4.998240E-3	2.317440E-4	-1.365909E+0
-1.532000E-1	5.004910E-3	2.336510E-4	-1.363931E+0
-1.530000E-1	5.000140E-3	2.403270E-4	-1.362266E+0
-1.528000E-1	4.994420E-3	2.403270E-4	-1.360814E+0
-1.526000E-1	4.996330E-3	2.422340E-4	-1.358492E+0
-1.524000E-1	4.991560E-3	2.470040E-4	-1.356956E+0
-1.522000E-1	4.992510E-3	2.355580E-4	-1.355476E+0
-1.520000E-1	5.000140E-3	2.279290E-4	-1.353451E+0
-1.518000E-1	5.000140E-3	2.269750E-4	-1.351796E+0
-1.516000E-1	4.998240E-3	2.183920E-4	-1.350343E+0
-1.514000E-1	5.006820E-3	2.145780E-4	-1.348319E+0
-1.512000E-1	5.006820E-3	2.241140E-4	-1.346699E+0
-1.510000E-1	4.999190E-3	2.279290E-4	-1.345460E+0
-1.508000E-1	5.003010E-3	2.317440E-4	-1.343269E+0
-1.506000E-1	5.002050E-3	2.422340E-4	-1.341511E+0
-1.504000E-1	5.000140E-3	2.422340E-4	-1.340022E+0
-1.502000E-1	5.011590E-3	2.412810E-4	-1.337988E+0
-1.500000E-1	5.018260E-3	2.431880E-4	-1.336360E+0
-1.498000E-1	5.019220E-3	2.384200E-4	-1.334816E+0
-1.496000E-1	5.027800E-3	2.412810E-4	-1.332928E+0
-1.494000E-1	5.026850E-3	2.450960E-4	-1.331097E+0
-1.492000E-1	5.017310E-3	2.374660E-4	-1.329858E+0
-1.490000E-1	5.018260E-3	2.365120E-4	-1.327555E+0
-1.488000E-1	5.015400E-3	2.431880E-4	-1.325658E+0
-1.486000E-1	5.012540E-3	2.384200E-4	-1.323939E+0
-1.484000E-1	5.016360E-3	2.393730E-4	-1.321903E+0
-1.482000E-1	5.007770E-3	2.470040E-4	-1.320341E+0
-1.480000E-1	5.001100E-3	2.393730E-4	-1.318870E+0
-1.478000E-1	5.015400E-3	2.346050E-4	-1.317150E+0
-1.476000E-1	5.023990E-3	2.412810E-4	-1.315596E+0
-1.474000E-1	5.028750E-3	2.431880E-4	-1.314144E+0
-1.472000E-1	5.040200E-3	2.460500E-4	-1.311962E+0
-1.470000E-1	5.042110E-3	2.546330E-4	-1.310176E+0
-1.468000E-1	5.038290E-3	2.498650E-4	-1.308660E+0
-1.466000E-1	5.045920E-3	2.412810E-4	-1.306653E+0
-1.464000E-1	5.051640E-3	2.422340E-4	-1.304775E+0
-1.462000E-1	5.044010E-3	2.365120E-4	-1.303324E+0
-1.460000E-1	5.044970E-3	2.269750E-4	-1.301659E+0
-1.458000E-1	5.048780E-3	2.346050E-4	-1.299513E+0
-1.456000E-1	5.041150E-3	2.384200E-4	-1.298245E+0
-1.454000E-1	5.040200E-3	2.336510E-4	-1.296618E+0
-1.452000E-1	5.043060E-3	2.365120E-4	-1.294639E+0
-1.450000E-1	5.041150E-3	2.365120E-4	-1.293307E+0
-1.448000E-1	5.047830E-3	2.298360E-4	-1.291411E+0
-1.446000E-1	5.053550E-3	2.317440E-4	-1.289191E+0
-1.444000E-1	5.044010E-3	2.365120E-4	-1.287591E+0
-1.442000E-1	5.041150E-3	2.365120E-4	-1.286057E+0
-1.440000E-1	5.047830E-3	2.431880E-4	-1.284012E+0
-1.438000E-1	5.043060E-3	2.479570E-4	-1.282144E+0
-1.436000E-1	5.042110E-3	2.384200E-4	-1.280349E+0
-1.434000E-1	5.048780E-3	2.355580E-4	-1.278250E+0
-1.432000E-1	5.042110E-3	2.346050E-4	-1.276955E+0
-1.430000E-1	5.044010E-3	2.250680E-4	-1.275059E+0
-1.428000E-1	5.055460E-3	2.269750E-4	-1.273154E+0
-1.426000E-1	5.060230E-3	2.365120E-4	-1.271481E+0
-1.424000E-1	5.063090E-3	2.355580E-4	-1.269973E+0
-1.422000E-1	5.068810E-3	2.346050E-4	-1.267845E+0
-1.420000E-1	5.064990E-3	2.431880E-4	-1.266107E+0
