-2.000000E-1	4.753140E-3	2.126700E-4	-1.764252E+0
-1.995000E-1	4.758860E-3	2.069480E-4	-1.761607E+0
-1.990000E-1	4.763630E-3	1.811990E-4	-1.757463E+0
-1.985000E-1	4.741700E-3	1.564040E-4	-1.753033E+0
-1.980000E-1	4.698780E-3	1.611720E-4	-1.749740E+0
-1.975000E-1	4.680660E-3	2.050410E-4	-1.745375E+0
-1.970000E-1	4.708320E-3	2.346050E-4	-1.740889E+0
-1.965000E-1	4.695920E-3	2.250680E-4	-1.736145E+0
-1.960000E-1	4.676850E-3	2.336510E-4	-1.732353E+0
-1.955000E-1	4.683520E-3	2.717990E-4	-1.728190E+0
-1.950000E-1	4.725490E-3	3.042240E-4	-1.723872E+0
-1.945000E-1	4.787470E-3	2.927800E-4	-1.719534E+0
-1.940000E-1	4.814180E-3	2.412810E-4	-1.715160E+0
-1.935000E-1	4.781750E-3	2.088560E-4	-1.711182E+0
-1.930000E-1	4.748370E-3	2.269750E-4	-1.707150E+0
-1.925000E-1	4.762680E-3	2.422340E-4	-1.702443E+0
-1.920000E-1	4.773170E-3	2.203000E-4	-1.698391E+0
-1.915000E-1	4.769360E-3	2.403270E-4	-1.694267E+0
-1.910000E-1	4.793200E-3	2.546330E-4	-1.689781E+0
-1.905000E-1	4.797970E-3	2.317440E-4	-1.685980E+0
-1.900000E-1	4.788430E-3	2.517720E-4	-1.681707E+0
-1.895000E-1	4.810360E-3	2.622620E-4	-1.677730E+0
-1.890000E-1	4.829440E-3	2.317440E-4	-1.673642E+0
-1.885000E-1	4.805590E-3	2.107630E-4	-1.669573E+0
-1.880000E-1	4.814180E-3	2.136240E-4	-1.665004E+0
-1.875000E-1	4.836110E-3	2.107630E-4	-1.660259E+0
-1.870000E-1	4.810360E-3	1.964580E-4	-1.656116E+0
-1.865000E-1	4.779850E-3	2.212530E-4	-1.652241E+0
-1.860000E-1	4.793200E-3	2.536790E-4	-1.647885E+0
-1.855000E-1	4.832300E-3	2.498650E-4	-1.643695E+0
-1.850000E-1	4.838020E-3	2.174390E-4	-1.639330E+0
-1.845000E-1	4.791290E-3	1.983650E-4	-1.635084E+0
-1.840000E-1	4.746470E-3	2.145780E-4	-1.631190E+0
-1.835000E-1	4.756960E-3	2.412810E-4	-1.626992E+0
-1.830000E-1	4.802730E-3	2.164850E-4	-1.622340E+0
-1.825000E-1	4.820850E-3	1.735700E-4	-1.617826E+0
-1.820000E-1	4.799870E-3	1.659400E-4	-1.613905E+0
-1.815000E-1	4.782710E-3	2.117170E-4	-1.609798E+0
-1.810000E-1	4.810360E-3	2.536790E-4	-1.605469E+0
-1.805000E-1	4.844700E-3	2.393730E-4	-1.601178E+0
-1.800000E-1	4.838020E-3	2.059950E-4	-1.597164E+0
-1.795000E-1	4.788430E-3	2.183920E-4	-1.593224E+0
-1.790000E-1	4.765540E-3	2.651230E-4	-1.588887E+0
-1.785000E-1	4.786520E-3	2.698920E-4	-1.584207E+0
-1.780000E-1	4.785570E-3	2.431880E-4	-1.580083E+0
-1.775000E-1	4.774120E-3	2.479570E-4	-1.575921E+0
-1.770000E-1	4.824670E-3	2.555870E-4	-1.571203E+0
-1.765000E-1	4.879980E-3	2.384200E-4	-1.567014E+0
-1.760000E-1	4.890470E-3	1.993190E-4	-1.562602E+0
-1.755000E-1	4.872350E-3	1.783380E-4	-1.558579E+0
-1.750000E-1	4.848510E-3	2.193460E-4	-1.554574E+0
-1.745000E-1	4.849460E-3	2.775210E-4	-1.550330E+0
-1.740000E-1	4.885700E-3	2.861040E-4	-1.545843E+0
-1.735000E-1	4.897150E-3	2.412810E-4	-1.541339E+0
-1.730000E-1	4.861860E-3	2.098090E-4	-1.537390E+0
-1.725000E-1	4.826580E-3	2.279290E-4	-1.533219E+0
-1.720000E-1	4.825620E-3	2.584480E-4	-1.528234E+0
-1.715000E-1	4.819900E-3	2.346050E-4	-1.523934E+0
-1.710000E-1	4.799870E-3	2.193460E-4	-1.520113E+0
-1.705000E-1	4.811320E-3	2.346050E-4	-1.515711E+0
-1.700000E-1	4.846600E-3	2.260220E-4	-1.511308E+0
-1.695000E-1	4.847560E-3	2.288830E-4	-1.507378E+0
-1.690000E-1	4.873310E-3	2.384200E-4	-1.502763E+0
-1.685000E-1	4.871400E-3	2.079020E-4	-1.498380E+0
-1.680000E-1	4.840880E-3	2.050410E-4	-1.494347E+0
-1.675000E-1	4.838970E-3	2.365120E-4	-1.490111E+0
-1.670000E-1	4.878070E-3	2.470040E-4	-1.485837E+0
-1.665000E-1	4.904780E-3	2.145780E-4	-1.481509E+0
-1.660000E-1	4.903820E-3	2.021800E-4	-1.478087E+0
-1.655000E-1	4.913360E-3	2.279290E-4	-1.473445E+0
-1.650000E-1	4.918130E-3	2.117170E-4	-1.468940E+0
-1.645000E-1	4.879030E-3	1.850140E-4	-1.464519E+0
-1.640000E-1	4.842790E-3	1.916890E-4	-1.460672E+0
-1.635000E-1	4.864720E-3	2.183920E-4	-1.455965E+0
-1.630000E-1	4.885700E-3	2.002730E-4	-1.451525E+0
-1.625000E-1	4.872350E-3	1.945500E-4	-1.447363E+0
-1.620000E-1	4.836110E-3	2.193460E-4	-1.443044E+0
-1.615000E-1	4.819900E-3	2.613090E-4	-1.438845E+0
-1.610000E-1	4.859950E-3	2.994560E-4	-1.433989E+0
-1.605000E-1	4.909550E-3	2.851500E-4	-1.429420E+0
-1.600000E-1	4.909550E-3	2.565400E-4	-1.425416E+0
-1.595000E-1	4.935290E-3	2.698920E-4	-1.420884E+0
-1.590000E-1	4.963900E-3	2.622620E-4	-1.416602E+0
-1.585000E-1	4.942920E-3	2.498650E-4	-1.412976E+0
-1.580000E-1	4.958180E-3	2.737060E-4	-1.408546E+0
-1.575000E-1	4.998240E-3	2.832430E-4	-1.404190E+0
-1.570000E-1	4.991560E-3	2.594010E-4	-1.400010E+0
-1.565000E-1	4.964860E-3	2.479570E-4	-1.394682E+0
-1.560000E-1	4.938160E-3	2.098090E-4	-1.390224E+0
-1.555000E-1	4.920040E-3	2.031340E-4	-1.386479E+0
-1.550000E-1	4.934340E-3	2.145780E-4	-1.381614E+0
-1.545000E-1	4.933390E-3	1.945500E-4	-1.377359E+0
-1.540000E-1	4.929570E-3	1.993190E-4	-1.373031E+0
-1.535000E-1	4.966770E-3	2.193460E-4	-1.368869E+0
-1.530000E-1	4.998240E-3	2.155310E-4	-1.364467E+0
-1.525000E-1	4.993470E-3	2.241140E-4	-1.360268E+0
-1.520000E-1	5.010630E-3	2.365120E-4	-1.355699E+0
-1.515000E-1	5.019220E-3	2.136240E-4	-1.351417E+0
-1.510000E-1	5.009680E-3	2.098090E-4	-1.346977E+0
-1.505000E-1	5.024940E-3	2.050410E-4	-1.342557E+0
-1.500000E-1	5.007770E-3	1.993190E-4	-1.338136E+0
-1.495000E-1	5.003960E-3	2.203000E-4	-1.333511E+0
-1.490000E-1	5.019220E-3	2.002730E-4	-1.329469E+0
-1.485000E-1	4.996330E-3	1.659400E-4	-1.324992E+0
-1.480000E-1	4.958180E-3	1.621260E-4	-1.320554E+0
-1.475000E-1	4.986790E-3	2.164850E-4	-1.316207E+0
-1.470000E-1	5.042110E-3	2.632160E-4	-1.311472E+0
-1.465000E-1	5.066900E-3	2.584480E-4	-1.307032E+0
-1.460000E-1	5.031620E-3	2.431880E-4	-1.303027E+0
-1.455000E-1	5.035430E-3	2.489110E-4	-1.298338E+0
-1.450000E-1	5.057360E-3	2.203000E-4	-1.293852E+0
-1.445000E-1	5.042110E-3	1.840600E-4	-1.289617E+0
-1.440000E-1	5.026850E-3	1.935970E-4	-1.285334E+0
-1.435000E-1	5.066900E-3	2.164850E-4	-1.280803E+0
-1.430000E-1	5.093600E-3	1.993190E-4	-1.276086E+0
-1.425000E-1	5.055460E-3	1.745230E-4	-1.271776E+0
-1.420000E-1	5.017310E-3	1.964580E-4	-1.267346E+0
-1.415000E-1	5.043060E-3	2.117170E-4	-1.263045E+0
-1.410000E-1	5.065950E-3	1.945500E-4	-1.258420E+0
-1.405000E-1	5.047830E-3	1.745230E-4	-1.254333E+0
-1.400000E-1	5.004910E-3	1.850140E-4	-1.250227E+0
-1.395000E-1	5.006820E-3	2.183920E-4	-1.245843E+0
-1.390000E-1	5.027800E-3	2.269750E-4	-1.241958E+0
-1.385000E-1	5.035430E-3	2.441420E-4	-1.237057E+0
-1.380000E-1	5.068810E-3	2.431880E-4	-1.232607E+0
-1.375000E-1	5.064990E-3	2.279290E-4	-1.228270E+0
-1.370000E-1	5.077390E-3	2.298360E-4	-1.223830E+0
-1.365000E-1	5.095510E-3	2.117170E-4	-1.219086E+0
-1.360000E-1	5.078350E-3	1.907360E-4	-1.214785E+0
-1.355000E-1	5.046870E-3	2.117170E-4	-1.210734E+0
-1.350000E-1	5.074530E-3	2.346050E-4	-1.205878E+0
-1.345000E-1	5.088840E-3	2.288830E-4	-1.201643E+0
-1.340000E-1	5.073580E-3	2.441420E-4	-1.197379E+0
-1.335000E-1	5.103140E-3	2.470040E-4	-1.192385E+0
-1.330000E-1	5.114590E-3	2.136240E-4	-1.188121E+0
-1.325000E-1	5.095510E-3	1.878750E-4	-1.183941E+0
-1.320000E-1	5.112680E-3	1.859670E-4	-1.179816E+0
-1.315000E-1	5.134610E-3	1.726160E-4	-1.174923E+0
-1.310000E-1	5.097420E-3	1.678480E-4	-1.170475E+0
-1.305000E-1	5.051640E-3	2.183920E-4	-1.166183E+0
-1.300000E-1	5.044970E-3	2.784750E-4	-1.161911E+0
-1.295000E-1	5.074530E-3	2.899190E-4	-1.157119E+0
-1.290000E-1	5.069760E-3	2.594010E-4	-1.152986E+0
-1.285000E-1	5.057360E-3	2.784750E-4	-1.148370E+0
-1.280000E-1	5.073580E-3	3.070850E-4	-1.143949E+0
-1.275000E-1	5.115540E-3	2.975480E-4	-1.139186E+0
-1.270000E-1	5.097420E-3	2.698920E-4	-1.134960E+0
-1.265000E-1	5.062130E-3	2.784750E-4	-1.130760E+0
-1.260000E-1	5.085020E-3	2.660770E-4	-1.125821E+0
-1.255000E-1	5.094560E-3	2.346050E-4	-1.121762E+0
-1.250000E-1	5.087880E-3	2.479570E-4	-1.117350E+0
-1.245000E-1	5.120310E-3	2.365120E-4	-1.112411E+0
-1.240000E-1	5.132700E-3	1.888280E-4	-1.107851E+0
-1.235000E-1	5.113630E-3	1.850140E-4	-1.103754E+0
-1.230000E-1	5.133660E-3	2.183920E-4	-1.099112E+0
-1.225000E-1	5.162270E-3	2.117170E-4	-1.094515E+0
-1.220000E-1	5.150820E-3	2.021800E-4	-1.090502E+0
-1.215000E-1	5.145100E-3	2.279290E-4	-1.085729E+0
-1.210000E-1	5.153690E-3	2.212530E-4	-1.081234E+0
-1.205000E-1	5.122210E-3	2.317440E-4	-1.076970E+0
-1.200000E-1	5.113630E-3	2.574940E-4	-1.072697E+0
-1.195000E-1	5.129840E-3	2.288830E-4	-1.067629E+0
-1.190000E-1	5.113630E-3	1.964580E-4	-1.063116E+0
-1.185000E-1	5.122210E-3	2.260220E-4	-1.058686E+0
-1.180000E-1	5.159410E-3	2.384200E-4	-1.054108E+0
-1.175000E-1	5.142240E-3	2.183920E-4	-1.049751E+0
-1.170000E-1	5.115540E-3	2.307900E-4	-1.045219E+0
-1.165000E-1	5.135570E-3	2.346050E-4	-1.040447E+0
-1.160000E-1	5.119350E-3	2.174390E-4	-1.036257E+0
-1.155000E-1	5.101230E-3	2.098090E-4	-1.031920E+0
-1.150000E-1	5.144150E-3	2.088560E-4	-1.027554E+0
-1.145000E-1	5.190880E-3	1.745230E-4	-1.023161E+0
-1.140000E-1	5.200420E-3	1.411450E-4	-1.018037E+0
-1.135000E-1	5.159410E-3	1.678480E-4	-1.013737E+0
-1.130000E-1	5.137470E-3	2.250680E-4	-1.009010E+0
-1.125000E-1	5.120310E-3	2.241140E-4	-1.004396E+0
-1.120000E-1	5.115540E-3	2.450960E-4	-1.000187E+0
-1.115000E-1	5.141290E-3	2.841970E-4	-9.954098E-1
-1.110000E-1	5.170850E-3	2.813360E-4	-9.909650E-1
-1.105000E-1	5.180390E-3	2.832430E-4	-9.867062E-1
-1.100000E-1	5.232840E-3	2.717990E-4	-9.818990E-1
-1.095000E-1	5.268130E-3	2.145780E-4	-9.769900E-1
-1.090000E-1	5.252870E-3	1.811990E-4	-9.725730E-1
-1.085000E-1	5.264310E-3	2.260220E-4	-9.681348E-1
-1.080000E-1	5.307230E-3	2.708450E-4	-9.636005E-1
-1.075000E-1	5.359680E-3	2.536790E-4	-9.589059E-1
-1.070000E-1	5.383520E-3	2.088560E-4	-9.547165E-1
-1.065000E-1	5.370170E-3	2.145780E-4	-9.500342E-1
-1.060000E-1	5.372080E-3	2.012260E-4	-9.445812E-1
-1.055000E-1	5.352050E-3	1.840600E-4	-9.404158E-1
-1.050000E-1	5.346330E-3	2.164850E-4	-9.355965E-1
-1.045000E-1	5.366360E-3	2.136240E-4	-9.303286E-1
-1.040000E-1	5.365400E-3	2.117170E-4	-9.261734E-1
-1.035000E-1	5.376850E-3	2.393730E-4	-9.213634E-1
-1.030000E-1	5.394970E-3	2.326970E-4	-9.166421E-1
-1.025000E-1	5.378750E-3	2.346050E-4	-9.125804E-1
-1.020000E-1	5.381610E-3	2.527260E-4	-9.075141E-1
-1.015000E-1	5.405460E-3	2.555870E-4	-9.028945E-1
-1.010000E-1	5.430250E-3	2.784750E-4	-8.978579E-1
-1.005000E-1	5.447420E-3	2.632160E-4	-8.932356E-1
-1.000000E-1	5.420710E-3	2.689380E-4	-8.886392E-1
-9.990000E-2	5.422620E-3	3.004090E-4	-8.839513E-1
-9.980000E-2	5.458860E-3	2.918260E-4	-8.826572E-1
-9.970000E-2	5.459820E-3	2.698920E-4	-8.820420E-1
-9.960000E-2	5.457910E-3	2.765670E-4	-8.811077E-1
-9.950000E-2	5.467440E-3	2.613090E-4	-8.797480E-1
-9.940000E-2	5.444560E-3	2.613090E-4	-8.792688E-1
-9.930000E-2	5.438830E-3	2.927800E-4	-8.783411E-1
-9.920000E-2	5.458860E-3	2.937340E-4	-8.770497E-1
-9.910000E-2	5.456000E-3	2.651230E-4	-8.760858E-1
-9.900000E-2	5.450280E-3	2.708450E-4	-8.757853E-1
-9.890000E-2	5.472210E-3	2.765670E-4	-8.745235E-1
-9.880000E-2	5.462680E-3	2.565400E-4	-8.739666E-1
-9.870000E-2	5.434070E-3	2.498650E-4	-8.732831E-1
-9.860000E-2	5.434070E-3	2.517720E-4	-8.720278E-1
-9.850000E-2	5.450280E-3	2.346050E-4	-8.708836E-1
-9.840000E-2	5.454090E-3	2.012260E-4	-8.698124E-1
-9.830000E-2	5.436930E-3	1.935970E-4	-8.690243E-1
-9.820000E-2	5.443600E-3	2.222070E-4	-8.681298E-1
-9.810000E-2	5.476980E-3	2.384200E-4	-8.678348E-1
-9.800000E-2	5.500820E-3	2.317440E-4	-8.666803E-1
-9.790000E-2	5.482700E-3	2.489110E-4	-8.661725E-1
-9.780000E-2	5.475070E-3	2.803820E-4	-8.655518E-1
-9.770000E-2	5.480800E-3	2.870580E-4	-8.640921E-1
-9.760000E-2	5.456000E-3	2.679840E-4	-8.636574E-1
-9.750000E-2	5.427390E-3	2.508180E-4	-8.628747E-1
-9.740000E-2	5.437880E-3	2.422340E-4	-8.612255E-1
-9.730000E-2	5.438830E-3	2.498650E-4	-8.606362E-1
-9.720000E-2	5.456950E-3	2.670310E-4	-8.594874E-1
-9.710000E-2	5.476980E-3	2.489110E-4	-8.583681E-1
-9.700000E-2	5.472210E-3	2.479570E-4	-8.575051E-1
-9.690000E-2	5.480800E-3	2.756140E-4	-8.565311E-1
-9.680000E-2	5.513220E-3	2.994560E-4	-8.559779E-1
-9.670000E-2	5.550410E-3	3.013630E-4	-8.549539E-1
-9.660000E-2	5.560900E-3	2.670310E-4	-8.536052E-1
-9.650000E-2	5.529430E-3	2.422340E-4	-8.527515E-1
-9.640000E-2	5.507500E-3	2.679840E-4	-8.521224E-1
-9.630000E-2	5.517990E-3	2.908730E-4	-8.511696E-1
-9.620000E-2	5.534200E-3	2.622620E-4	-8.498580E-1
-9.610000E-2	5.518940E-3	2.231610E-4	-8.495139E-1
-9.600000E-2	5.497010E-3	2.212530E-4	-8.488591E-1
-9.590000E-2	5.498920E-3	2.317440E-4	-8.470839E-1
-9.580000E-2	5.480800E-3	2.393730E-4	-8.459887E-1
-9.570000E-2	5.474120E-3	2.746600E-4	-8.455872E-1
-9.560000E-2	5.502730E-3	2.937340E-4	-8.435050E-1
-9.550000E-2	5.513220E-3	2.756140E-4	-8.423746E-1
-9.540000E-2	5.509410E-3	2.870580E-4	-8.419917E-1
-9.530000E-2	5.537060E-3	3.004090E-4	-8.408225E-1
-9.520000E-2	5.559000E-3	2.803820E-4	-8.396089E-1
-9.510000E-2	5.540880E-3	2.460500E-4	-8.386922E-1
-9.500000E-2	5.512270E-3	2.307900E-4	-8.379078E-1
-9.490000E-2	5.517990E-3	2.450960E-4	-8.362428E-1
-9.480000E-2	5.537060E-3	2.508180E-4	-8.353021E-1
-9.470000E-2	5.538970E-3	2.460500E-4	-8.346101E-1
-9.460000E-2	5.539920E-3	2.431880E-4	-8.334132E-1
-9.450000E-2	5.529430E-3	2.479570E-4	-8.329877E-1
-9.440000E-2	5.518940E-3	2.517720E-4	-8.315695E-1
-9.430000E-2	5.514170E-3	2.250680E-4	-8.305484E-1
-9.420000E-2	5.495100E-3	1.993190E-4	-8.292803E-1
-9.410000E-2	5.464580E-3	2.031340E-4	-8.284893E-1
-9.400000E-2	5.469350E-3	2.450960E-4	-8.278076E-1
-9.390000E-2	5.510360E-3	2.613090E-4	-8.265625E-1
-9.380000E-2	5.529430E-3	2.460500E-4	-8.254525E-1
-9.370000E-2	5.529430E-3	2.698920E-4	-8.248845E-1
-9.360000E-2	5.540880E-3	2.937340E-4	-8.244960E-1
-9.350000E-2	5.559000E-3	2.870580E-4	-8.231215E-1
-9.340000E-2	5.564720E-3	2.660770E-4	-8.216091E-1
-9.330000E-2	5.576160E-3	2.727530E-4	-8.216303E-1
-9.320000E-2	5.593330E-3	2.775210E-4	-8.210420E-1
-9.310000E-2	5.599050E-3	2.708450E-4	-8.197248E-1
-9.300000E-2	5.569490E-3	2.546330E-4	-8.184770E-1
-9.290000E-2	5.522760E-3	2.498650E-4	-8.178369E-1
-9.280000E-2	5.517990E-3	2.746600E-4	-8.171977E-1
-9.270000E-2	5.545650E-3	2.794280E-4	-8.158823E-1
-9.260000E-2	5.545650E-3	2.546330E-4	-8.148408E-1
-9.250000E-2	5.531340E-3	2.603550E-4	-8.138113E-1
-9.240000E-2	5.545650E-3	2.851500E-4	-8.137603E-1
-9.230000E-2	5.563770E-3	2.908730E-4	-8.122498E-1
-9.220000E-2	5.561860E-3	2.546330E-4	-8.108474E-1
-9.210000E-2	5.542780E-3	2.470040E-4	-8.104682E-1
-9.200000E-2	5.554230E-3	2.641700E-4	-8.093120E-1
-9.190000E-2	5.570440E-3	2.632160E-4	-8.087727E-1
-9.180000E-2	5.574260E-3	2.641700E-4	-8.080345E-1
-9.170000E-2	5.586650E-3	2.717990E-4	-8.062724E-1
-9.160000E-2	5.584750E-3	2.870580E-4	-8.058986E-1
-9.150000E-2	5.602870E-3	3.089920E-4	-8.048997E-1
-9.140000E-2	5.620990E-3	2.918260E-4	-8.036056E-1
-9.130000E-2	5.598100E-3	2.698920E-4	-8.028100E-1
-9.120000E-2	5.569490E-3	2.851500E-4	-8.019942E-1
-9.110000E-2	5.581890E-3	2.889650E-4	-8.009786E-1
-9.100000E-2	5.591420E-3	2.651230E-4	-7.997750E-1
-9.090000E-2	5.570440E-3	2.584480E-4	-7.989462E-1
-9.080000E-2	5.583790E-3	2.717990E-4	-7.979565E-1
-9.070000E-2	5.602870E-3	2.584480E-4	-7.967337E-1
-9.060000E-2	5.583790E-3	2.393730E-4	-7.956402E-1
-9.050000E-2	5.536110E-3	2.431880E-4	-7.946366E-1
-9.040000E-2	5.528480E-3	2.689380E-4	-7.939318E-1
-9.030000E-2	5.567580E-3	2.689380E-4	-7.928643E-1
-9.020000E-2	5.591420E-3	2.441420E-4	-7.915794E-1
-9.010000E-2	5.580930E-3	2.155310E-4	-7.903640E-1
-9.000000E-2	5.548510E-3	2.164850E-4	-7.895185E-1
-8.990000E-2	5.553280E-3	2.479570E-4	-7.887119E-1
-8.980000E-2	5.584750E-3	2.546330E-4	-7.872023E-1
-8.970000E-2	5.582840E-3	2.450960E-4	-7.867083E-1
-8.960000E-2	5.587610E-3	2.717990E-4	-7.855900E-1
-8.950000E-2	5.601910E-3	2.794280E-4	-7.844485E-1
-8.940000E-2	5.589510E-3	2.679840E-4	-7.838417E-1
-8.930000E-2	5.593330E-3	2.813360E-4	-7.828158E-1
-8.920000E-2	5.618130E-3	2.651230E-4	-7.816439E-1
-8.910000E-2	5.620990E-3	2.317440E-4	-7.806967E-1
-8.900000E-2	5.606680E-3	2.384200E-4	-7.800695E-1
-8.890000E-2	5.613360E-3	2.431880E-4	-7.786654E-1
-8.880000E-2	5.600960E-3	2.431880E-4	-7.781464E-1
-8.870000E-2	5.607630E-3	2.613090E-4	-7.769716E-1
-8.860000E-2	5.608590E-3	2.422340E-4	-7.756979E-1
-8.850000E-2	5.588560E-3	2.326970E-4	-7.752003E-1
-8.840000E-2	5.599050E-3	2.470040E-4	-7.744695E-1
-8.830000E-2	5.619080E-3	2.498650E-4	-7.734214E-1
-8.820000E-2	5.622890E-3	2.527260E-4	-7.722541E-1
-8.810000E-2	5.638150E-3	2.489110E-4	-7.712218E-1
-8.800000E-2	5.634340E-3	2.489110E-4	-7.700609E-1
-8.790000E-2	5.624800E-3	2.698920E-4	-7.692007E-1
-8.780000E-2	5.624800E-3	3.051780E-4	-7.687075E-1
-8.770000E-2	5.629570E-3	3.194830E-4	-7.673682E-1
-8.760000E-2	5.637200E-3	3.089920E-4	-7.664857E-1
-8.750000E-2	5.669620E-3	2.994560E-4	-7.654034E-1
-8.740000E-2	5.677250E-3	2.698920E-4	-7.641353E-1
-8.730000E-2	5.642920E-3	2.594010E-4	-7.633601E-1
-8.720000E-2	5.634340E-3	2.803820E-4	-7.626395E-1
-8.710000E-2	5.651500E-3	2.765670E-4	-7.614989E-1
-8.700000E-2	5.656270E-3	2.498650E-4	-7.609106E-1
-8.690000E-2	5.656270E-3	2.460500E-4	-7.596711E-1
-8.680000E-2	5.651500E-3	2.346050E-4	-7.580968E-1
-8.670000E-2	5.624800E-3	2.250680E-4	-7.570515E-1
-8.660000E-2	5.582840E-3	2.393730E-4	-7.564530E-1
-8.650000E-2	5.556140E-3	2.565400E-4	-7.552459E-1
-8.640000E-2	5.554230E-3	2.365120E-4	-7.541470E-1
-8.630000E-2	5.547550E-3	2.365120E-4	-7.533376E-1
-8.620000E-2	5.572350E-3	2.622620E-4	-7.525828E-1
-8.610000E-2	5.624800E-3	2.584480E-4	-7.514700E-1
-8.600000E-2	5.656270E-3	2.431880E-4	-7.507013E-1
-8.590000E-2	5.670580E-3	2.594010E-4	-7.495210E-1
-8.580000E-2	5.684880E-3	2.641700E-4	-7.481344E-1
-8.570000E-2	5.668670E-3	2.470040E-4	-7.470762E-1
-8.560000E-2	5.640060E-3	2.594010E-4	-7.462076E-1
-8.550000E-2	5.638150E-3	2.937340E-4	-7.456008E-1
-8.540000E-2	5.663900E-3	3.099460E-4	-7.446702E-1
-8.530000E-2	5.691560E-3	2.880120E-4	-7.432550E-1
-8.520000E-2	5.685840E-3	2.498650E-4	-7.422514E-1
-8.510000E-2	5.655320E-3	2.164850E-4	-7.407841E-1
-8.500000E-2	5.614310E-3	2.117170E-4	-7.399591E-1
-8.490000E-2	5.601910E-3	2.441420E-4	-7.397435E-1
-8.480000E-2	5.643870E-3	2.632160E-4	-7.386650E-1
-8.470000E-2	5.678210E-3	2.479570E-4	-7.374061E-1
-8.460000E-2	5.669620E-3	2.632160E-4	-7.368316E-1
-8.450000E-2	5.676300E-3	2.889650E-4	-7.356375E-1
-8.440000E-2	5.673440E-3	2.794280E-4	-7.346145E-1
-8.430000E-2	5.658180E-3	2.956410E-4	-7.341944E-1
-8.420000E-2	5.664860E-3	3.128070E-4	-7.326339E-1
-8.410000E-2	5.647690E-3	2.946870E-4	-7.315609E-1
-8.400000E-2	5.628620E-3	3.004090E-4	-7.310798E-1
-8.390000E-2	5.644830E-3	3.099460E-4	-7.298496E-1
-8.380000E-2	5.661040E-3	2.841970E-4	-7.285925E-1
-8.370000E-2	5.652460E-3	2.822890E-4	-7.279080E-1
-8.360000E-2	5.660090E-3	2.937340E-4	-7.271579E-1
-8.350000E-2	5.698230E-3	2.784750E-4	-7.258111E-1
-8.340000E-2	5.706820E-3	2.489110E-4	-7.245327E-1
-8.330000E-2	5.672480E-3	2.546330E-4	-7.240905E-1
-8.320000E-2	5.662950E-3	2.813360E-4	-7.229232E-1
-8.310000E-2	5.675350E-3	2.784750E-4	-7.215181E-1
-8.300000E-2	5.664860E-3	2.927800E-4	-7.211499E-1
-8.290000E-2	5.672480E-3	3.118530E-4	-7.199205E-1
-8.280000E-2	5.686790E-3	2.889650E-4	-7.187171E-1
-8.270000E-2	5.673440E-3	2.889650E-4	-7.183351E-1
-8.260000E-2	5.680110E-3	3.118530E-4	-7.172454E-1
-8.250000E-2	5.708720E-3	2.965950E-4	-7.159800E-1
-8.240000E-2	5.718260E-3	2.565400E-4	-7.147433E-1
-8.230000E-2	5.698230E-3	2.479570E-4	-7.139311E-1
-8.220000E-2	5.676300E-3	2.708450E-4	-7.131689E-1
-8.210000E-2	5.675350E-3	3.004090E-4	-7.121810E-1
-8.200000E-2	5.691560E-3	2.870580E-4	-7.109673E-1
-8.190000E-2	5.676300E-3	2.679840E-4	-7.106140E-1
-8.180000E-2	5.669620E-3	2.632160E-4	-7.099711E-1
-8.170000E-2	5.680110E-3	2.670310E-4	-7.084762E-1
-8.160000E-2	5.686790E-3	2.641700E-4	-7.079527E-1
-8.150000E-2	5.688700E-3	2.708450E-4	-7.068149E-1
-8.140000E-2	5.717310E-3	2.641700E-4	-7.055616E-1
-8.130000E-2	5.732570E-3	2.384200E-4	-7.046079E-1
-8.120000E-2	5.722080E-3	2.164850E-4	-7.040871E-1
-8.110000E-2	5.728750E-3	2.250680E-4	-7.027328E-1
-8.100000E-2	5.738290E-3	2.250680E-4	-7.012862E-1
-8.090000E-2	5.715400E-3	2.298360E-4	-7.000171E-1
-8.080000E-2	5.704910E-3	2.679840E-4	-6.994408E-1
-8.070000E-2	5.718260E-3	3.051780E-4	-6.985426E-1
-8.060000E-2	5.753550E-3	3.128070E-4	-6.975732E-1
-8.050000E-2	5.794550E-3	2.937340E-4	-6.963142E-1
-8.040000E-2	5.820300E-3	2.622620E-4	-6.951293E-1
-8.030000E-2	5.797420E-3	2.317440E-4	-6.938501E-1
-8.020000E-2	5.744010E-3	2.355580E-4	-6.932062E-1
-8.010000E-2	5.722080E-3	2.727530E-4	-6.923663E-1
-8.000000E-2	5.740200E-3	2.861040E-4	-6.910740E-1
-7.990000E-2	5.742100E-3	2.622620E-4	-6.898974E-1
-7.980000E-2	5.721120E-3	2.498650E-4	-6.890233E-1
-7.970000E-2	5.700140E-3	2.660770E-4	-6.881741E-1
-7.960000E-2	5.723980E-3	2.841970E-4	-6.872825E-1
-7.950000E-2	5.768810E-3	2.632160E-4	-6.860216E-1
-7.940000E-2	5.788830E-3	2.288830E-4	-6.848284E-1
-7.930000E-2	5.815540E-3	2.183920E-4	-6.847045E-1
-7.920000E-2	5.848910E-3	2.079020E-4	-6.836683E-1
-7.910000E-2	5.839380E-3	1.955040E-4	-6.821994E-1
-7.900000E-2	5.797420E-3	2.088560E-4	-6.811839E-1
-7.890000E-2	5.777390E-3	2.594010E-4	-6.806473E-1
-7.880000E-2	5.790740E-3	2.861040E-4	-6.792237E-1
-7.870000E-2	5.783110E-3	2.832430E-4	-6.785530E-1
-7.860000E-2	5.780250E-3	2.937340E-4	-6.774690E-1
-7.850000E-2	5.777390E-3	2.794280E-4	-6.762841E-1
-7.840000E-2	5.760220E-3	2.775210E-4	-6.754200E-1
-7.830000E-2	5.777390E-3	2.717990E-4	-6.741287E-1
-7.820000E-2	5.796460E-3	2.574940E-4	-6.738817E-1
-7.810000E-2	5.801230E-3	2.613090E-4	-6.722759E-1
-7.800000E-2	5.796460E-3	2.431880E-4	-6.709809E-1
-7.790000E-2	5.767850E-3	2.365120E-4	-6.699773E-1
-7.780000E-2	5.753550E-3	2.622620E-4	-6.693529E-1
-7.770000E-2	5.792650E-3	2.727530E-4	-6.680125E-1
-7.760000E-2	5.806950E-3	2.555870E-4	-6.673058E-1
-7.750000E-2	5.793600E-3	2.470040E-4	-6.660682E-1
-7.740000E-2	5.808860E-3	2.393730E-4	-6.651431E-1
-7.730000E-2	5.831750E-3	2.250680E-4	-6.641543E-1
-7.720000E-2	5.833660E-3	2.069480E-4	-6.627066E-1
-7.710000E-2	5.806950E-3	2.231610E-4	-6.621109E-1
-7.700000E-2	5.800280E-3	2.679840E-4	-6.612109E-1
-7.690000E-2	5.824120E-3	2.698920E-4	-6.598715E-1
-7.680000E-2	5.822210E-3	2.546330E-4	-6.588355E-1
-7.670000E-2	5.827930E-3	2.832430E-4	-6.583017E-1
-7.660000E-2	5.848910E-3	2.965950E-4	-6.567848E-1
-7.650000E-2	5.835560E-3	2.841970E-4	-6.560910E-1
-7.640000E-2	5.832700E-3	2.889650E-4	-6.550447E-1
-7.630000E-2	5.839380E-3	2.737060E-4	-6.536804E-1
-7.620000E-2	5.830790E-3	2.775210E-4	-6.530162E-1
-7.610000E-2	5.848910E-3	2.737060E-4	-6.517980E-1
-7.600000E-2	5.843190E-3	2.555870E-4	-6.507240E-1
-7.590000E-2	5.823170E-3	2.613090E-4	-6.499961E-1
-7.580000E-2	5.837470E-3	2.632160E-4	-6.486400E-1
-7.570000E-2	5.831750E-3	2.393730E-4	-6.474874E-1
-7.560000E-2	5.808860E-3	2.393730E-4	-6.461804E-1
-7.550000E-2	5.815540E-3	2.698920E-4	-6.454672E-1
-7.540000E-2	5.854640E-3	2.765670E-4	-6.444173E-1
-7.530000E-2	5.857500E-3	2.498650E-4	-6.432583E-1
-7.520000E-2	5.830790E-3	2.412810E-4	-6.425516E-1
-7.510000E-2	5.845100E-3	2.546330E-4	-6.415322E-1
-7.500000E-2	5.866080E-3	2.374660E-4	-6.400707E-1
-7.490000E-2	5.862270E-3	2.145780E-4	-6.392122E-1
-7.480000E-2	5.868940E-3	2.498650E-4	-6.385102E-1
-7.470000E-2	5.908040E-3	2.765670E-4	-6.372069E-1
-7.460000E-2	5.912810E-3	2.651230E-4	-6.360246E-1
-7.450000E-2	5.888970E-3	2.708450E-4	-6.352190E-1
-7.440000E-2	5.902320E-3	2.813360E-4	-6.343115E-1
-7.430000E-2	5.924250E-3	2.679840E-4	-6.328962E-1
-7.420000E-2	5.910900E-3	2.365120E-4	-6.317723E-1
-7.410000E-2	5.884200E-3	2.412810E-4	-6.312628E-1
-7.400000E-2	5.889920E-3	2.679840E-4	-6.300167E-1
-7.390000E-2	5.881340E-3	2.536790E-4	-6.288160E-1
-7.380000E-2	5.854640E-3	2.517720E-4	-6.283138E-1
-7.370000E-2	5.872760E-3	2.670310E-4	-6.268930E-1
-7.360000E-2	5.884200E-3	2.536790E-4	-6.257348E-1
-7.350000E-2	5.874660E-3	2.660770E-4	-6.250743E-1
-7.340000E-2	5.882290E-3	2.965950E-4	-6.240799E-1
-7.330000E-2	5.910900E-3	2.765670E-4	-6.226758E-1
-7.320000E-2	5.906130E-3	2.403270E-4	-6.215215E-1
-7.310000E-2	5.888970E-3	2.498650E-4	-6.209515E-1
-7.300000E-2	5.905180E-3	2.880120E-4	-6.199887E-1
-7.290000E-2	5.939510E-3	2.841970E-4	-6.186520E-1
-7.280000E-2	5.930930E-3	2.632160E-4	-6.175827E-1
-7.270000E-2	5.912810E-3	2.765670E-4	-6.168242E-1
-7.260000E-2	5.927120E-3	2.756140E-4	-6.153192E-1
-7.250000E-2	5.921390E-3	2.689380E-4	-6.146717E-1
-7.240000E-2	5.939510E-3	2.756140E-4	-6.134238E-1
-7.230000E-2	5.945240E-3	2.660770E-4	-6.120465E-1
-7.220000E-2	5.929980E-3	2.880120E-4	-6.112880E-1
-7.210000E-2	5.938560E-3	3.156680E-4	-6.104721E-1
-7.200000E-2	5.967170E-3	3.023170E-4	-6.090966E-1
-7.190000E-2	5.950960E-3	2.651230E-4	-6.087508E-1
-7.180000E-2	5.919490E-3	2.431880E-4	-6.080097E-1
-7.170000E-2	5.917580E-3	2.498650E-4	-6.065353E-1
-7.160000E-2	5.912810E-3	2.479570E-4	-6.049646E-1
-7.150000E-2	5.890880E-3	2.460500E-4	-6.041524E-1
-7.140000E-2	5.883250E-3	2.708450E-4	-6.040720E-1
-7.130000E-2	5.906130E-3	2.918260E-4	-6.025189E-1
-7.120000E-2	5.937610E-3	2.899190E-4	-6.010268E-1
-7.110000E-2	5.979570E-3	3.032700E-4	-6.007262E-1
-7.100000E-2	6.025340E-3	3.137610E-4	-5.996171E-1
-7.090000E-2	6.024390E-3	2.965950E-4	-5.982481E-1
-7.080000E-2	6.005320E-3	2.822890E-4	-5.976792E-1
-7.070000E-2	5.999590E-3	2.861040E-4	-5.957311E-1
-7.060000E-2	5.997690E-3	2.603550E-4	-5.943177E-1
-7.050000E-2	5.962400E-3	2.536790E-4	-5.936239E-1
-7.040000E-2	5.951910E-3	2.794280E-4	-5.926342E-1
-7.030000E-2	5.970980E-3	2.746600E-4	-5.912726E-1
-7.020000E-2	5.961450E-3	2.756140E-4	-5.903124E-1
-7.010000E-2	5.947140E-3	3.118530E-4	-5.896205E-1
-7.000000E-2	5.964310E-3	3.385560E-4	-5.885271E-1
-6.990000E-2	5.991970E-3	3.175750E-4	-5.873190E-1
-6.980000E-2	5.993870E-3	3.099460E-4	-5.866743E-1
-6.970000E-2	6.010090E-3	3.023170E-4	-5.852859E-1
-6.960000E-2	5.994830E-3	2.708450E-4	-5.842406E-1
-6.950000E-2	5.957630E-3	2.527260E-4	-5.831037E-1
-6.940000E-2	5.941420E-3	2.841970E-4	-5.825006E-1
-6.930000E-2	5.977660E-3	3.156680E-4	-5.813499E-1
-6.920000E-2	6.001500E-3	2.937340E-4	-5.799643E-1
-6.910000E-2	5.984340E-3	2.727530E-4	-5.789449E-1
-6.900000E-2	5.984340E-3	2.994560E-4	-5.782317E-1
-6.890000E-2	6.020580E-3	3.175750E-4	-5.766962E-1
-6.880000E-2	6.032020E-3	2.918260E-4	-5.750025E-1
-6.870000E-2	6.028210E-3	2.975480E-4	-5.738971E-1
-6.860000E-2	6.043460E-3	3.204360E-4	-5.728065E-1
-6.850000E-2	6.061580E-3	3.051780E-4	-5.714199E-1
-6.840000E-2	6.051090E-3	3.061310E-4	-5.707280E-1
-6.830000E-2	6.074940E-3	3.070850E-4	-5.693600E-1
-6.820000E-2	6.079700E-3	2.708450E-4	-5.688188E-1
-6.810000E-2	6.071120E-3	2.489110E-4	-5.683285E-1
-6.800000E-2	6.070170E-3	2.622620E-4	-5.668439E-1
-6.790000E-2	6.072070E-3	2.603550E-4	-5.653592E-1
-6.780000E-2	6.038700E-3	2.632160E-4	-5.642604E-1
-6.770000E-2	6.013900E-3	2.937340E-4	-5.631891E-1
-6.760000E-2	6.052050E-3	3.166220E-4	-5.623335E-1
-6.750000E-2	6.114990E-3	2.965950E-4	-5.612226E-1
-6.740000E-2	6.147410E-3	2.813360E-4	-5.605436E-1
-6.730000E-2	6.162670E-3	3.147140E-4	-5.606518E-1
-6.720000E-2	6.180790E-3	3.318810E-4	-5.591459E-1
-6.710000E-2	6.172210E-3	2.985020E-4	-5.573893E-1
-6.700000E-2	6.145510E-3	2.956410E-4	-5.577380E-1
-6.690000E-2	6.128340E-3	3.166220E-4	-5.558991E-1
-6.680000E-2	6.114040E-3	3.004090E-4	-5.545384E-1
-6.670000E-2	6.084470E-3	2.679840E-4	-5.533544E-1
-6.660000E-2	6.049190E-3	2.651230E-4	-5.527846E-1
-6.650000E-2	6.041560E-3	2.927800E-4	-5.517107E-1
-6.640000E-2	6.081610E-3	2.870580E-4	-5.502676E-1
-6.630000E-2	6.104500E-3	2.565400E-4	-5.489967E-1
-6.620000E-2	6.100680E-3	2.651230E-4	-5.480486E-1
-6.610000E-2	6.101640E-3	3.042240E-4	-5.470495E-1
-6.600000E-2	6.136920E-3	3.366490E-4	-5.465213E-1
-6.590000E-2	6.178890E-3	3.271120E-4	-5.450330E-1
-6.580000E-2	6.161720E-3	2.946870E-4	-5.442384E-1
-6.570000E-2	6.132160E-3	2.832430E-4	-5.433467E-1
-6.560000E-2	6.130250E-3	2.832430E-4	-5.414588E-1
-6.550000E-2	6.115940E-3	2.803820E-4	-5.401240E-1
-6.540000E-2	6.104500E-3	3.089920E-4	-5.389807E-1
-6.530000E-2	6.120710E-3	3.490470E-4	-5.384229E-1
-6.520000E-2	6.169350E-3	3.738420E-4	-5.379094E-1
-6.510000E-2	6.212260E-3	3.623980E-4	-5.362713E-1
-6.500000E-2	6.214170E-3	3.356950E-4	-5.357014E-1
-6.490000E-2	6.205590E-3	3.290200E-4	-5.343972E-1
-6.480000E-2	6.211310E-3	3.137610E-4	-5.331429E-1
-6.470000E-2	6.210360E-3	2.956410E-4	-5.315602E-1
-6.460000E-2	6.225620E-3	3.013630E-4	-5.305325E-1
-6.450000E-2	6.251360E-3	3.232970E-4	-5.298859E-1
-6.440000E-2	6.270440E-3	3.185290E-4	-5.283523E-1
-6.430000E-2	6.244690E-3	3.099460E-4	-5.274161E-1
-6.420000E-2	6.244690E-3	3.232970E-4	-5.266456E-1
-6.410000E-2	6.280930E-3	3.185290E-4	-5.252812E-1
-6.400000E-2	6.296190E-3	2.889650E-4	-5.239437E-1
-6.390000E-2	6.266620E-3	2.822890E-4	-5.232360E-1
-6.380000E-2	6.247550E-3	3.089920E-4	-5.221306E-1
-6.370000E-2	6.262810E-3	2.927800E-4	-5.207282E-1
-6.360000E-2	6.258040E-3	2.698920E-4	-5.199327E-1
-6.350000E-2	6.255180E-3	2.918260E-4	-5.192538E-1
-6.340000E-2	6.271390E-3	2.965950E-4	-5.178330E-1
-6.330000E-2	6.280930E-3	2.737060E-4	-5.164483E-1
-6.320000E-2	6.262810E-3	2.517720E-4	-5.157175E-1
-6.310000E-2	6.241830E-3	2.546330E-4	-5.149331E-1
-6.300000E-2	6.242780E-3	2.841970E-4	-5.137066E-1
-6.290000E-2	6.276160E-3	2.918260E-4	-5.128047E-1
-6.280000E-2	6.298090E-3	2.794280E-4	-5.117446E-1
-6.270000E-2	6.297140E-3	2.784750E-4	-5.111044E-1
-6.260000E-2	6.303820E-3	2.937340E-4	-5.095162E-1
-6.250000E-2	6.309540E-3	2.965950E-4	-5.078901E-1
-6.240000E-2	6.291420E-3	3.166220E-4	-5.067052E-1
-6.230000E-2	6.284740E-3	3.452320E-4	-5.058745E-1
-6.220000E-2	6.322890E-3	3.395100E-4	-5.049402E-1
-6.210000E-2	6.349590E-3	2.899190E-4	-5.034204E-1
-6.200000E-2	6.338150E-3	2.689380E-4	-5.030531E-1
-6.190000E-2	6.326710E-3	2.765670E-4	-5.018035E-1
-6.180000E-2	6.350550E-3	2.527260E-4	-5.005067E-1
-6.170000E-2	6.357220E-3	2.279290E-4	-4.992458E-1
-6.160000E-2	6.344830E-3	2.622620E-4	-4.992218E-1
-6.150000E-2	6.340060E-3	3.051780E-4	-4.977464E-1
-6.140000E-2	6.370570E-3	3.032700E-4	-4.963034E-1
-6.130000E-2	6.400140E-3	2.632160E-4	-4.951341E-1
-6.120000E-2	6.392510E-3	2.450960E-4	-4.944571E-1
-6.110000E-2	6.380110E-3	2.584480E-4	-4.928447E-1
-6.100000E-2	6.408720E-3	2.679840E-4	-4.915922E-1
-6.090000E-2	6.431610E-3	2.431880E-4	-4.901696E-1
-6.080000E-2	6.422070E-3	2.422340E-4	-4.892076E-1
-6.070000E-2	6.424930E-3	2.832430E-4	-4.879625E-1
-6.060000E-2	6.434470E-3	2.861040E-4	-4.864260E-1
-6.050000E-2	6.417300E-3	2.822890E-4	-4.853650E-1
-6.040000E-2	6.404910E-3	3.166220E-4	-4.849285E-1
-6.030000E-2	6.430660E-3	3.423710E-4	-4.835187E-1
-6.020000E-2	6.440190E-3	3.271120E-4	-4.819416E-1
-6.010000E-2	6.422070E-3	3.232970E-4	-4.821007E-1
-6.000000E-2	6.422070E-3	3.252050E-4	-4.808344E-1
-5.990000E-2	6.435420E-3	3.042240E-4	-4.795948E-1
-5.980000E-2	6.437330E-3	2.975480E-4	-4.789381E-1
-5.970000E-2	6.455450E-3	3.051780E-4	-4.773008E-1
-5.960000E-2	6.470710E-3	2.985020E-4	-4.763647E-1
-5.950000E-2	6.463080E-3	3.223440E-4	-4.754545E-1
-5.940000E-2	6.468800E-3	3.566760E-4	-4.738828E-1
-5.930000E-2	6.483110E-3	3.452320E-4	-4.722725E-1
-5.920000E-2	6.465940E-3	3.166220E-4	-4.709977E-1
-5.910000E-2	6.449730E-3	3.299730E-4	-4.704788E-1
-5.900000E-2	6.477390E-3	3.471390E-4	-4.691930E-1
-5.890000E-2	6.500270E-3	3.070850E-4	-4.677214E-1
-5.880000E-2	6.491690E-3	2.679840E-4	-4.664319E-1
-5.870000E-2	6.486920E-3	2.803820E-4	-4.657991E-1
-5.860000E-2	6.519350E-3	3.032700E-4	-4.645458E-1
-5.850000E-2	6.537470E-3	2.889650E-4	-4.633664E-1
-5.840000E-2	6.545100E-3	2.794280E-4	-4.619752E-1
-5.830000E-2	6.549870E-3	3.099460E-4	-4.602315E-1
-5.820000E-2	6.576570E-3	3.490470E-4	-4.592640E-1
-5.810000E-2	6.603270E-3	3.452320E-4	-4.577109E-1
-5.800000E-2	6.577520E-3	3.137610E-4	-4.558979E-1
-5.790000E-2	6.540330E-3	3.185290E-4	-4.549210E-1
-5.780000E-2	6.548910E-3	3.452320E-4	-4.538693E-1
-5.770000E-2	6.588010E-3	3.252050E-4	-4.523855E-1
-5.760000E-2	6.594690E-3	3.004090E-4	-4.516160E-1
-5.750000E-2	6.597550E-3	3.166220E-4	-4.509518E-1
-5.740000E-2	6.610900E-3	3.004090E-4	-4.497123E-1
-5.730000E-2	6.594690E-3	2.851500E-4	-4.485939E-1
-5.720000E-2	6.596600E-3	3.099460E-4	-4.478752E-1
-5.710000E-2	6.639510E-3	3.252050E-4	-4.465238E-1
-5.700000E-2	6.661440E-3	3.099460E-4	-4.452750E-1
-5.690000E-2	6.643330E-3	3.280660E-4	-4.444434E-1
-5.680000E-2	6.651910E-3	3.509540E-4	-4.432890E-1
-5.670000E-2	6.655720E-3	3.185290E-4	-4.417257E-1
-5.660000E-2	6.638560E-3	2.956410E-4	-4.408757E-1
-5.650000E-2	6.652860E-3	3.118530E-4	-4.391912E-1
-5.640000E-2	6.667170E-3	2.965950E-4	-4.379286E-1
-5.630000E-2	6.644280E-3	3.023170E-4	-4.371572E-1
-5.620000E-2	6.638560E-3	3.328340E-4	-4.359250E-1
-5.610000E-2	6.674800E-3	3.185290E-4	-4.344598E-1
-5.600000E-2	6.685290E-3	2.908730E-4	-4.327605E-1
-5.590000E-2	6.676700E-3	3.128070E-4	-4.318114E-1
-5.580000E-2	6.690060E-3	3.480930E-4	-4.303453E-1
-5.570000E-2	6.715800E-3	3.404640E-4	-4.295424E-1
-5.560000E-2	6.734880E-3	3.223440E-4	-4.283815E-1
-5.550000E-2	6.765400E-3	3.032700E-4	-4.271697E-1
-5.540000E-2	6.754900E-3	2.870580E-4	-4.259275E-1
-5.530000E-2	6.756810E-3	3.128070E-4	-4.252689E-1
-5.520000E-2	6.795910E-3	3.232970E-4	-4.239423E-1
-5.510000E-2	6.816890E-3	2.918260E-4	-4.222930E-1
-5.500000E-2	6.790190E-3	2.765670E-4	-4.216030E-1
-5.490000E-2	6.785420E-3	3.070850E-4	-4.203089E-1
-5.480000E-2	6.793050E-3	3.089920E-4	-4.185709E-1
-5.470000E-2	6.773980E-3	3.051780E-4	-4.176513E-1
-5.460000E-2	6.790190E-3	3.309270E-4	-4.167494E-1
-5.450000E-2	6.827380E-3	3.290200E-4	-4.150714E-1
-5.440000E-2	6.807360E-3	3.118530E-4	-4.138820E-1
-5.430000E-2	6.784470E-3	3.280660E-4	-4.132566E-1
-5.420000E-2	6.804500E-3	3.480930E-4	-4.113474E-1
-5.410000E-2	6.812130E-3	3.337880E-4	-4.100292E-1
-5.400000E-2	6.823570E-3	3.519080E-4	-4.092384E-1
-5.390000E-2	6.872210E-3	3.805180E-4	-4.083790E-1
-5.380000E-2	6.910350E-3	3.700270E-4	-4.064475E-1
-5.370000E-2	6.891280E-3	3.461860E-4	-4.058843E-1
-5.360000E-2	6.875070E-3	3.538150E-4	-4.047215E-1
-5.350000E-2	6.877930E-3	3.366490E-4	-4.027040E-1
-5.340000E-2	6.882700E-3	3.538150E-4	-4.022943E-1
-5.330000E-2	6.901770E-3	3.814720E-4	-4.009947E-1
-5.320000E-2	6.923710E-3	3.604910E-4	-3.993824E-1
-5.310000E-2	6.906540E-3	3.213900E-4	-3.983352E-1
-5.300000E-2	6.893190E-3	3.318810E-4	-3.972928E-1
-5.290000E-2	6.921800E-3	3.356950E-4	-3.958090E-1
-5.280000E-2	6.938010E-3	3.118530E-4	-3.946528E-1
-5.270000E-2	6.940870E-3	3.271120E-4	-3.936879E-1
-5.260000E-2	6.962810E-3	3.290200E-4	-3.915900E-1
-5.250000E-2	6.952320E-3	3.252050E-4	-3.914189E-1
-5.240000E-2	6.958040E-3	3.385560E-4	-3.899972E-1
-5.230000E-2	6.976160E-3	3.366490E-4	-3.881296E-1
-5.220000E-2	6.998090E-3	3.547690E-4	-3.871333E-1
-5.210000E-2	7.037190E-3	3.471390E-4	-3.853287E-1
-5.200000E-2	7.044820E-3	3.509540E-4	-3.844267E-1
-5.190000E-2	7.071520E-3	3.833790E-4	-3.833121E-1
-5.180000E-2	7.103000E-3	3.709810E-4	-3.816961E-1
-5.170000E-2	7.078200E-3	3.547690E-4	-3.808165E-1
-5.160000E-2	7.053410E-3	3.767030E-4	-3.799682E-1
-5.150000E-2	7.064850E-3	3.824250E-4	-3.788175E-1
-5.140000E-2	7.041960E-3	3.652590E-4	-3.769452E-1
-5.130000E-2	7.020030E-3	3.786110E-4	-3.759518E-1
-5.120000E-2	7.040050E-3	4.062670E-4	-3.742979E-1
-5.110000E-2	7.085830E-3	3.662130E-4	-3.725320E-1
-5.100000E-2	7.085830E-3	3.185290E-4	-3.711824E-1
-5.090000E-2	7.078200E-3	3.309270E-4	-3.712398E-1
-5.080000E-2	7.099180E-3	3.824250E-4	-3.691659E-1
-5.070000E-2	7.156400E-3	4.129430E-4	-3.679365E-1
-5.060000E-2	7.211710E-3	3.852860E-4	-3.663279E-1
-5.050000E-2	7.205040E-3	3.376030E-4	-3.653677E-1
-5.040000E-2	7.190730E-3	3.423710E-4	-3.642328E-1
-5.030000E-2	7.212670E-3	3.204360E-4	-3.626279E-1
-5.020000E-2	7.204090E-3	2.765670E-4	-3.612857E-1
-5.010000E-2	7.168800E-3	2.870580E-4	-3.600702E-1
-5.000000E-2	7.182150E-3	3.471390E-4	-3.593339E-1
-4.990000E-2	7.231740E-3	3.719350E-4	-3.574108E-1
-4.980000E-2	7.237460E-3	3.728890E-4	-3.567698E-1
-4.970000E-2	7.255580E-3	3.843330E-4	-3.552019E-1
-4.960000E-2	7.263210E-3	3.528610E-4	-3.538070E-1
-4.950000E-2	7.254630E-3	3.433250E-4	-3.532325E-1
-4.940000E-2	7.273700E-3	3.423710E-4	-3.517719E-1
-4.930000E-2	7.266070E-3	3.280660E-4	-3.502133E-1
-4.920000E-2	7.274660E-3	3.433250E-4	-3.495066E-1
-4.910000E-2	7.314710E-3	3.538150E-4	-3.474549E-1
-4.900000E-2	7.310900E-3	3.604910E-4	-3.468934E-1
-4.890000E-2	7.328060E-3	3.805180E-4	-3.452663E-1
-4.880000E-2	7.341410E-3	3.643050E-4	-3.438343E-1
-4.870000E-2	7.339510E-3	3.709810E-4	-3.429871E-1
-4.860000E-2	7.365260E-3	3.623980E-4	-3.408910E-1
-4.850000E-2	7.361440E-3	3.528610E-4	-3.402593E-1
-4.840000E-2	7.378610E-3	3.671660E-4	-3.389448E-1
-4.830000E-2	7.396730E-3	3.385560E-4	-3.372076E-1
-4.820000E-2	7.368120E-3	3.166220E-4	-3.362409E-1
-4.810000E-2	7.356670E-3	3.423710E-4	-3.351587E-1
-4.800000E-2	7.403400E-3	3.423710E-4	-3.337037E-1
-4.790000E-2	7.425340E-3	3.080390E-4	-3.322338E-1
-4.780000E-2	7.407220E-3	2.927800E-4	-3.300230E-1
-4.770000E-2	7.407220E-3	3.337880E-4	-3.286541E-1
-4.760000E-2	7.436780E-3	3.938690E-4	-3.280194E-1
-4.750000E-2	7.460620E-3	4.301090E-4	-3.267429E-1
-4.740000E-2	7.485420E-3	4.215260E-4	-3.253517E-1
-4.730000E-2	7.500680E-3	4.072210E-4	-3.238107E-1
-4.720000E-2	7.533100E-3	3.948230E-4	-3.220874E-1
-4.710000E-2	7.538830E-3	3.519080E-4	-3.206711E-1
-4.700000E-2	7.521660E-3	3.452320E-4	-3.194723E-1
-4.690000E-2	7.554080E-3	3.738420E-4	-3.183382E-1
-4.680000E-2	7.600810E-3	3.690740E-4	-3.165299E-1
-4.670000E-2	7.617030E-3	3.376030E-4	-3.157760E-1
-4.660000E-2	7.642780E-3	3.185290E-4	-3.136337E-1
-4.650000E-2	7.612260E-3	3.261580E-4	-3.137105E-1
-4.640000E-2	7.572200E-3	3.404640E-4	-3.123571E-1
-4.630000E-2	7.582690E-3	3.452320E-4	-3.102676E-1
-4.620000E-2	7.606540E-3	3.471390E-4	-3.090344E-1
-4.610000E-2	7.622750E-3	3.633520E-4	-3.078458E-1
-4.600000E-2	7.658030E-3	3.662130E-4	-3.060587E-1
-4.590000E-2	7.681880E-3	3.509540E-4	-3.051873E-1
-4.580000E-2	7.696180E-3	3.585830E-4	-3.037767E-1
-4.570000E-2	7.718120E-3	3.576300E-4	-3.013495E-1
-4.560000E-2	7.692370E-3	3.557220E-4	-3.003005E-1
-4.550000E-2	7.664710E-3	3.728890E-4	-2.994486E-1
-4.540000E-2	7.700950E-3	3.767030E-4	-2.975838E-1
-4.530000E-2	7.717160E-3	3.604910E-4	-2.967558E-1
-4.520000E-2	7.744820E-3	3.738420E-4	-2.953702E-1
-4.510000E-2	7.773430E-3	3.557220E-4	-2.936617E-1
-4.500000E-2	7.746730E-3	3.557220E-4	-2.927533E-1
-4.490000E-2	7.741960E-3	3.957770E-4	-2.917386E-1
-4.480000E-2	7.784870E-3	4.024520E-4	-2.898729E-1
-4.470000E-2	7.784870E-3	3.824250E-4	-2.888017E-1
-4.460000E-2	7.800130E-3	4.005450E-4	-2.879035E-1
-4.450000E-2	7.858340E-3	3.938690E-4	-2.859897E-1
-4.440000E-2	7.870730E-3	3.614440E-4	-2.844782E-1
-4.430000E-2	7.841170E-3	3.614440E-4	-2.834902E-1
-4.420000E-2	7.840220E-3	3.986380E-4	-2.822739E-1
-4.410000E-2	7.889810E-3	3.843330E-4	-2.805709E-1
-4.400000E-2	7.907930E-3	3.480930E-4	-2.792037E-1
-4.390000E-2	7.921280E-3	3.700270E-4	-2.782603E-1
-4.380000E-2	7.966100E-3	3.891010E-4	-2.764231E-1
-4.370000E-2	7.960380E-3	3.633520E-4	-2.747979E-1
-4.360000E-2	7.917460E-3	3.671660E-4	-2.738479E-1
-4.350000E-2	7.927950E-3	4.100820E-4	-2.725724E-1
-4.340000E-2	7.974680E-3	3.976840E-4	-2.710211E-1
-4.330000E-2	7.970870E-3	3.633520E-4	-2.690934E-1
-4.320000E-2	7.950840E-3	3.929160E-4	-2.685587E-1
-4.310000E-2	7.978500E-3	4.272480E-4	-2.665089E-1
-4.300000E-2	7.996620E-3	4.062670E-4	-2.649484E-1
-4.290000E-2	8.000430E-3	4.262940E-4	-2.641335E-1
-4.280000E-2	8.045260E-3	4.463210E-4	-2.623102E-1
-4.270000E-2	8.074820E-3	4.158040E-4	-2.606221E-1
-4.260000E-2	8.078630E-3	4.291550E-4	-2.596961E-1
-4.250000E-2	8.112010E-3	4.339240E-4	-2.578527E-1
-4.240000E-2	8.116780E-3	4.034060E-4	-2.566908E-1
-4.230000E-2	8.116780E-3	4.158040E-4	-2.554429E-1
-4.220000E-2	8.140620E-3	3.995910E-4	-2.535059E-1
-4.210000E-2	8.110110E-3	3.738420E-4	-2.522156E-1
-4.200000E-2	8.070050E-3	3.910080E-4	-2.513720E-1
-4.190000E-2	8.095800E-3	4.262940E-4	-2.498392E-1
-4.180000E-2	8.140620E-3	4.119890E-4	-2.481566E-1
-4.170000E-2	8.158740E-3	4.100820E-4	-2.465499E-1
-4.160000E-2	8.201660E-3	4.091280E-4	-2.442827E-1
-4.150000E-2	8.195940E-3	3.843330E-4	-2.426454E-1
-4.140000E-2	8.167330E-3	4.091280E-4	-2.415576E-1
-4.130000E-2	8.188310E-3	4.529970E-4	-2.397131E-1
-4.120000E-2	8.229320E-3	4.339240E-4	-2.378547E-1
-4.110000E-2	8.238850E-3	4.358310E-4	-2.366328E-1
-4.100000E-2	8.289400E-3	4.320160E-4	-2.353433E-1
-4.090000E-2	8.341850E-3	3.976840E-4	-2.336098E-1
-4.080000E-2	8.346620E-3	3.433250E-4	-2.318876E-1
-4.070000E-2	8.312280E-3	3.290200E-4	-2.307673E-1
-4.060000E-2	8.297980E-3	3.767030E-4	-2.292271E-1
-4.050000E-2	8.320870E-3	3.824250E-4	-2.271746E-1
-4.040000E-2	8.314190E-3	3.929160E-4	-2.257213E-1
-4.030000E-2	8.336130E-3	4.434600E-4	-2.239389E-1
-4.020000E-2	8.401930E-3	4.692100E-4	-2.226799E-1
-4.010000E-2	8.444850E-3	4.177110E-4	-2.204571E-1
-4.000000E-2	8.408610E-3	3.700270E-4	-2.191112E-1
-3.990000E-2	8.377130E-3	3.995910E-4	-2.190474E-1
-3.980000E-2	8.391440E-3	4.425070E-4	-2.167071E-1
-3.970000E-2	8.409560E-3	4.377380E-4	-2.144667E-1
-3.960000E-2	8.404790E-3	4.577660E-4	-2.136481E-1
-3.950000E-2	8.419100E-3	4.692100E-4	-2.123827E-1
-3.940000E-2	8.432450E-3	4.100820E-4	-2.102107E-1
-3.930000E-2	8.400020E-3	3.757500E-4	-2.088685E-1
-3.920000E-2	8.404790E-3	4.138970E-4	-2.080971E-1
-3.910000E-2	8.463920E-3	4.396460E-4	-2.061379E-1
-3.900000E-2	8.488710E-3	4.129430E-4	-2.044950E-1
-3.890000E-2	8.499210E-3	4.291550E-4	-2.037163E-1
-3.880000E-2	8.530680E-3	4.310630E-4	-2.016710E-1
-3.870000E-2	8.516370E-3	4.100820E-4	-2.007571E-1
-3.860000E-2	8.506830E-3	4.253410E-4	-1.990671E-1
-3.850000E-2	8.510650E-3	4.119890E-4	-1.972744E-1
-3.840000E-2	8.488710E-3	4.186650E-4	-1.962828E-1
-3.830000E-2	8.510650E-3	4.177110E-4	-1.942275E-1
-3.820000E-2	8.511600E-3	3.881470E-4	-1.928529E-1
-3.810000E-2	8.514460E-3	4.148500E-4	-1.914126E-1
-3.800000E-2	8.551660E-3	4.596730E-4	-1.904156E-1
-3.790000E-2	8.596480E-3	4.520430E-4	-1.883240E-1
-3.780000E-2	8.583130E-3	4.167580E-4	-1.883841E-1
-3.770000E-2	8.584080E-3	4.034060E-4	-1.864342E-1
-3.760000E-2	8.585990E-3	3.595370E-4	-1.848413E-1
-3.750000E-2	8.544030E-3	3.528610E-4	-1.834307E-1
-3.740000E-2	8.522090E-3	3.976840E-4	-1.824215E-1
-3.730000E-2	8.542120E-3	4.062670E-4	-1.802773E-1
-3.720000E-2	8.529720E-3	4.110350E-4	-1.794457E-1
-3.710000E-2	8.545940E-3	4.339240E-4	-1.774181E-1
-3.700000E-2	8.552610E-3	4.186650E-4	-1.759640E-1
-3.690000E-2	8.548800E-3	4.472750E-4	-1.749946E-1
-3.680000E-2	8.577410E-3	4.730240E-4	-1.729558E-1
-3.670000E-2	8.576450E-3	4.444140E-4	-1.717089E-1
-3.660000E-2	8.565010E-3	4.463210E-4	-1.702770E-1
-3.650000E-2	8.575500E-3	4.282020E-4	-1.676703E-1
-3.640000E-2	8.559290E-3	4.243870E-4	-1.670108E-1
-3.630000E-2	8.577410E-3	4.310630E-4	-1.649267E-1
-3.620000E-2	8.579310E-3	3.891010E-4	-1.631757E-1
-3.610000E-2	8.566920E-3	3.919620E-4	-1.627381E-1
-3.600000E-2	8.582170E-3	4.339240E-4	-1.607670E-1
-3.590000E-2	8.585040E-3	4.158040E-4	-1.586829E-1
-3.580000E-2	8.537350E-3	4.158040E-4	-1.577236E-1
-3.570000E-2	8.511600E-3	4.444140E-4	-1.560559E-1
-3.560000E-2	8.519230E-3	4.158040E-4	-1.542391E-1
-3.550000E-2	8.496340E-3	3.938690E-4	-1.529173E-1
-3.540000E-2	8.486810E-3	4.329700E-4	-1.527748E-1
-3.530000E-2	8.483950E-3	4.549050E-4	-1.507907E-1
-3.520000E-2	8.472500E-3	4.282020E-4	-1.487131E-1
-3.510000E-2	8.440080E-3	4.243870E-4	-1.473107E-1
-3.500000E-2	8.450570E-3	4.510900E-4	-1.468862E-1
-3.490000E-2	8.456290E-3	4.549050E-4	-1.444247E-1
-3.480000E-2	8.418140E-3	4.405990E-4	-1.427597E-1
-3.470000E-2	8.393350E-3	4.558580E-4	-1.418606E-1
-3.460000E-2	8.438170E-3	4.549050E-4	-1.403880E-1
-3.450000E-2	8.459150E-3	4.043600E-4	-1.384400E-1
-3.440000E-2	8.414330E-3	3.910080E-4	-1.371264E-1
-3.430000E-2	8.381900E-3	4.310630E-4	-1.359831E-1
-3.420000E-2	8.403840E-3	4.491820E-4	-1.345040E-1
-3.410000E-2	8.403840E-3	4.177110E-4	-1.328250E-1
-3.400000E-2	8.342800E-3	3.938690E-4	-1.317382E-1
-3.390000E-2	8.314190E-3	4.158040E-4	-1.302499E-1
-3.380000E-2	8.332310E-3	4.129430E-4	-1.287189E-1
-3.370000E-2	8.329450E-3	3.805180E-4	-1.267839E-1
-3.360000E-2	8.277950E-3	3.671660E-4	-1.256720E-1
-3.350000E-2	8.271280E-3	3.900550E-4	-1.243946E-1
-3.340000E-2	8.277950E-3	3.824250E-4	-1.225066E-1
-3.330000E-2	8.234080E-3	3.852860E-4	-1.216980E-1
-3.320000E-2	8.203570E-3	4.215260E-4	-1.194171E-1
-3.310000E-2	8.143480E-3	4.348770E-4	-1.180333E-1
-3.300000E-2	8.071010E-3	4.596730E-4	-1.177140E-1
-3.290000E-2	8.048120E-3	4.863760E-4	-1.164210E-1
-3.280000E-2	8.054790E-3	4.491820E-4	-1.144802E-1
-3.270000E-2	8.014740E-3	4.272480E-4	-1.139225E-1
-3.260000E-2	7.996620E-3	4.491820E-4	-1.129068E-1
-3.250000E-2	8.006160E-3	4.329700E-4	-1.116608E-1
-3.240000E-2	7.976590E-3	3.919620E-4	-1.099847E-1
-3.230000E-2	7.932720E-3	4.158040E-4	-1.094528E-1
-3.220000E-2	7.937490E-3	4.549050E-4	-1.078497E-1
-3.210000E-2	7.946070E-3	4.386920E-4	-1.059359E-1
-3.200000E-2	7.889810E-3	4.091280E-4	-1.048480E-1
-3.190000E-2	7.815420E-3	4.167580E-4	-1.037630E-1
-3.180000E-2	7.786780E-3	4.024520E-4	-1.017317E-1
-3.170000E-2	7.736240E-3	3.833790E-4	-1.003941E-1
-3.160000E-2	7.667570E-3	3.929160E-4	-9.896723E-2
-3.150000E-2	7.640870E-3	4.081740E-4	-9.766802E-2
-3.140000E-2	7.638010E-3	3.824250E-4	-9.595687E-2
-3.130000E-2	7.596050E-3	3.776570E-4	-9.527967E-2
-3.120000E-2	7.594140E-3	3.871940E-4	-9.399908E-2
-3.110000E-2	7.587460E-3	3.500000E-4	-9.194984E-2
-3.100000E-2	7.524520E-3	3.166220E-4	-9.072109E-2
-3.090000E-2	7.476840E-3	3.433250E-4	-8.996429E-2
-3.080000E-2	7.456810E-3	3.538150E-4	-8.798021E-2
-3.070000E-2	7.391960E-3	3.423710E-4	-8.694911E-2
-3.060000E-2	7.336650E-3	3.719350E-4	-8.625210E-2
-3.050000E-2	7.325200E-3	3.786110E-4	-8.493272E-2
-3.040000E-2	7.277520E-3	3.385560E-4	-8.324637E-2
-3.030000E-2	7.192640E-3	3.156680E-4	-8.213436E-2
-3.020000E-2	7.144000E-3	3.404640E-4	-8.123295E-2
-3.010000E-2	7.130650E-3	3.604910E-4	-8.044764E-2
-3.000000E-2	7.095370E-3	3.557220E-4	-7.888154E-2
-2.990000E-2	7.022890E-3	3.442780E-4	-7.718241E-2
-2.980000E-2	6.959940E-3	3.595370E-4	-7.662492E-2
-2.970000E-2	6.918940E-3	3.604910E-4	-7.480055E-2
-2.960000E-2	6.838830E-3	3.414170E-4	-7.446283E-2
-2.950000E-2	6.772070E-3	3.471390E-4	-7.337812E-2
-2.940000E-2	6.722480E-3	3.232970E-4	-7.176139E-2
-2.930000E-2	6.636650E-3	2.975480E-4	-7.068372E-2
-2.920000E-2	6.554630E-3	3.061310E-4	-6.989202E-2
-2.910000E-2	6.515530E-3	3.070850E-4	-6.835564E-2
-2.900000E-2	6.443050E-3	2.918260E-4	-6.687536E-2
-2.890000E-2	6.356270E-3	3.118530E-4	-6.581612E-2
-2.880000E-2	6.304770E-3	3.347420E-4	-6.441953E-2
-2.870000E-2	6.238010E-3	3.109000E-4	-6.398599E-2
-2.860000E-2	6.156000E-3	2.965950E-4	-6.255080E-2
-2.850000E-2	6.085430E-3	2.708450E-4	-6.112107E-2
-2.840000E-2	6.004360E-3	2.565400E-4	-6.103442E-2
-2.830000E-2	5.946190E-3	2.632160E-4	-5.981223E-2
-2.820000E-2	5.905180E-3	2.584480E-4	-5.798712E-2
-2.810000E-2	5.848910E-3	2.765670E-4	-5.736566E-2
-2.800000E-2	5.794550E-3	2.985020E-4	-5.649740E-2
-2.790000E-2	5.742100E-3	2.841970E-4	-5.508276E-2
-2.780000E-2	5.656270E-3	2.803820E-4	-5.467635E-2
-2.770000E-2	5.591420E-3	2.851500E-4	-5.346703E-2
-2.760000E-2	5.515130E-3	2.632160E-4	-5.272681E-2
-2.750000E-2	5.440740E-3	2.698920E-4	-5.212201E-2
-2.740000E-2	5.391150E-3	2.708450E-4	-5.057340E-2
-2.730000E-2	5.318670E-3	2.803820E-4	-4.999296E-2
-2.720000E-2	5.264310E-3	2.937340E-4	-4.936725E-2
-2.710000E-2	5.211860E-3	2.832430E-4	-4.813147E-2
-2.700000E-2	5.126980E-3	2.517720E-4	-4.728412E-2
-2.690000E-2	5.037340E-3	2.450960E-4	-4.688374E-2
-2.680000E-2	4.979160E-3	2.403270E-4	-4.573737E-2
-2.670000E-2	4.900960E-3	2.183920E-4	-4.467387E-2
-2.660000E-2	4.805590E-3	2.117170E-4	-4.415073E-2
-2.650000E-2	4.742650E-3	2.079020E-4	-4.306917E-2
-2.640000E-2	4.669220E-3	1.907360E-4	-4.207612E-2
-2.630000E-2	4.575760E-3	1.907360E-4	-4.169674E-2
-2.620000E-2	4.504230E-3	2.079020E-4	-4.084894E-2
-2.610000E-2	4.439380E-3	2.002730E-4	-3.970831E-2
-2.600000E-2	4.357370E-3	1.945500E-4	-3.923970E-2
-2.590000E-2	4.291560E-3	2.088560E-4	-3.860611E-2
-2.580000E-2	4.241020E-3	2.031340E-4	-3.761667E-2
-2.570000E-2	4.164730E-3	1.831060E-4	-3.705741E-2
-2.560000E-2	4.081760E-3	1.859670E-4	-3.644226E-2
-2.550000E-2	4.016910E-3	1.783380E-4	-3.559797E-2
-2.540000E-2	3.938700E-3	1.735700E-4	-3.480544E-2
-2.530000E-2	3.855720E-3	1.907360E-4	-3.469925E-2
-2.520000E-2	3.785150E-3	2.031340E-4	-3.422675E-2
-2.510000E-2	3.735560E-3	1.993190E-4	-3.322074E-2
-2.500000E-2	3.669750E-3	1.916890E-4	-3.266556E-2
-2.490000E-2	3.610630E-3	1.964580E-4	-3.229229E-2
-2.480000E-2	3.562940E-3	1.888280E-4	-3.139080E-2
-2.470000E-2	3.499050E-3	1.726160E-4	-3.078276E-2
-2.460000E-2	3.436100E-3	1.802450E-4	-3.043959E-2
-2.450000E-2	3.382700E-3	1.831060E-4	-2.979507E-2
-2.440000E-2	3.324520E-3	1.592650E-4	-2.905883E-2
-2.430000E-2	3.252040E-3	1.344690E-4	-2.833526E-2
-2.420000E-2	3.175750E-3	1.411450E-4	-2.810483E-2
-2.410000E-2	3.117580E-3	1.506810E-4	-2.750643E-2
-2.400000E-2	3.047960E-3	1.411450E-4	-2.684803E-2
-2.390000E-2	2.974530E-3	1.392370E-4	-2.661826E-2
-2.380000E-2	2.923030E-3	1.392370E-4	-2.587859E-2
-2.370000E-2	2.867710E-3	1.297010E-4	-2.553957E-2
-2.360000E-2	2.812400E-3	1.316080E-4	-2.505920E-2
-2.350000E-2	2.763760E-3	1.230250E-4	-2.447913E-2
-2.340000E-2	2.704640E-3	1.230250E-4	-2.406466E-2
-2.330000E-2	2.655040E-3	1.277930E-4	-2.344506E-2
-2.320000E-2	2.597820E-3	1.173020E-4	-2.291396E-2
-2.310000E-2	2.532970E-3	1.125340E-4	-2.248533E-2
-2.300000E-2	2.473850E-3	1.211170E-4	-2.215993E-2
-2.290000E-2	2.430930E-3	1.325620E-4	-2.190257E-2
-2.280000E-2	2.405180E-3	1.287470E-4	-2.142729E-2
-2.270000E-2	2.362270E-3	1.144410E-4	-2.089174E-2
-2.260000E-2	2.305050E-3	1.029970E-4	-2.052727E-2
-2.250000E-2	2.251640E-3	1.039510E-4	-2.029852E-2
-2.240000E-2	2.217310E-3	1.077660E-4	-1.993841E-2
-2.230000E-2	2.184880E-3	9.918260E-5	-1.946145E-2
-2.220000E-2	2.139110E-3	9.727520E-5	-1.929676E-2
-2.210000E-2	2.103820E-3	9.822890E-5	-1.883796E-2
-2.200000E-2	2.058040E-3	9.250690E-5	-1.835870E-2
-2.190000E-2	2.003680E-3	9.441420E-5	-1.814356E-2
-2.180000E-2	1.959820E-3	9.918260E-5	-1.767234E-2
-2.170000E-2	1.921660E-3	9.059950E-5	-1.729371E-2
-2.160000E-2	1.879700E-3	8.583120E-5	-1.717031E-2
-2.150000E-2	1.846320E-3	8.773850E-5	-1.682870E-2
-2.140000E-2	1.813900E-3	8.106280E-5	-1.639443E-2
-2.130000E-2	1.774800E-3	8.106280E-5	-1.608218E-2
-2.120000E-2	1.738560E-3	9.059950E-5	-1.592249E-2
-2.110000E-2	1.711850E-3	9.632160E-5	-1.565466E-2
-2.100000E-2	1.688960E-3	8.869220E-5	-1.523123E-2
-2.090000E-2	1.651770E-3	8.106280E-5	-1.508542E-2
-2.080000E-2	1.618390E-3	8.010910E-5	-1.487102E-2
-2.070000E-2	1.594550E-3	7.343340E-5	-1.447766E-2
-2.060000E-2	1.563080E-3	7.057240E-5	-1.421715E-2
-2.050000E-2	1.532560E-3	7.438710E-5	-1.411792E-2
-2.040000E-2	1.508720E-3	7.534070E-5	-1.377964E-2
-2.030000E-2	1.479160E-3	6.961870E-5	-1.343202E-2
-2.020000E-2	1.442920E-3	6.866500E-5	-1.321438E-2
-2.010000E-2	1.413350E-3	7.247970E-5	-1.304756E-2
-2.000000E-2	1.392370E-3	6.961870E-5	-1.273929E-2
-1.990000E-2	1.364720E-3	6.389660E-5	-1.254867E-2
-1.980000E-2	1.336110E-3	6.580400E-5	-1.232196E-2
-1.970000E-2	1.315120E-3	6.961870E-5	-1.203562E-2
-1.960000E-2	1.296050E-3	6.771130E-5	-1.168939E-2
-1.950000E-2	1.270300E-3	6.008170E-5	-1.156237E-2
-1.940000E-2	1.244550E-3	5.912800E-5	-1.152367E-2
-1.930000E-2	1.227390E-3	5.912800E-5	-1.121012E-2
-1.920000E-2	1.208310E-3	5.435970E-5	-1.094110E-2
-1.910000E-2	1.184470E-3	5.531330E-5	-1.082260E-2
-1.900000E-2	1.163490E-3	5.817440E-5	-1.074428E-2
-1.890000E-2	1.150140E-3	5.722070E-5	-1.048647E-2
-1.880000E-2	1.131070E-3	5.149860E-5	-1.030316E-2
-1.870000E-2	1.111040E-3	5.149860E-5	-1.016893E-2
-1.860000E-2	1.096730E-3	5.054500E-5	-9.912502E-3
-1.850000E-2	1.079570E-3	4.577660E-5	-9.741049E-3
-1.840000E-2	1.060490E-3	4.768390E-5	-9.549888E-3
-1.830000E-2	1.045230E-3	4.577660E-5	-9.298361E-3
-1.820000E-2	1.026160E-3	4.196190E-5	-9.174949E-3
-1.810000E-2	1.005180E-3	4.196190E-5	-9.081362E-3
-1.800000E-2	9.908750E-4	4.386930E-5	-8.884915E-3
-1.790000E-2	9.765700E-4	4.196190E-5	-8.646072E-3
-1.780000E-2	9.594000E-4	4.577660E-5	-8.644124E-3
-1.770000E-2	9.470020E-4	5.054500E-5	-8.438054E-3
-1.760000E-2	9.346050E-4	5.054500E-5	-8.207452E-3
-1.750000E-2	9.231600E-4	4.959130E-5	-8.116821E-3
-1.740000E-2	9.117160E-4	4.577660E-5	-7.864271E-3
-1.730000E-2	8.945500E-4	4.386930E-5	-7.784010E-3
-1.720000E-2	8.811990E-4	4.291560E-5	-7.638209E-3
-1.710000E-2	8.697550E-4	4.005460E-5	-7.422875E-3
-1.700000E-2	8.535420E-4	4.005460E-5	-7.431669E-3
-1.690000E-2	8.363760E-4	4.291560E-5	-7.159313E-3
-1.680000E-2	8.201640E-4	3.910090E-5	-6.962493E-3
-1.670000E-2	8.039510E-4	3.814720E-5	-6.864091E-3
-1.660000E-2	7.944140E-4	4.005460E-5	-6.752810E-3
-1.650000E-2	7.858310E-4	3.910090E-5	-6.580343E-3
-1.640000E-2	7.724800E-4	3.623990E-5	-6.486479E-3
-1.630000E-2	7.619900E-4	3.719350E-5	-6.325389E-3
-1.620000E-2	7.524530E-4	3.433250E-5	-6.238281E-3
-1.610000E-2	7.419620E-4	3.051780E-5	-6.217356E-3
-1.600000E-2	7.324260E-4	2.861030E-5	-6.074608E-3
-1.590000E-2	7.267040E-4	2.574930E-5	-5.898811E-3
-1.580000E-2	7.171670E-4	2.479560E-5	-5.749569E-3
-1.570000E-2	7.038150E-4	2.956400E-5	-5.699124E-3
-1.560000E-2	6.933250E-4	3.337880E-5	-5.532390E-3
-1.550000E-2	6.818810E-4	3.242520E-5	-5.442968E-3
-1.540000E-2	6.704370E-4	3.337880E-5	-5.311412E-3
-1.530000E-2	6.618540E-4	3.337880E-5	-5.160326E-3
-1.520000E-2	6.504100E-4	3.051780E-5	-5.069612E-3
-1.510000E-2	6.399190E-4	2.956400E-5	-5.020355E-3
-1.500000E-2	6.322900E-4	2.574930E-5	-4.892972E-3
-1.490000E-2	6.237070E-4	2.193460E-5	-4.754383E-3
-1.480000E-2	6.113090E-4	2.002730E-5	-4.672000E-3
-1.470000E-2	6.017720E-4	2.288830E-5	-4.537494E-3
-1.460000E-2	5.931890E-4	2.288830E-5	-4.436024E-3
-1.450000E-2	5.836520E-4	2.479560E-5	-4.282720E-3
-1.440000E-2	5.760230E-4	2.765670E-5	-4.291515E-3
-1.430000E-2	5.703010E-4	2.765670E-5	-4.104967E-3
-1.420000E-2	5.607640E-4	2.765670E-5	-4.115710E-3
-1.410000E-2	5.512270E-4	2.765670E-5	-4.076270E-3
-1.400000E-2	5.445520E-4	2.574930E-5	-3.910752E-3
-1.390000E-2	5.340610E-4	2.384200E-5	-3.772163E-3
-1.380000E-2	5.235710E-4	2.384200E-5	-3.746706E-3
-1.370000E-2	5.159420E-4	2.384200E-5	-3.620248E-3
-1.360000E-2	5.073580E-4	2.288830E-5	-3.560726E-3
-1.350000E-2	4.997290E-4	2.384200E-5	-3.474813E-3
-1.340000E-2	4.921000E-4	2.288830E-5	-3.371505E-3
-1.330000E-2	4.825610E-4	2.193460E-5	-3.324846E-3
-1.320000E-2	4.739780E-4	2.288830E-5	-3.266242E-3
-1.310000E-2	4.692100E-4	2.098100E-5	-3.129698E-3
-1.300000E-2	4.606270E-4	1.811990E-5	-3.118217E-3
-1.290000E-2	4.520430E-4	1.907360E-5	-3.072393E-3
-1.280000E-2	4.444140E-4	2.002730E-5	-2.916865E-3
-1.270000E-2	4.348770E-4	2.002730E-5	-2.856223E-3
-1.260000E-2	4.253410E-4	2.098100E-5	-2.842897E-3
-1.250000E-2	4.196190E-4	2.193460E-5	-2.724771E-3
-1.240000E-2	4.110350E-4	1.907360E-5	-2.651169E-3
-1.230000E-2	4.034060E-4	1.907360E-5	-2.614057E-3
-1.220000E-2	3.986380E-4	1.907360E-5	-2.568593E-3
-1.210000E-2	3.910080E-4	1.621260E-5	-2.440380E-3
-1.200000E-2	3.814720E-4	1.525890E-5	-2.378357E-3
-1.190000E-2	3.709810E-4	1.621260E-5	-2.366316E-3
-1.180000E-2	3.623980E-4	1.811990E-5	-2.312437E-3
-1.170000E-2	3.566760E-4	1.811990E-5	-2.220418E-3
-1.160000E-2	3.490470E-4	1.716630E-5	-2.157282E-3
-1.150000E-2	3.414170E-4	1.716630E-5	-2.089615E-3
-1.140000E-2	3.347420E-4	1.716630E-5	-2.063590E-3
-1.130000E-2	3.299730E-4	1.621260E-5	-2.005091E-3
-1.120000E-2	3.223440E-4	1.335150E-5	-1.928808E-3
-1.110000E-2	3.137610E-4	1.239780E-5	-1.908815E-3
-1.100000E-2	3.070850E-4	1.239780E-5	-1.823463E-3
-1.090000E-2	3.023170E-4	1.239780E-5	-1.808644E-3
-1.080000E-2	2.965950E-4	1.049050E-5	-1.702642E-3
-1.070000E-2	2.880120E-4	1.049050E-5	-1.666912E-3
-1.060000E-2	2.803820E-4	1.049050E-5	-1.620992E-3
-1.050000E-2	2.737060E-4	1.239780E-5	-1.603963E-3
-1.040000E-2	2.689380E-4	1.239780E-5	-1.571003E-3
-1.030000E-2	2.632160E-4	1.144420E-5	-1.485187E-3
-1.020000E-2	2.555870E-4	1.049050E-5	-1.484537E-3
-1.010000E-2	2.498650E-4	1.144420E-5	-1.413623E-3
-1.000000E-2	2.431880E-4	1.049050E-5	-1.361409E-3
-9.900000E-3	2.365120E-4	9.536800E-6	-1.315773E-3
-9.800000E-3	2.298360E-4	1.049050E-5	-1.295504E-3
-9.700000E-3	2.250680E-4	1.049050E-5	-1.290226E-3
-9.600000E-3	2.203000E-4	1.049050E-5	-1.236161E-3
-9.500000E-3	2.145780E-4	8.583130E-6	-1.201349E-3
-9.400000E-3	2.079020E-4	7.629450E-6	-1.170800E-3
-9.300000E-3	2.012260E-4	8.583130E-6	-1.142006E-3
-9.200000E-3	1.964580E-4	9.536800E-6	-1.108956E-3
-9.100000E-3	1.926430E-4	8.583130E-6	-1.043044E-3
-9.000000E-3	1.869210E-4	7.629450E-6	-1.046664E-3
-8.900000E-3	1.831060E-4	6.675750E-6	-1.006022E-3
-8.800000E-3	1.783380E-4	5.722080E-6	-1.004723E-3
-8.700000E-3	1.726160E-4	5.722080E-6	-9.462160E-4
-8.600000E-3	1.678480E-4	7.629450E-6	-9.281644E-4
-8.500000E-3	1.630790E-4	6.675750E-6	-8.718678E-4
-8.400000E-3	1.592650E-4	5.722080E-6	-8.893739E-4
-8.300000E-3	1.544960E-4	5.722080E-6	-8.712325E-4
-8.200000E-3	1.497280E-4	6.675750E-6	-8.145770E-4
-8.100000E-3	1.468670E-4	6.675750E-6	-7.914268E-4
-8.000000E-3	1.430520E-4	6.675750E-6	-7.688364E-4
-7.900000E-3	1.401910E-4	5.722080E-6	-7.674549E-4
-7.800000E-3	1.363760E-4	5.722080E-6	-7.401390E-4
-7.700000E-3	1.325620E-4	5.722080E-6	-7.141291E-4
-7.600000E-3	1.277930E-4	5.722080E-6	-6.665441E-4
-7.500000E-3	1.258860E-4	5.722080E-6	-6.608032E-4
-7.400000E-3	1.211170E-4	4.768400E-6	-6.337778E-4
-7.300000E-3	1.182560E-4	5.722080E-6	-6.369139E-4
-7.200000E-3	1.144410E-4	5.722080E-6	-5.890598E-4
-7.100000E-3	1.106270E-4	4.768400E-6	-5.793397E-4
-7.000000E-3	1.077660E-4	4.768400E-6	-5.685971E-4
-6.900000E-3	1.049050E-4	4.768400E-6	-5.380554E-4
-6.800000E-3	1.020440E-4	4.768400E-6	-5.241696E-4
-6.700000E-3	9.918260E-5	3.814730E-6	-5.120383E-4
-6.600000E-3	9.727520E-5	3.814730E-6	-4.866707E-4
-6.500000E-3	9.441420E-5	3.814730E-6	-4.757415E-4
-6.400000E-3	9.250690E-5	3.814730E-6	-4.645502E-4
-6.300000E-3	9.059950E-5	3.814730E-6	-4.464916E-4
-6.200000E-3	8.773850E-5	3.814730E-6	-4.390858E-4
-6.100000E-3	8.487750E-5	2.861040E-6	-4.169653E-4
-6.000000E-3	8.201650E-5	3.814730E-6	-4.023332E-4
-5.900000E-3	8.010910E-5	2.861040E-6	-4.196456E-4
-5.800000E-3	7.820180E-5	2.861040E-6	-3.640126E-4
-5.700000E-3	7.534070E-5	3.814730E-6	-3.723370E-4
-5.600000E-3	7.438710E-5	3.814730E-6	-3.568831E-4
-5.500000E-3	7.247970E-5	3.814730E-6	-3.429902E-4
-5.400000E-3	7.057240E-5	3.814730E-6	-3.389213E-4
-5.300000E-3	6.866500E-5	2.861040E-6	-3.294704E-4
-5.200000E-3	6.675770E-5	1.907360E-6	-3.090148E-4
-5.100000E-3	6.485030E-5	2.861040E-6	-2.892983E-4
-5.000000E-3	6.389660E-5	2.861040E-6	-2.913364E-4
-4.900000E-3	6.198930E-5	2.861040E-6	-3.116125E-4
-4.800000E-3	6.103560E-5	2.861040E-6	-3.106797E-4
-4.700000E-3	5.912800E-5	2.861040E-6	-2.700377E-4
-4.600000E-3	5.912800E-5	1.907360E-6	-2.325459E-4
-4.500000E-3	5.722070E-5	1.907360E-6	-2.218104E-4
-4.400000E-3	5.531330E-5	1.907360E-6	-2.201455E-4
-4.300000E-3	5.435970E-5	1.907360E-6	-2.293059E-4
-4.200000E-3	5.340600E-5	1.907360E-6	-2.166221E-4
-4.100000E-3	5.245230E-5	1.907360E-6	-2.033928E-4
-4.000000E-3	5.054500E-5	1.907360E-6	-1.734934E-4
-3.900000E-3	4.959130E-5	1.907360E-6	-2.063494E-4
-3.800000E-3	4.863760E-5	1.907360E-6	-1.574727E-4
-3.700000E-3	4.863760E-5	1.907360E-6	-1.618251E-4
-3.600000E-3	4.673030E-5	1.907360E-6	-1.431241E-4
-3.500000E-3	4.577660E-5	1.907360E-6	-1.573830E-4
-3.400000E-3	4.482290E-5	1.907360E-6	-1.393243E-4
-3.300000E-3	4.386930E-5	1.907360E-6	-1.496041E-4
-3.200000E-3	4.291560E-5	1.907360E-6	-1.303505E-4
-3.100000E-3	4.196190E-5	1.907360E-6	-1.153524E-4
-3.000000E-3	4.196190E-5	1.907360E-6	-1.538667E-4
-2.900000E-3	4.100820E-5	1.907360E-6	-1.297979E-4
-2.800000E-3	4.100820E-5	1.907360E-6	-9.461340E-5
-2.700000E-3	4.005460E-5	1.907360E-6	-1.077601E-4
-2.600000E-3	3.910090E-5	1.907360E-6	-8.952193E-5
-2.500000E-3	3.910090E-5	1.907360E-6	-7.915243E-5
-2.400000E-3	3.814720E-5	1.907360E-6	-8.007815E-5
-2.300000E-3	3.814720E-5	1.907360E-6	-9.147021E-5
-2.200000E-3	3.719350E-5	1.907360E-6	-4.721503E-5
-2.100000E-3	3.719350E-5	1.907360E-6	-5.684538E-5
-2.000000E-3	3.719350E-5	1.907360E-6	-4.925304E-5
-1.900000E-3	3.719350E-5	1.907360E-6	-3.740522E-5
-1.800000E-3	3.719350E-5	1.907360E-6	-4.249669E-5
-1.700000E-3	3.623990E-5	1.907360E-6	-6.045143E-5
-1.600000E-3	3.528620E-5	9.536820E-7	-5.363892E-6
-1.500000E-3	3.528620E-5	9.536820E-7	-4.157097E-5
-1.400000E-3	3.528620E-5	1.907360E-6	-5.737021E-6
-1.300000E-3	3.528620E-5	1.907360E-6	-1.147792E-5
-1.200000E-3	3.528620E-5	1.907360E-6	-2.157112E-5
-1.100000E-3	3.433250E-5	1.907360E-6	1.990689E-5
-1.000000E-3	3.433250E-5	1.907360E-6	6.483925E-6
-9.000000E-4	3.433250E-5	1.907360E-6	3.925021E-5
-8.000000E-4	3.337880E-5	9.536820E-7	2.156467E-5
-7.000000E-4	3.337880E-5	1.907360E-6	3.017956E-5
-6.000000E-4	3.337880E-5	1.907360E-6	1.564431E-5
-5.000000E-4	3.337880E-5	1.907360E-6	4.823113E-5
-4.000000E-4	3.337880E-5	9.536820E-7	2.804472E-5
-3.000000E-4	3.337880E-5	9.536820E-7	3.804819E-5
-2.000000E-4	3.242520E-5	1.907360E-6	4.212421E-5
-1.000000E-4	3.337880E-5	9.536820E-7	9.599553E-5
0.000000E+0	3.337880E-5	9.536820E-7	7.480076E-5
1.000000E-4	3.337880E-5	9.536820E-7	8.109425E-5
2.000000E-4	3.337880E-5	9.536820E-7	6.257982E-5
3.000000E-4	3.337880E-5	9.536820E-7	7.424107E-5
4.000000E-4	3.337880E-5	9.536820E-7	1.053496E-4
5.000000E-4	3.337880E-5	9.536820E-7	9.895926E-5
6.000000E-4	3.337880E-5	9.536820E-7	9.350176E-5
7.000000E-4	3.337880E-5	9.536820E-7	9.507691E-5
8.000000E-4	3.337880E-5	9.536820E-7	9.553267E-5
9.000000E-4	3.337880E-5	9.536820E-7	1.061785E-4
1.000000E-3	3.337880E-5	9.536820E-7	1.307172E-4
1.100000E-3	3.337880E-5	1.907360E-6	1.289555E-4
1.200000E-3	3.337880E-5	1.907360E-6	1.488585E-4
1.300000E-3	3.337880E-5	1.907360E-6	1.508965E-4
1.400000E-3	3.337880E-5	9.536820E-7	1.649689E-4
1.500000E-3	3.337880E-5	1.907360E-6	1.594146E-4
1.600000E-3	3.337880E-5	1.907360E-6	1.547789E-4
1.700000E-3	3.337880E-5	1.907360E-6	1.511657E-4
1.800000E-3	3.337880E-5	1.907360E-6	1.855142E-4
1.900000E-3	3.337880E-5	9.536820E-7	1.857976E-4
2.000000E-3	3.242520E-5	9.536820E-7	1.773693E-4
2.100000E-3	3.242520E-5	9.536820E-7	1.812659E-4
2.200000E-3	3.242520E-5	1.907360E-6	1.890377E-4
2.300000E-3	3.337880E-5	1.907360E-6	1.973621E-4
2.400000E-3	3.337880E-5	9.536820E-7	2.055141E-4
2.500000E-3	3.242520E-5	9.536820E-7	2.335691E-4
2.600000E-3	3.242520E-5	9.536820E-7	2.191236E-4
2.700000E-3	3.337880E-5	1.907360E-6	1.942260E-4
2.800000E-3	3.337880E-5	1.907360E-6	2.376380E-4
2.900000E-3	3.337880E-5	1.907360E-6	2.398626E-4
3.000000E-3	3.337880E-5	1.907360E-6	2.568987E-4
3.100000E-3	3.337880E-5	9.536820E-7	2.625428E-4
3.200000E-3	3.337880E-5	1.907360E-6	2.646705E-4
3.300000E-3	3.337880E-5	1.907360E-6	2.643045E-4
3.400000E-3	3.337880E-5	1.907360E-6	2.570853E-4
3.500000E-3	3.433250E-5	1.907360E-6	2.543010E-4
3.600000E-3	3.433250E-5	9.536820E-7	2.864250E-4
3.700000E-3	3.337880E-5	9.536820E-7	2.754061E-4
3.800000E-3	3.337880E-5	9.536820E-7	2.865218E-4
3.900000E-3	3.337880E-5	1.907360E-6	3.355780E-4
4.000000E-3	3.337880E-5	1.907360E-6	2.920762E-4
4.100000E-3	3.433250E-5	1.907360E-6	2.939205E-4
4.200000E-3	3.433250E-5	9.536820E-7	3.120618E-4
4.300000E-3	3.433250E-5	9.536820E-7	2.971605E-4
4.400000E-3	3.433250E-5	9.536820E-7	2.950399E-4
4.500000E-3	3.433250E-5	1.907360E-6	3.223416E-4
4.600000E-3	3.528620E-5	9.536820E-7	3.318751E-4
4.700000E-3	3.528620E-5	9.536820E-7	3.677988E-4
4.800000E-3	3.528620E-5	9.536820E-7	3.373397E-4
4.900000E-3	3.528620E-5	9.536820E-7	3.640062E-4
5.000000E-3	3.528620E-5	1.907360E-6	3.698368E-4
5.100000E-3	3.528620E-5	1.907360E-6	3.933458E-4
5.200000E-3	3.623990E-5	1.907360E-6	3.940921E-4
5.300000E-3	3.719350E-5	1.907360E-6	4.009382E-4
5.400000E-3	3.719350E-5	9.536820E-7	3.725242E-4
5.500000E-3	3.719350E-5	9.536820E-7	4.010350E-4
5.600000E-3	3.719350E-5	9.536820E-7	4.146445E-4
5.700000E-3	3.719350E-5	1.907360E-6	4.121437E-4
5.800000E-3	3.719350E-5	1.907360E-6	4.227895E-4
5.900000E-3	3.814720E-5	1.907360E-6	4.190866E-4
6.000000E-3	3.910090E-5	1.907360E-6	4.490828E-4
6.100000E-3	3.910090E-5	1.907360E-6	4.452902E-4
6.200000E-3	4.005460E-5	1.907360E-6	4.319570E-4
6.300000E-3	4.005460E-5	1.907360E-6	4.511137E-4
6.400000E-3	4.100820E-5	1.907360E-6	4.661118E-4
6.500000E-3	4.196190E-5	1.907360E-6	4.836108E-4
6.600000E-3	4.196190E-5	1.907360E-6	4.599081E-4
6.700000E-3	4.291560E-5	1.907360E-6	4.886054E-4
6.800000E-3	4.386930E-5	1.907360E-6	5.024015E-4
6.900000E-3	4.482290E-5	1.907360E-6	5.014758E-4
7.000000E-3	4.577660E-5	1.907360E-6	5.363769E-4
7.100000E-3	4.673030E-5	1.907360E-6	5.076796E-4
7.200000E-3	4.768390E-5	1.907360E-6	5.369366E-4
7.300000E-3	4.863760E-5	1.907360E-6	5.568397E-4
7.400000E-3	4.959130E-5	1.907360E-6	5.571160E-4
7.500000E-3	5.054500E-5	1.907360E-6	5.456342E-4
7.600000E-3	5.149860E-5	1.907360E-6	5.766458E-4
7.700000E-3	5.245230E-5	1.907360E-6	5.682175E-4
7.800000E-3	5.435970E-5	1.907360E-6	6.035815E-4
7.900000E-3	5.531330E-5	1.907360E-6	6.169218E-4
8.000000E-3	5.626700E-5	1.907360E-6	6.059926E-4
8.100000E-3	5.722070E-5	1.907360E-6	6.131292E-4
8.200000E-3	5.912800E-5	2.861040E-6	6.216402E-4
8.300000E-3	6.008170E-5	1.907360E-6	6.559887E-4
8.400000E-3	6.103560E-5	2.861040E-6	6.537641E-4
8.500000E-3	6.198930E-5	2.861040E-6	6.703374E-4
8.600000E-3	6.389660E-5	3.814730E-6	6.832078E-4
8.700000E-3	6.580400E-5	3.814730E-6	6.699643E-4
8.800000E-3	6.771130E-5	3.814730E-6	7.057911E-4
8.900000E-3	6.961870E-5	2.861040E-6	7.293970E-4
9.000000E-3	7.057240E-5	2.861040E-6	7.247684E-4
9.100000E-3	7.247970E-5	3.814730E-6	7.602292E-4
9.200000E-3	7.534070E-5	3.814730E-6	7.779974E-4
9.300000E-3	7.724810E-5	2.861040E-6	7.735554E-4
9.400000E-3	7.915540E-5	2.861040E-6	7.914275E-4
9.500000E-3	8.106280E-5	3.814730E-6	8.042010E-4
9.600000E-3	8.392380E-5	3.814730E-6	8.090233E-4
9.700000E-3	8.583120E-5	3.814730E-6	8.385495E-4
9.800000E-3	8.773850E-5	4.768400E-6	8.718684E-4
9.900000E-3	9.059950E-5	4.768400E-6	8.957577E-4
1.000000E-2	9.441420E-5	4.768400E-6	9.206554E-4
1.010000E-2	9.727520E-5	3.814730E-6	9.161236E-4
1.020000E-2	9.918260E-5	3.814730E-6	9.257539E-4
1.030000E-2	1.010900E-4	3.814730E-6	9.682403E-4
1.040000E-2	1.039510E-4	3.814730E-6	9.783335E-4
1.050000E-2	1.058580E-4	4.768400E-6	9.961088E-4
1.060000E-2	1.096730E-4	4.768400E-6	1.011010E-3
1.070000E-2	1.125340E-4	3.814730E-6	1.049241E-3
1.080000E-2	1.144410E-4	3.814730E-6	1.061835E-3
1.090000E-2	1.173020E-4	4.768400E-6	1.070906E-3
1.100000E-2	1.211170E-4	5.722080E-6	1.082940E-3
1.110000E-2	1.258860E-4	5.722080E-6	1.120529E-3
1.120000E-2	1.287470E-4	5.722080E-6	1.128860E-3
1.130000E-2	1.316080E-4	4.768400E-6	1.183388E-3
1.140000E-2	1.344690E-4	5.722080E-6	1.215788E-3
1.150000E-2	1.382840E-4	7.629450E-6	1.223567E-3
1.160000E-2	1.430520E-4	8.583130E-6	1.238289E-3
1.170000E-2	1.487740E-4	7.629450E-6	1.297804E-3
1.180000E-2	1.525890E-4	5.722080E-6	1.344567E-3
1.190000E-2	1.554500E-4	5.722080E-6	1.337341E-3
1.200000E-2	1.602180E-4	6.675750E-6	1.359192E-3
1.210000E-2	1.649870E-4	6.675750E-6	1.390384E-3
1.220000E-2	1.678480E-4	6.675750E-6	1.424269E-3
1.230000E-2	1.726160E-4	8.583130E-6	1.468241E-3
1.240000E-2	1.783380E-4	9.536800E-6	1.490555E-3
1.250000E-2	1.831060E-4	8.583130E-6	1.550907E-3
1.260000E-2	1.878750E-4	7.629450E-6	1.590817E-3
1.270000E-2	1.926430E-4	8.583130E-6	1.618125E-3
1.280000E-2	1.974120E-4	9.536800E-6	1.639320E-3
1.290000E-2	2.040870E-4	1.049050E-5	1.669123E-3
1.300000E-2	2.098090E-4	9.536800E-6	1.766338E-3
1.310000E-2	2.145780E-4	8.583130E-6	1.780679E-3
1.320000E-2	2.183920E-4	9.536800E-6	1.813923E-3
1.330000E-2	2.241140E-4	1.144420E-5	1.843456E-3
1.340000E-2	2.307900E-4	1.239780E-5	1.890018E-3
1.350000E-2	2.365120E-4	1.144420E-5	1.967040E-3
1.360000E-2	2.412810E-4	1.144420E-5	1.999343E-3
1.370000E-2	2.470040E-4	1.239780E-5	2.036559E-3
1.380000E-2	2.546330E-4	1.430520E-5	2.062576E-3
1.390000E-2	2.622620E-4	1.335150E-5	2.138022E-3
1.400000E-2	2.679840E-4	1.239780E-5	2.187921E-3
1.410000E-2	2.717990E-4	1.335150E-5	2.204964E-3
1.420000E-2	2.794280E-4	1.525890E-5	2.248839E-3
1.430000E-2	2.870580E-4	1.430520E-5	2.334565E-3
1.440000E-2	2.937340E-4	1.239780E-5	2.398993E-3
1.450000E-2	2.985020E-4	1.144420E-5	2.413162E-3
1.460000E-2	3.042240E-4	1.335150E-5	2.492491E-3
1.470000E-2	3.128070E-4	1.335150E-5	2.535171E-3
1.480000E-2	3.204360E-4	1.239780E-5	2.624600E-3
1.490000E-2	3.261580E-4	1.239780E-5	2.680882E-3
1.500000E-2	3.318810E-4	1.525890E-5	2.739673E-3
1.510000E-2	3.414170E-4	1.716630E-5	2.810214E-3
1.520000E-2	3.519080E-4	1.716630E-5	2.839188E-3
1.530000E-2	3.595370E-4	1.525890E-5	2.951021E-3
1.540000E-2	3.652590E-4	1.430520E-5	3.015731E-3
1.550000E-2	3.700270E-4	1.621260E-5	3.068221E-3
1.560000E-2	3.786110E-4	2.002730E-5	3.148296E-3
1.570000E-2	3.881470E-4	2.288830E-5	3.200606E-3
1.580000E-2	3.986380E-4	2.098100E-5	3.287438E-3
1.590000E-2	4.053130E-4	1.716630E-5	3.369737E-3
1.600000E-2	4.100820E-4	1.525890E-5	3.482316E-3
1.610000E-2	4.158040E-4	1.716630E-5	3.483048E-3
1.620000E-2	4.243870E-4	2.002730E-5	3.598860E-3
1.630000E-2	4.329700E-4	1.907360E-5	3.671723E-3
1.640000E-2	4.386920E-4	1.907360E-5	3.752261E-3
1.650000E-2	4.453680E-4	2.193460E-5	3.807804E-3
1.660000E-2	4.558580E-4	2.479560E-5	3.910656E-3
1.670000E-2	4.673020E-4	2.384200E-5	3.995920E-3
1.680000E-2	4.758850E-4	2.193460E-5	4.056181E-3
1.690000E-2	4.816070E-4	2.193460E-5	4.182729E-3
1.700000E-2	4.901920E-4	2.098100E-5	4.233091E-3
1.710000E-2	5.006830E-4	1.907360E-5	4.341131E-3
1.720000E-2	5.092660E-4	1.716630E-5	4.477772E-3
1.730000E-2	5.159420E-4	1.716630E-5	4.607559E-3
1.740000E-2	5.235710E-4	2.193460E-5	4.646253E-3
1.750000E-2	5.359690E-4	2.670300E-5	4.767074E-3
1.760000E-2	5.483660E-4	2.574930E-5	4.879079E-3
1.770000E-2	5.559960E-4	2.384200E-5	4.988508E-3
1.780000E-2	5.636250E-4	2.574930E-5	5.082289E-3
1.790000E-2	5.731620E-4	2.956400E-5	5.169128E-3
1.800000E-2	5.865130E-4	3.051780E-5	5.285492E-3
1.810000E-2	5.960500E-4	2.574930E-5	5.433698E-3
1.820000E-2	6.017720E-4	2.479560E-5	5.443611E-3
1.830000E-2	6.065410E-4	2.574930E-5	5.606911E-3
1.840000E-2	6.170310E-4	2.861030E-5	5.692264E-3
1.850000E-2	6.284750E-4	2.670300E-5	5.833907E-3
1.860000E-2	6.408730E-4	2.384200E-5	5.935833E-3
1.870000E-2	6.504100E-4	2.193460E-5	6.082104E-3
1.880000E-2	6.580390E-4	1.907360E-5	6.186987E-3
1.890000E-2	6.656680E-4	1.716630E-5	6.312609E-3
1.900000E-2	6.723440E-4	1.716630E-5	6.454625E-3
1.910000E-2	6.790200E-4	1.811990E-5	6.575708E-3
1.920000E-2	6.885570E-4	2.002730E-5	6.675513E-3
1.930000E-2	7.000010E-4	2.288830E-5	6.858440E-3
1.940000E-2	7.133520E-4	2.670300E-5	7.009796E-3
1.950000E-2	7.257500E-4	3.051780E-5	7.100613E-3
1.960000E-2	7.371940E-4	3.051780E-5	7.255126E-3
1.970000E-2	7.495920E-4	3.242520E-5	7.428146E-3
1.980000E-2	7.610360E-4	3.433250E-5	7.564324E-3
1.990000E-2	7.724800E-4	3.433250E-5	7.669214E-3
2.000000E-2	7.839240E-4	3.433250E-5	7.798629E-3
2.010000E-2	7.944140E-4	3.528620E-5	7.949162E-3
2.020000E-2	8.039510E-4	3.719350E-5	8.014515E-3
2.030000E-2	8.144420E-4	3.623990E-5	8.207259E-3
2.040000E-2	8.258860E-4	3.623990E-5	8.393792E-3
2.050000E-2	8.373300E-4	3.719350E-5	8.496091E-3
2.060000E-2	8.497280E-4	3.719350E-5	8.687820E-3
2.070000E-2	8.640330E-4	3.814720E-5	8.878339E-3
2.080000E-2	8.773840E-4	3.910090E-5	8.998966E-3
2.090000E-2	8.907360E-4	4.100820E-5	9.117735E-3
2.100000E-2	9.050410E-4	4.196190E-5	9.341304E-3
2.110000E-2	9.193460E-4	4.386930E-5	9.531733E-3
2.120000E-2	9.317440E-4	4.577660E-5	9.628015E-3
2.130000E-2	9.470020E-4	4.577660E-5	9.842140E-3
2.140000E-2	9.632150E-4	4.673030E-5	1.007191E-2
2.150000E-2	9.775240E-4	4.768390E-5	1.018596E-2
2.160000E-2	9.918290E-4	4.768390E-5	1.033270E-2
2.170000E-2	1.008040E-3	4.863760E-5	1.056987E-2
2.180000E-2	1.024250E-3	5.149860E-5	1.073863E-2
2.190000E-2	1.038560E-3	5.149860E-5	1.085899E-2
2.200000E-2	1.055720E-3	5.054500E-5	1.114449E-2
2.210000E-2	1.073840E-3	5.149860E-5	1.136324E-2
2.220000E-2	1.092920E-3	5.245230E-5	1.147915E-2
2.230000E-2	1.112950E-3	5.054500E-5	1.179187E-2
2.240000E-2	1.131070E-3	5.054500E-5	1.199599E-2
2.250000E-2	1.148230E-3	5.245230E-5	1.216948E-2
2.260000E-2	1.169210E-3	5.149860E-5	1.245405E-2
2.270000E-2	1.193050E-3	5.340600E-5	1.272863E-2
2.280000E-2	1.214990E-3	5.531330E-5	1.280455E-2
2.290000E-2	1.234060E-3	5.531330E-5	1.297498E-2
2.300000E-2	1.253140E-3	5.340600E-5	1.333176E-2
2.310000E-2	1.273160E-3	5.531330E-5	1.346350E-2
2.320000E-2	1.292240E-3	5.531330E-5	1.369882E-2
2.330000E-2	1.313220E-3	5.531330E-5	1.404006E-2
2.340000E-2	1.335150E-3	5.912800E-5	1.418947E-2
2.350000E-2	1.358040E-3	6.008170E-5	1.441480E-2
2.360000E-2	1.383790E-3	6.103560E-5	1.476890E-2
2.370000E-2	1.407630E-3	6.198930E-5	1.491091E-2
2.380000E-2	1.432430E-3	6.198930E-5	1.518346E-2
2.390000E-2	1.459130E-3	6.485030E-5	1.555495E-2
2.400000E-2	1.485830E-3	7.057240E-5	1.575937E-2
2.410000E-2	1.512530E-3	7.343340E-5	1.600821E-2
2.420000E-2	1.541150E-3	7.343340E-5	1.639610E-2
2.430000E-2	1.571660E-3	7.438710E-5	1.662753E-2
2.440000E-2	1.600270E-3	7.534070E-5	1.686008E-2
2.450000E-2	1.630790E-3	7.629440E-5	1.729667E-2
2.460000E-2	1.661310E-3	8.010910E-5	1.764420E-2
2.470000E-2	1.691830E-3	8.297010E-5	1.784147E-2
2.480000E-2	1.726160E-3	8.201650E-5	1.824168E-2
2.490000E-2	1.763350E-3	8.392380E-5	1.865679E-2
2.500000E-2	1.798640E-3	8.773850E-5	1.894840E-2
2.510000E-2	1.835830E-3	8.773850E-5	1.934018E-2
2.520000E-2	1.874930E-3	9.059950E-5	1.979806E-2
2.530000E-2	1.914990E-3	9.441420E-5	2.005985E-2
2.540000E-2	1.952180E-3	9.441420E-5	2.034508E-2
2.550000E-2	1.991290E-3	9.727520E-5	2.087230E-2
2.560000E-2	2.033250E-3	1.010900E-4	2.129472E-2
2.570000E-2	2.073300E-3	1.049050E-4	2.149478E-2
2.580000E-2	2.116220E-3	1.058580E-4	2.199653E-2
2.590000E-2	2.161990E-3	1.068120E-4	2.247543E-2
2.600000E-2	2.205860E-3	1.096730E-4	2.275584E-2
2.610000E-2	2.247830E-3	1.096730E-4	2.316141E-2
2.620000E-2	2.291690E-3	1.106270E-4	2.375046E-2
2.630000E-2	2.335560E-3	1.144410E-4	2.412447E-2
2.640000E-2	2.378480E-3	1.173020E-4	2.448847E-2
2.650000E-2	2.423300E-3	1.173020E-4	2.486396E-2
2.660000E-2	2.470990E-3	1.192100E-4	2.545829E-2
2.670000E-2	2.522480E-3	1.239790E-4	2.593589E-2
2.680000E-2	2.573030E-3	1.258860E-4	2.626777E-2
2.690000E-2	2.622620E-3	1.201630E-4	2.675360E-2
2.700000E-2	2.674120E-3	1.163490E-4	2.742477E-2
2.710000E-2	2.725620E-3	1.192100E-4	2.794968E-2
2.720000E-2	2.778070E-3	1.239790E-4	2.835654E-2
2.730000E-2	2.834330E-3	1.306540E-4	2.897106E-2
2.740000E-2	2.892510E-3	1.411450E-4	2.959946E-2
2.750000E-2	2.946870E-3	1.478200E-4	2.988311E-2
2.760000E-2	3.003140E-3	1.478200E-4	3.049346E-2
2.770000E-2	3.068940E-3	1.459130E-4	3.132368E-2
2.780000E-2	3.135700E-3	1.487740E-4	3.196300E-2
2.790000E-2	3.195780E-3	1.583110E-4	3.250095E-2
2.800000E-2	3.253000E-3	1.630790E-4	3.297114E-2
2.810000E-2	3.313080E-3	1.621260E-4	3.351706E-2
2.820000E-2	3.376020E-3	1.611720E-4	3.432561E-2
2.830000E-2	3.437060E-3	1.611720E-4	3.493504E-2
2.840000E-2	3.494280E-3	1.630790E-4	3.536403E-2
2.850000E-2	3.556270E-3	1.602180E-4	3.609140E-2
2.860000E-2	3.623020E-3	1.621260E-4	3.704094E-2
2.870000E-2	3.688830E-3	1.697550E-4	3.770693E-2
2.880000E-2	3.754630E-3	1.754770E-4	3.803141E-2
2.890000E-2	3.822340E-3	1.745230E-4	3.900881E-2
2.900000E-2	3.891960E-3	1.783380E-4	3.988596E-2
2.910000E-2	3.959690E-3	1.897820E-4	4.059657E-2
2.920000E-2	4.027400E-3	1.935970E-4	4.099483E-2
2.930000E-2	4.105600E-3	1.916890E-4	4.199344E-2
2.940000E-2	4.186660E-3	1.926430E-4	4.288540E-2
2.950000E-2	4.259140E-3	1.974120E-4	4.359842E-2
2.960000E-2	4.323040E-3	2.012260E-4	4.414054E-2
2.970000E-2	4.387890E-3	2.012260E-4	4.505490E-2
2.980000E-2	4.454640E-3	2.050410E-4	4.603750E-2
2.990000E-2	4.519490E-3	2.117170E-4	4.695843E-2
3.000000E-2	4.584340E-3	2.193460E-4	4.749112E-2
3.010000E-2	4.656820E-3	2.222070E-4	4.863432E-2
3.020000E-2	4.738840E-3	2.250680E-4	4.978069E-2
3.030000E-2	4.823710E-3	2.307900E-4	5.063571E-2
3.040000E-2	4.904780E-3	2.317440E-4	5.113052E-2
3.050000E-2	4.979160E-3	2.279290E-4	5.214358E-2
3.060000E-2	5.049740E-3	2.317440E-4	5.347787E-2
3.070000E-2	5.115540E-3	2.431880E-4	5.422837E-2
3.080000E-2	5.181340E-3	2.498650E-4	5.498786E-2
3.090000E-2	5.255730E-3	2.489110E-4	5.620661E-2
3.100000E-2	5.328210E-3	2.546330E-4	5.699897E-2
3.110000E-2	5.388290E-3	2.632160E-4	5.740787E-2
3.120000E-2	5.444560E-3	2.613090E-4	5.840527E-2
3.130000E-2	5.511310E-3	2.594010E-4	5.978261E-2
3.140000E-2	5.579020E-3	2.727530E-4	6.082519E-2
3.150000E-2	5.641010E-3	2.803820E-4	6.151932E-2
3.160000E-2	5.708720E-3	2.784750E-4	6.245350E-2
3.170000E-2	5.782160E-3	2.737060E-4	6.368808E-2
3.180000E-2	5.851780E-3	2.756140E-4	6.487129E-2
3.190000E-2	5.917580E-3	2.870580E-4	6.574779E-2
3.200000E-2	5.984340E-3	2.870580E-4	6.693100E-2
3.210000E-2	6.063490E-3	2.822890E-4	6.855087E-2
3.220000E-2	6.139790E-3	2.918260E-4	6.987822E-2
3.230000E-2	6.202730E-3	3.051780E-4	7.065762E-2
3.240000E-2	6.267580E-3	3.089920E-4	7.189108E-2
3.250000E-2	6.340060E-3	3.070850E-4	7.342422E-2
3.260000E-2	6.404910E-3	3.051780E-4	7.406985E-2
3.270000E-2	6.466900E-3	3.032700E-4	7.503374E-2
3.280000E-2	6.529840E-3	3.080390E-4	7.654957E-2
3.290000E-2	6.591830E-3	3.166220E-4	7.787284E-2
3.300000E-2	6.642370E-3	3.252050E-4	7.872268E-2
3.310000E-2	6.693870E-3	3.252050E-4	7.968648E-2
3.320000E-2	6.753950E-3	3.204360E-4	8.128979E-2
3.330000E-2	6.808310E-3	3.271120E-4	8.236727E-2
3.340000E-2	6.860760E-3	3.318810E-4	8.332367E-2
3.350000E-2	6.920840E-3	3.271120E-4	8.489088E-2
3.360000E-2	6.977110E-3	3.290200E-4	8.649308E-2
3.370000E-2	7.024790E-3	3.356950E-4	8.737319E-2
3.380000E-2	7.073430E-3	3.318810E-4	8.855000E-2
3.390000E-2	7.129700E-3	3.318810E-4	9.028857E-2
3.400000E-2	7.178340E-3	3.433250E-4	9.154176E-2
3.410000E-2	7.215530E-3	3.490470E-4	9.233653E-2
3.420000E-2	7.259400E-3	3.423710E-4	9.394585E-2
3.430000E-2	7.314710E-3	3.385560E-4	9.563674E-2
3.440000E-2	7.368120E-3	3.490470E-4	9.695094E-2
3.450000E-2	7.416750E-3	3.547690E-4	9.769922E-2
3.460000E-2	7.465390E-3	3.500000E-4	9.920376E-2
3.470000E-2	7.515940E-3	3.519080E-4	1.008884E-1
3.480000E-2	7.559810E-3	3.623980E-4	1.017192E-1
3.490000E-2	7.606540E-3	3.652590E-4	1.030453E-1
3.500000E-2	7.656130E-3	3.700270E-4	1.047608E-1
3.510000E-2	7.688550E-3	3.833790E-4	1.061456E-1
3.520000E-2	7.713350E-3	3.833790E-4	1.069823E-1
3.530000E-2	7.753400E-3	3.719350E-4	1.088650E-1
3.540000E-2	7.799180E-3	3.728890E-4	1.103311E-1
3.550000E-2	7.837360E-3	3.767030E-4	1.112884E-1
3.560000E-2	7.876460E-3	3.767030E-4	1.130625E-1
3.570000E-2	7.913650E-3	3.833790E-4	1.146107E-1
3.580000E-2	7.938440E-3	3.871940E-4	1.156389E-1
3.590000E-2	7.959430E-3	3.719350E-4	1.169071E-1
3.600000E-2	7.993760E-3	3.585830E-4	1.187628E-1
3.610000E-2	8.033810E-3	3.643050E-4	1.202473E-1
3.620000E-2	8.050020E-3	3.719350E-4	1.213213E-1
3.630000E-2	8.069100E-3	3.652590E-4	1.225903E-1
3.640000E-2	8.100570E-3	3.566760E-4	1.243349E-1
3.650000E-2	8.132040E-3	3.604910E-4	1.260360E-1
3.660000E-2	8.155880E-3	3.671660E-4	1.270240E-1
3.670000E-2	8.174000E-3	3.652590E-4	1.284198E-1
3.680000E-2	8.200710E-3	3.747960E-4	1.303937E-1
3.690000E-2	8.222640E-3	3.938690E-4	1.323206E-1
3.700000E-2	8.236940E-3	4.024520E-4	1.333039E-1
3.710000E-2	8.263650E-3	3.957770E-4	1.349828E-1
3.720000E-2	8.300840E-3	3.986380E-4	1.370391E-1
3.730000E-2	8.326590E-3	4.138970E-4	1.383915E-1
3.740000E-2	8.338030E-3	4.167580E-4	1.393072E-1
3.750000E-2	8.356150E-3	4.043600E-4	1.413404E-1
3.760000E-2	8.373320E-3	4.005450E-4	1.429407E-1
3.770000E-2	8.378090E-3	3.986380E-4	1.438240E-1
3.780000E-2	8.391440E-3	3.919620E-4	1.455325E-1
3.790000E-2	8.425770E-3	3.976840E-4	1.473891E-1
3.800000E-2	8.446750E-3	4.091280E-4	1.484907E-1
3.810000E-2	8.455340E-3	4.138970E-4	1.496442E-1
3.820000E-2	8.482040E-3	4.110350E-4	1.514535E-1
3.830000E-2	8.502070E-3	4.167580E-4	1.529724E-1
3.840000E-2	8.503970E-3	4.224800E-4	1.541435E-1
3.850000E-2	8.512560E-3	4.158040E-4	1.555208E-1
3.860000E-2	8.530680E-3	4.119890E-4	1.575725E-1
3.870000E-2	8.544030E-3	4.205720E-4	1.588204E-1
3.880000E-2	8.551660E-3	4.167580E-4	1.596621E-1
3.890000E-2	8.563100E-3	4.158040E-4	1.617721E-1
3.900000E-2	8.568820E-3	4.272480E-4	1.635685E-1
3.910000E-2	8.565960E-3	4.262940E-4	1.646858E-1
3.920000E-2	8.564050E-3	4.091280E-4	1.660420E-1
3.930000E-2	8.569780E-3	3.957770E-4	1.681547E-1
3.940000E-2	8.568820E-3	4.005450E-4	1.698391E-1
3.950000E-2	8.555470E-3	4.081740E-4	1.707688E-1
3.960000E-2	8.553560E-3	4.072210E-4	1.720896E-1
3.970000E-2	8.568820E-3	4.072210E-4	1.741071E-1
3.980000E-2	8.580270E-3	4.177110E-4	1.758610E-1
3.990000E-2	8.577410E-3	4.205720E-4	1.767860E-1
4.000000E-2	8.579310E-3	4.138970E-4	1.784945E-1
4.010000E-2	8.594570E-3	4.119890E-4	1.804647E-1
4.020000E-2	8.599340E-3	4.072210E-4	1.815220E-1
4.030000E-2	8.595530E-3	3.995910E-4	1.827856E-1
4.040000E-2	8.599340E-3	4.005450E-4	1.851462E-1
4.050000E-2	8.591710E-3	4.100820E-4	1.868085E-1
4.060000E-2	8.579310E-3	3.995910E-4	1.871951E-1
4.070000E-2	8.575500E-3	3.805180E-4	1.888787E-1
4.080000E-2	8.581220E-3	3.852860E-4	1.908582E-1
4.090000E-2	8.585990E-3	4.081740E-4	1.920986E-1
4.100000E-2	8.585990E-3	4.158040E-4	1.931014E-1
4.110000E-2	8.596480E-3	4.110350E-4	1.949847E-1
4.120000E-2	8.599340E-3	4.167580E-4	1.967042E-1
4.130000E-2	8.591710E-3	4.196190E-4	1.976256E-1
4.140000E-2	8.588850E-3	4.110350E-4	1.993711E-1
4.150000E-2	8.594570E-3	4.043600E-4	2.019324E-1
4.160000E-2	8.592670E-3	4.072210E-4	2.036659E-1
4.170000E-2	8.573590E-3	4.072210E-4	2.049489E-1
4.180000E-2	8.559290E-3	4.034060E-4	2.065400E-1
4.190000E-2	8.564050E-3	4.091280E-4	2.085518E-1
4.200000E-2	8.559290E-3	4.186650E-4	2.095860E-1
4.210000E-2	8.545940E-3	4.119890E-4	2.107617E-1
4.220000E-2	8.539260E-3	4.091280E-4	2.126912E-1
4.230000E-2	8.532580E-3	4.234330E-4	2.144876E-1
4.240000E-2	8.512560E-3	4.301090E-4	2.155865E-1
4.250000E-2	8.493480E-3	4.215260E-4	2.169750E-1
4.260000E-2	8.488710E-3	4.091280E-4	2.188565E-1
4.270000E-2	8.485850E-3	4.043600E-4	2.203476E-1
4.280000E-2	8.473460E-3	3.995910E-4	2.213715E-1
4.290000E-2	8.470590E-3	4.005450E-4	2.233419E-1
4.300000E-2	8.476320E-3	4.091280E-4	2.250910E-1
4.310000E-2	8.462010E-3	4.091280E-4	2.258607E-1
4.320000E-2	8.441980E-3	3.938690E-4	2.271566E-1
4.330000E-2	8.444850E-3	3.891010E-4	2.292101E-1
4.340000E-2	8.445800E-3	4.005450E-4	2.303470E-1
4.350000E-2	8.434360E-3	4.005450E-4	2.308520E-1
