9.052262E-2
9.098481E-2
9.101317E-2
9.079319E-2
9.064124E-2
9.068662E-2
9.054803E-2
9.067635E-2
9.070131E-2
9.060937E-2
9.070191E-2
9.076822E-2
9.052918E-2
9.077802E-2
9.074778E-2
9.042507E-2
9.075854E-2
9.073930E-2
9.052655E-2
9.065067E-2
9.039241E-2
9.067253E-2
9.065139E-2
9.057834E-2
9.080563E-2
9.064709E-2
9.062047E-2
9.046370E-2
9.050961E-2
9.069211E-2
9.047586E-2
9.025661E-2
9.039682E-2
9.076117E-2
9.074754E-2
9.048922E-2
9.069725E-2
9.063766E-2
9.079762E-2
9.047002E-2
9.106921E-2
9.044641E-2
9.065629E-2
9.063277E-2
9.050568E-2
9.084855E-2
9.070322E-2
9.077407E-2
9.083958E-2
9.050234E-2
9.049387E-2
9.070382E-2
9.048659E-2
9.070262E-2
9.057297E-2
9.050782E-2
9.087569E-2
9.078220E-2
9.062011E-2
9.060567E-2
9.071947E-2
9.065844E-2
9.068256E-2
9.066978E-2
9.066035E-2
9.085907E-2
9.087438E-2
9.066262E-2
9.058132E-2
9.082164E-2
9.071505E-2
9.072735E-2
9.071732E-2
9.068244E-2
9.065199E-2
9.082236E-2
9.052405E-2
9.086887E-2
9.055507E-2
9.072269E-2
9.082152E-2
9.049602E-2
9.073595E-2
9.079726E-2
9.076320E-2
9.080933E-2
9.092533E-2
9.115283E-2
9.073512E-2
9.099701E-2
9.063026E-2
9.105891E-2
9.103209E-2
