9.038157E-2
9.037179E-2
9.034248E-2
9.009966E-2
9.014985E-2
9.048445E-2
9.025840E-2
9.033736E-2
9.041768E-2
9.016949E-2
9.043723E-2
9.011072E-2
9.020995E-2
9.025387E-2
9.030556E-2
9.009668E-2
9.032271E-2
9.029793E-2
9.036572E-2
9.042137E-2
9.035285E-2
9.017841E-2
9.034272E-2
9.026006E-2
9.038931E-2
9.035904E-2
9.048027E-2
9.054302E-2
9.036441E-2
9.027269E-2
9.045177E-2
9.043961E-2
9.058299E-2
9.007243E-2
9.062429E-2
9.050902E-2
9.048683E-2
9.062584E-2
9.055650E-2
9.045046E-2
9.058323E-2
9.030174E-2
9.052894E-2
9.062930E-2
9.042972E-2
9.067683E-2
9.075376E-2
9.034379E-2
9.048433E-2
9.081256E-2
