8.999932E-2
9.037739E-2
9.030520E-2
9.034010E-2
9.007576E-2
9.055698E-2
9.045917E-2
9.023709E-2
9.040218E-2
9.025649E-2
9.035821E-2
9.031151E-2
9.023435E-2
9.050663E-2
9.050603E-2
9.020673E-2
9.013879E-2
9.027423E-2
9.038347E-2
9.000217E-2
9.018127E-2
9.013094E-2
9.023959E-2
9.029519E-2
9.016711E-2
9.029567E-2
9.025673E-2
9.046107E-2
9.019174E-2
9.062536E-2
9.045738E-2
8.995440E-2
9.029376E-2
8.987103E-2
9.022328E-2
9.016187E-2
9.021268E-2
9.028269E-2
9.037108E-2
9.008206E-2
9.020293E-2
9.021590E-2
9.032080E-2
9.033653E-2
9.005186E-2
9.022685E-2
9.050222E-2
9.017175E-2
9.015152E-2
9.023697E-2
9.039122E-2
9.018614E-2
9.014034E-2
9.034344E-2
9.024852E-2
9.056437E-2
9.001905E-2
9.056688E-2
9.043031E-2
9.010679E-2
9.020721E-2
9.057643E-2
9.008800E-2
9.042972E-2
9.033855E-2
9.045964E-2
9.054815E-2
9.032950E-2
9.019007E-2
9.049315E-2
9.042972E-2
9.024613E-2
9.051200E-2
9.035035E-2
9.023423E-2
9.047300E-2
9.061581E-2
9.066476E-2
9.050401E-2
9.055101E-2
9.060614E-2
9.054958E-2
9.020840E-2
9.035892E-2
9.064363E-2
9.055686E-2
9.077037E-2
9.083145E-2
9.079857E-2
9.019614E-2
9.079762E-2
9.064053E-2
9.057595E-2
