8.539657E-2
8.645213E-2
8.671881E-2
8.686367E-2
8.675768E-2
8.727530E-2
8.720857E-2
8.771286E-2
8.736725E-2
8.757981E-2
8.840450E-2
8.780358E-2
8.853224E-2
8.864928E-2
8.789296E-2
8.815054E-2
8.793895E-2
8.873356E-2
8.847605E-2
8.890182E-2
8.917927E-2
8.867047E-2
8.925253E-2
8.905328E-2
8.899097E-2
8.943302E-2
8.892198E-2
9.068531E-2
8.913993E-2
8.918766E-2
9.077969E-2
8.972139E-2
9.023268E-2
9.011488E-2
9.049136E-2
9.133186E-2
8.997698E-2
8.961268E-2
9.048194E-2
9.065187E-2
8.932039E-2
9.197467E-2
9.018448E-2
9.078531E-2
9.074456E-2
9.147220E-2
9.092150E-2
9.147352E-2
9.095680E-2
9.121660E-2
9.206029E-2
9.190683E-2
9.228118E-2
9.229834E-2
9.250280E-2
9.196250E-2
9.232263E-2
9.206004E-2
9.240627E-2
9.256549E-2
9.276754E-2
9.303606E-2
9.295168E-2
9.282198E-2
9.321800E-2
9.317289E-2
9.339870E-2
9.340138E-2
9.357477E-2
9.367062E-2
9.373859E-2
9.365196E-2
9.373005E-2
9.383725E-2
9.409484E-2
9.432519E-2
9.421432E-2
9.481026E-2
9.482919E-2
9.472309E-2
9.478824E-2
9.491581E-2
9.470785E-2
9.489624E-2
9.512888E-2
9.524959E-2
9.524552E-2
9.492184E-2
9.542103E-2
9.495052E-2
9.450142E-2
9.438673E-2
9.411919E-2
9.556906E-2
1.001031E-1
