9.020685E-2
9.025292E-2
9.008551E-2
9.041005E-2
9.006648E-2
9.043639E-2
9.061534E-2
9.065354E-2
9.041494E-2
9.037787E-2
9.049447E-2
9.054194E-2
9.044617E-2
9.065139E-2
9.059516E-2
9.097846E-2
9.057153E-2
9.074587E-2
9.081256E-2
9.093526E-2
9.062859E-2
9.096937E-2
9.068184E-2
9.084006E-2
9.077359E-2
9.082918E-2
9.065545E-2
9.089507E-2
9.091289E-2
9.098935E-2
9.115271E-2
9.056402E-2
9.096949E-2
9.092952E-2
9.098098E-2
9.089148E-2
9.112371E-2
9.114996E-2
9.106346E-2
9.129323E-2
9.104418E-2
9.091301E-2
9.126804E-2
9.129731E-2
9.119454E-2
9.107005E-2
9.139319E-2
9.115355E-2
9.152902E-2
9.102503E-2
