9.077479E-2
9.096769E-2
9.097224E-2
9.086971E-2
9.140447E-2
9.081579E-2
9.102239E-2
9.098995E-2
9.104802E-2
9.089901E-2
9.099689E-2
9.106921E-2
9.099761E-2
9.085165E-2
9.110323E-2
9.090511E-2
9.106837E-2
9.111114E-2
9.109508E-2
9.078614E-2
9.089889E-2
9.085823E-2
9.093383E-2
9.101042E-2
9.101928E-2
9.118555E-2
9.102000E-2
9.066942E-2
9.093323E-2
9.111293E-2
9.108754E-2
9.081459E-2
9.097379E-2
9.096470E-2
9.130091E-2
9.085500E-2
9.088048E-2
9.118351E-2
9.110898E-2
9.102910E-2
9.106706E-2
9.123614E-2
9.118579E-2
9.089854E-2
9.122547E-2
9.082738E-2
9.079845E-2
9.096554E-2
9.126276E-2
9.085357E-2
9.121996E-2
9.087569E-2
9.148169E-2
9.121348E-2
9.131002E-2
9.138118E-2
9.100922E-2
9.139331E-2
9.085823E-2
9.107161E-2
9.114780E-2
9.137446E-2
9.112827E-2
9.119382E-2
9.112863E-2
9.137050E-2
9.095273E-2
9.111844E-2
9.103245E-2
9.128003E-2
9.129323E-2
9.149117E-2
9.113042E-2
9.135862E-2
9.115379E-2
9.158526E-2
9.130690E-2
9.153359E-2
9.121816E-2
9.143809E-2
9.129647E-2
9.113438E-2
9.121048E-2
9.147784E-2
9.141312E-2
9.122223E-2
9.129215E-2
9.133306E-2
9.110562E-2
9.153719E-2
9.138562E-2
9.122379E-2
9.150883E-2
9.124753E-2
9.141107E-2
9.129335E-2
9.158262E-2
9.153431E-2
9.150223E-2
9.139427E-2
9.172598E-2
