9.130043E-2
9.179916E-2
9.216948E-2
9.173103E-2
9.166090E-2
9.176750E-2
9.155894E-2
9.121948E-2
9.125653E-2
9.144626E-2
9.148565E-2
9.133474E-2
9.117356E-2
9.115247E-2
9.102634E-2
9.084771E-2
9.079869E-2
9.062668E-2
9.057141E-2
9.068196E-2
9.073177E-2
9.036536E-2
9.062811E-2
9.050377E-2
9.055399E-2
9.047705E-2
9.064435E-2
9.039658E-2
9.053037E-2
9.040338E-2
9.066978E-2
9.047014E-2
9.041839E-2
9.035273E-2
9.058096E-2
9.047157E-2
9.036310E-2
9.028209E-2
9.050532E-2
9.035416E-2
9.039885E-2
9.065963E-2
9.013689E-2
9.064817E-2
9.039015E-2
9.064578E-2
9.046000E-2
9.041923E-2
9.053371E-2
9.035678E-2
9.041041E-2
9.058764E-2
9.043699E-2
9.044033E-2
9.058132E-2
9.080288E-2
9.041398E-2
9.055590E-2
9.074635E-2
9.061378E-2
9.040922E-2
9.071111E-2
9.049769E-2
9.063205E-2
9.072353E-2
9.043151E-2
9.033426E-2
9.076834E-2
9.070047E-2
9.070943E-2
9.066202E-2
9.057404E-2
9.066405E-2
9.083468E-2
9.052429E-2
9.120425E-2
9.104155E-2
9.088418E-2
9.097738E-2
9.115727E-2
9.109413E-2
9.119646E-2
9.108430E-2
9.125305E-2
9.122631E-2
9.128087E-2
9.132190E-2
9.159801E-2
9.153383E-2
