9.249433E-2
9.145874E-2
9.122859E-2
9.077563E-2
9.090811E-2
9.114996E-2
9.139415E-2
9.083647E-2
9.096733E-2
9.124921E-2
9.121756E-2
9.125964E-2
9.103568E-2
9.100887E-2
9.113006E-2
9.084592E-2
9.125941E-2
9.124214E-2
9.128339E-2
9.103508E-2
9.138658E-2
9.123806E-2
9.129935E-2
9.132214E-2
9.132454E-2
9.132298E-2
9.120041E-2
9.128387E-2
9.160726E-2
9.148685E-2
9.127656E-2
9.156940E-2
9.138887E-2
9.139847E-2
9.179988E-2
9.201904E-2
9.182275E-2
9.194731E-2
9.199505E-2
9.190020E-2
9.240724E-2
9.227804E-2
9.217878E-2
9.236384E-2
9.259212E-2
9.253861E-2
9.233495E-2
9.270912E-2
9.277797E-2
9.270379E-2
9.304262E-2
9.275796E-2
9.338288E-2
