0.000000E+0	2.704060E-2	1.310360E-3	1.907717E-2
5.000000E-4	2.709210E-2	1.264580E-3	1.791823E-2
1.000000E-3	2.714170E-2	1.350410E-3	2.228306E-2
1.500000E-3	2.704630E-2	1.319890E-3	2.684544E-2
2.000000E-3	2.712260E-2	1.268390E-3	2.435683E-2
2.500000E-3	2.726950E-2	1.241690E-3	2.358484E-2
3.000000E-3	2.714740E-2	1.342780E-3	2.326500E-2
3.500000E-3	2.704250E-2	1.333240E-3	2.495486E-2
4.000000E-3	2.711500E-2	1.262670E-3	2.307392E-2
4.500000E-3	2.718560E-2	1.363760E-3	2.132055E-2
5.000000E-3	2.700250E-2	1.340870E-3	2.011642E-2
5.500000E-3	2.707680E-2	1.277930E-3	1.825510E-2
6.000000E-3	2.720080E-2	1.279840E-3	1.795830E-2
6.500000E-3	2.705780E-2	1.380930E-3	8.842325E-3
7.000000E-3	2.713980E-2	1.342780E-3	1.763772E-2
7.500000E-3	2.705590E-2	1.422890E-3	1.710615E-2
8.000000E-3	2.714360E-2	1.167300E-3	1.644572E-2
8.500000E-3	2.721420E-2	1.348500E-3	1.850098E-2
9.000000E-3	2.701390E-2	1.316080E-3	1.881111E-2
9.500000E-3	2.717220E-2	1.230250E-3	1.733925E-2
1.000000E-2	2.716270E-2	1.411450E-3	1.913132E-2
1.050000E-2	2.694330E-2	1.340870E-3	1.882528E-2
1.100000E-2	2.720460E-2	1.230250E-3	1.350904E-2
1.150000E-2	2.710740E-2	1.361850E-3	1.814688E-2
1.200000E-2	2.699100E-2	1.285560E-3	1.732203E-2
1.250000E-2	2.712260E-2	1.268390E-3	1.579454E-2
1.300000E-2	2.716840E-2	1.291280E-3	1.424095E-2
1.350000E-2	2.711880E-2	1.352320E-3	1.648349E-2
1.400000E-2	2.696810E-2	1.337060E-3	1.653469E-2
1.450000E-2	2.714740E-2	1.255040E-3	1.458292E-2
1.500000E-2	2.713600E-2	1.401910E-3	1.552505E-2
1.550000E-2	2.703110E-2	1.274120E-3	1.312578E-2
1.600000E-2	2.716460E-2	1.325610E-3	1.489259E-2
1.650000E-2	2.706920E-2	1.258860E-3	1.577668E-2
1.700000E-2	2.706920E-2	1.291280E-3	1.662930E-2
1.750000E-2	2.704250E-2	1.232150E-3	1.592229E-2
1.800000E-2	2.716460E-2	1.237880E-3	1.505986E-2
1.850000E-2	2.713980E-2	1.373300E-3	1.649377E-2
1.900000E-2	2.705590E-2	1.367580E-3	1.929333E-2
1.950000E-2	2.712070E-2	1.239780E-3	1.791498E-2
2.000000E-2	2.712450E-2	1.319890E-3	1.908578E-2
2.050000E-2	2.701770E-2	1.346600E-3	2.039331E-2
2.100000E-2	2.709780E-2	1.178750E-3	1.778148E-2
2.150000E-2	2.709400E-2	1.274120E-3	2.190480E-2
2.200000E-2	2.695480E-2	1.388560E-3	2.366455E-2
2.250000E-2	2.698340E-2	1.237880E-3	2.231203E-2
2.300000E-2	2.714550E-2	1.291280E-3	2.297727E-2
2.350000E-2	2.701200E-2	1.329430E-3	2.464169E-2
2.400000E-2	2.700050E-2	1.270300E-3	2.274342E-2
2.450000E-2	2.712260E-2	1.228340E-3	2.064956E-2
2.500000E-2	2.705010E-2	1.325610E-3	2.251968E-2
2.550000E-2	2.691470E-2	1.338970E-3	2.354531E-2
2.600000E-2	2.699100E-2	1.268390E-3	2.125074E-2
2.650000E-2	2.702920E-2	1.367580E-3	2.194441E-2
2.700000E-2	2.692230E-2	1.417170E-3	2.334989E-2
2.750000E-2	2.699480E-2	1.209270E-3	2.115410E-2
2.800000E-2	2.699670E-2	1.234060E-3	2.064679E-2
2.850000E-2	2.690900E-2	1.396190E-3	2.298255E-2
2.900000E-2	2.687470E-2	1.195920E-3	2.155042E-2
2.950000E-2	2.701200E-2	1.283650E-3	2.021159E-2
3.000000E-2	2.692620E-2	1.380930E-3	2.182203E-2
3.050000E-2	2.684610E-2	1.323710E-3	2.210734E-2
3.100000E-2	2.689750E-2	1.243600E-3	2.058847E-2
3.150000E-2	2.693190E-2	1.319890E-3	2.126407E-2
3.200000E-2	2.681740E-2	1.300820E-3	2.217252E-2
3.250000E-2	2.679650E-2	1.247410E-3	2.142035E-2
3.300000E-2	2.690140E-2	1.338970E-3	2.231879E-2
3.350000E-2	2.671830E-2	1.304630E-3	2.314261E-2
3.400000E-2	2.689180E-2	1.239780E-3	2.137665E-2
3.450000E-2	2.686700E-2	1.348500E-3	2.302652E-2
3.500000E-2	2.672590E-2	1.340870E-3	2.300754E-2
3.550000E-2	2.679650E-2	1.239780E-3	2.220279E-2
3.600000E-2	2.682510E-2	1.329430E-3	2.378259E-2
3.650000E-2	2.666680E-2	1.365670E-3	2.532072E-2
3.700000E-2	2.673160E-2	1.214990E-3	2.360966E-2
3.750000E-2	2.678880E-2	1.293190E-3	2.387072E-2
3.800000E-2	2.678500E-2	1.323710E-3	2.357568E-2
3.850000E-2	2.652560E-2	1.333240E-3	2.366048E-2
3.900000E-2	2.645500E-2	1.188290E-3	2.186415E-2
3.950000E-2	2.659430E-2	1.293190E-3	2.053264E-2
4.000000E-2	2.637680E-2	1.417170E-3	2.270917E-2
4.050000E-2	2.636730E-2	1.222620E-3	2.179509E-2
4.100000E-2	2.642640E-2	1.159680E-3	2.096117E-2
4.150000E-2	2.640740E-2	1.300820E-3	2.159549E-2
4.200000E-2	2.639400E-2	1.232150E-3	1.714624E-2
4.250000E-2	2.643600E-2	1.199730E-3	1.699191E-2
4.300000E-2	2.622230E-2	1.228340E-3	1.839619E-2
4.350000E-2	2.626240E-2	1.232150E-3	1.811577E-2
4.400000E-2	2.618230E-2	1.224530E-3	1.457486E-2
4.450000E-2	2.629100E-2	1.319890E-3	1.648580E-2
4.500000E-2	2.614410E-2	1.277930E-3	1.632685E-2
4.550000E-2	2.623570E-2	1.213080E-3	1.466235E-2
4.600000E-2	2.613460E-2	1.310360E-3	1.504320E-2
4.650000E-2	2.611550E-2	1.323710E-3	1.543211E-2
4.700000E-2	2.590760E-2	1.207360E-3	1.499978E-2
4.750000E-2	2.606020E-2	1.188290E-3	1.382611E-2
4.800000E-2	2.605830E-2	1.220710E-3	1.367290E-2
4.850000E-2	2.603160E-2	1.260760E-3	1.418003E-2
4.900000E-2	2.587900E-2	1.279840E-3	1.637961E-2
4.950000E-2	2.574740E-2	1.241690E-3	1.787832E-2
5.000000E-2	2.572450E-2	1.213080E-3	1.666410E-2
5.050000E-2	2.590190E-2	1.277930E-3	1.573993E-2
5.100000E-2	2.580850E-2	1.239780E-3	1.701533E-2
5.150000E-2	2.562530E-2	1.266490E-3	1.769493E-2
5.200000E-2	2.569400E-2	1.199730E-3	1.653793E-2
5.250000E-2	2.576840E-2	1.333240E-3	1.736638E-2
5.300000E-2	2.557960E-2	1.279840E-3	1.839794E-2
5.350000E-2	2.551470E-2	1.153950E-3	1.759217E-2
5.400000E-2	2.552240E-2	1.171120E-3	1.606986E-2
5.450000E-2	2.544030E-2	1.224530E-3	1.663022E-2
5.500000E-2	2.500160E-2	1.243600E-3	1.694887E-2
5.550000E-2	2.514660E-2	1.132970E-3	1.639277E-2
5.600000E-2	2.504170E-2	1.201640E-3	1.605431E-2
5.650000E-2	2.496730E-2	1.211170E-3	1.640517E-2
5.700000E-2	2.485290E-2	1.201640E-3	1.861633E-2
5.750000E-2	2.477850E-2	1.157770E-3	1.762068E-2
5.800000E-2	2.483190E-2	1.152050E-3	1.489971E-2
5.850000E-2	2.456680E-2	1.302730E-3	1.564281E-2
5.900000E-2	2.419100E-2	1.195920E-3	1.664476E-2
5.950000E-2	2.411660E-2	1.035700E-3	1.620688E-2
6.000000E-2	2.425780E-2	1.092920E-3	1.599571E-2
6.050000E-2	2.381150E-2	1.152050E-3	1.917983E-2
6.100000E-2	2.369320E-2	1.117710E-3	1.821567E-2
6.150000E-2	2.322590E-2	1.012810E-3	1.579250E-2
6.200000E-2	2.256210E-2	1.087200E-3	1.684185E-2
6.250000E-2	2.210440E-2	1.108180E-3	1.747516E-2
6.300000E-2	2.191940E-2	9.899210E-4	1.677992E-2
6.350000E-2	2.183740E-2	9.269750E-4	1.517244E-2
6.400000E-2	2.171340E-2	1.028070E-3	1.667706E-2
6.450000E-2	2.144250E-2	9.918290E-4	1.652320E-2
6.500000E-2	2.150740E-2	9.727520E-4	1.536786E-2
6.550000E-2	2.153030E-2	9.822920E-4	1.614031E-2
6.600000E-2	2.116410E-2	9.746590E-4	1.655061E-2
6.650000E-2	2.074250E-2	8.792910E-4	1.899792E-2
6.700000E-2	2.100190E-2	9.212530E-4	1.573789E-2
6.750000E-2	2.086460E-2	9.994580E-4	1.546275E-2
6.800000E-2	2.027330E-2	9.765700E-4	1.555607E-2
6.850000E-2	1.983850E-2	9.231600E-4	1.553107E-2
6.900000E-2	2.000250E-2	9.098090E-4	1.486472E-2
6.950000E-2	1.856430E-2	8.335150E-4	1.243462E-2
7.000000E-2	1.815240E-2	8.449590E-4	1.316504E-2
7.050000E-2	1.779760E-2	8.087200E-4	1.488730E-2
7.100000E-2	1.776520E-2	7.648510E-4	1.454552E-2
7.150000E-2	1.783570E-2	7.610360E-4	1.380788E-2
7.200000E-2	1.725970E-2	8.201640E-4	1.537342E-2
7.250000E-2	1.675430E-2	7.362400E-4	1.462273E-2
7.300000E-2	1.676950E-2	7.419620E-4	1.390490E-2
7.350000E-2	1.626220E-2	7.724800E-4	1.547738E-2
7.400000E-2	1.597230E-2	7.324260E-4	1.524464E-2
7.450000E-2	1.422130E-2	6.103550E-4	1.298739E-2
7.500000E-2	1.388750E-2	6.828350E-4	1.378020E-2
7.550000E-2	1.340110E-2	6.027260E-4	1.269846E-2
7.600000E-2	1.359370E-2	5.855600E-4	1.178965E-2
7.650000E-2	1.237110E-2	5.607640E-4	9.737893E-3
7.700000E-2	1.193620E-2	5.645790E-4	1.063643E-2
7.750000E-2	1.191530E-2	5.188030E-4	8.014052E-3
7.800000E-2	1.201440E-2	5.817450E-4	1.036834E-2
7.850000E-2	1.166730E-2	4.901920E-4	1.036186E-2
7.900000E-2	1.133540E-2	4.596730E-4	9.353621E-3
7.950000E-2	1.144610E-2	5.264320E-4	8.787148E-3
8.000000E-2	1.158340E-2	5.149880E-4	8.360563E-3
8.050000E-2	1.160250E-2	4.730240E-4	6.513408E-3
8.100000E-2	1.148230E-2	5.245250E-4	8.237532E-3
8.150000E-2	1.124010E-2	4.997290E-4	7.735776E-3
8.200000E-2	1.136210E-2	4.405990E-4	6.815297E-3
8.250000E-2	1.099780E-2	4.386920E-4	7.154678E-3
8.300000E-2	1.063160E-2	5.207100E-4	7.025533E-3
8.350000E-2	9.594020E-3	4.615800E-4	6.659126E-3
8.400000E-2	9.176310E-3	3.929160E-4	6.624965E-3
8.450000E-2	9.323180E-3	4.234330E-4	5.358162E-3
8.500000E-2	9.174410E-3	3.948230E-4	5.126075E-3
8.550000E-2	8.911190E-3	4.081740E-4	4.588306E-3
8.600000E-2	6.572750E-3	2.689380E-4	3.621541E-3
8.650000E-2	5.413090E-3	2.288830E-4	3.208938E-3
8.700000E-2	5.205180E-3	2.059950E-4	3.114970E-3
8.750000E-2	4.804640E-3	2.155310E-4	2.836411E-3
8.800000E-2	5.086930E-3	2.193460E-4	3.405101E-3
8.850000E-2	4.325900E-3	1.831060E-4	2.760038E-3
8.900000E-2	3.898640E-3	1.716620E-4	2.552297E-3
8.950000E-2	3.826160E-3	1.544960E-4	2.510819E-3
9.000000E-2	3.685010E-3	1.735700E-4	2.548131E-3
9.050000E-2	3.479020E-3	1.392370E-4	2.471199E-3
9.100000E-2	3.126160E-3	1.220710E-4	2.121732E-3
9.150000E-2	2.481480E-3	1.087190E-4	1.699119E-3
9.200000E-2	2.220170E-3	1.010900E-4	1.973893E-3
9.250000E-2	2.046600E-3	7.820180E-5	1.970273E-3
9.300000E-2	2.006550E-3	7.438710E-5	1.817805E-3
9.350000E-2	1.882560E-3	8.201650E-5	1.644688E-3
9.400000E-2	1.779560E-3	7.438710E-5	1.869182E-3
9.450000E-2	1.714710E-3	6.866500E-5	1.524620E-3
9.500000E-2	1.630790E-3	6.866500E-5	1.489167E-3
9.550000E-2	1.377110E-3	4.959130E-5	1.200238E-3
9.600000E-2	1.207360E-3	5.722070E-5	1.255318E-3
9.650000E-2	1.167300E-3	4.768390E-5	1.166262E-3
9.700000E-2	1.123440E-3	4.386930E-5	1.011100E-3
9.750000E-2	1.064310E-3	4.386930E-5	1.052391E-3
9.800000E-2	1.001370E-3	4.005460E-5	9.492630E-4
9.850000E-2	8.945500E-4	3.623990E-5	8.162354E-4
9.900000E-2	8.239780E-4	3.242520E-5	8.428121E-4
9.950000E-2	8.029970E-4	3.242520E-5	7.221778E-4
1.000000E-1	6.542240E-4	2.479560E-5	5.044395E-4
1.005000E-1	4.653950E-4	1.525890E-5	5.063878E-4
1.010000E-1	4.215260E-4	1.525890E-5	4.402814E-4
1.015000E-1	3.929160E-4	1.335150E-5	3.707625E-4
1.020000E-1	3.032700E-4	1.144420E-5	3.964064E-4
1.025000E-1	2.899190E-4	1.144420E-5	3.406765E-4
1.030000E-1	2.746600E-4	1.144420E-5	3.620579E-4
1.035000E-1	2.498650E-4	9.536800E-6	3.481721E-4
1.040000E-1	2.326970E-4	9.536800E-6	2.781903E-4
1.045000E-1	2.079020E-4	9.536800E-6	2.363463E-4
1.050000E-1	1.468670E-4	5.722080E-6	2.019978E-4
1.055000E-1	1.201630E-4	3.814730E-6	1.746890E-4
1.060000E-1	1.125340E-4	3.814730E-6	2.013483E-4
1.065000E-1	1.049050E-4	3.814730E-6	1.729273E-4
1.070000E-1	1.049050E-4	3.814730E-6	2.256037E-4
1.075000E-1	1.068120E-4	3.814730E-6	1.869996E-4
1.080000E-1	1.277930E-4	3.814730E-6	2.108818E-4
1.085000E-1	1.277930E-4	3.814730E-6	2.356969E-4
1.090000E-1	1.258860E-4	3.814730E-6	2.237522E-4
1.095000E-1	1.182560E-4	3.814730E-6	2.036626E-4
1.100000E-1	1.049050E-4	1.907360E-6	1.793176E-4
1.105000E-1	1.010900E-4	3.814730E-6	2.005123E-4
1.110000E-1	1.010900E-4	1.907360E-6	1.795041E-4
1.115000E-1	1.010900E-4	3.814730E-6	1.695975E-4
1.120000E-1	1.010900E-4	3.814730E-6	1.644163E-4
1.125000E-1	1.010900E-4	1.907360E-6	1.485822E-4
1.130000E-1	1.010900E-4	3.814730E-6	1.571971E-4
1.135000E-1	1.010900E-4	1.907360E-6	1.568240E-4
1.140000E-1	9.918260E-5	3.814730E-6	1.486790E-4
1.145000E-1	1.010900E-4	3.814730E-6	1.601537E-4
1.150000E-1	9.918260E-5	3.814730E-6	1.531140E-4
1.155000E-1	1.010900E-4	3.814730E-6	1.745024E-4
1.160000E-1	1.010900E-4	3.814730E-6	1.540397E-4
1.165000E-1	1.010900E-4	3.814730E-6	1.509862E-4
1.170000E-1	1.010900E-4	3.814730E-6	1.511728E-4
1.175000E-1	1.010900E-4	3.814730E-6	1.478430E-4
1.180000E-1	1.010900E-4	1.907360E-6	1.704264E-4
1.185000E-1	1.010900E-4	3.814730E-6	1.857976E-4
1.190000E-1	9.918260E-5	3.814730E-6	1.620949E-4
1.195000E-1	1.010900E-4	1.907360E-6	1.442370E-4
1.200000E-1	1.010900E-4	3.814730E-6	1.508965E-4
1.205000E-1	9.918260E-5	3.814730E-6	1.394147E-4
1.210000E-1	9.918260E-5	1.907360E-6	1.373838E-4
1.215000E-1	1.010900E-4	3.814730E-6	1.297844E-4
1.220000E-1	9.918260E-5	3.814730E-6	1.483059E-4
1.225000E-1	9.918260E-5	3.814730E-6	1.329347E-4
1.230000E-1	9.918260E-5	3.814730E-6	1.646029E-4
1.235000E-1	9.918260E-5	1.907360E-6	1.269175E-4
1.240000E-1	1.010900E-4	3.814730E-6	1.409970E-4
1.245000E-1	1.010900E-4	3.814730E-6	1.338604E-4
1.250000E-1	9.918260E-5	3.814730E-6	1.420124E-4
1.255000E-1	9.918260E-5	3.814730E-6	1.389519E-4
1.260000E-1	1.010900E-4	3.814730E-6	1.094185E-4
1.265000E-1	9.918260E-5	3.814730E-6	1.325686E-4
1.270000E-1	9.918260E-5	3.814730E-6	1.210868E-4
1.275000E-1	9.918260E-5	3.814730E-6	1.155325E-4
1.280000E-1	9.918260E-5	3.814730E-6	1.020127E-4
1.285000E-1	9.918260E-5	3.814730E-6	1.214600E-4
1.290000E-1	9.918260E-5	3.814730E-6	1.199817E-4
1.295000E-1	9.918260E-5	3.814730E-6	1.210868E-4
1.300000E-1	9.918260E-5	3.814730E-6	1.197880E-4
1.305000E-1	1.010900E-4	3.814730E-6	1.369209E-4
1.310000E-1	9.918260E-5	3.814730E-6	1.160851E-4
1.315000E-1	9.918260E-5	1.907360E-6	1.240506E-4
1.320000E-1	9.918260E-5	3.814730E-6	1.427516E-4
1.325000E-1	9.918260E-5	3.814730E-6	1.662606E-4
1.330000E-1	9.918260E-5	1.907360E-6	1.310832E-4
1.335000E-1	9.918260E-5	3.814730E-6	1.416322E-4
1.340000E-1	9.918260E-5	3.814730E-6	1.383993E-4
1.345000E-1	9.918260E-5	3.814730E-6	1.514562E-4
1.350000E-1	9.918260E-5	3.814730E-6	1.471865E-4
1.355000E-1	9.918260E-5	1.907360E-6	1.325686E-4
1.360000E-1	9.918260E-5	1.907360E-6	1.222889E-4
1.365000E-1	9.918260E-5	3.814730E-6	1.290452E-4
1.370000E-1	9.918260E-5	3.814730E-6	1.295081E-4
1.375000E-1	9.918260E-5	3.814730E-6	1.188623E-4
1.380000E-1	9.918260E-5	3.814730E-6	1.334046E-4
1.385000E-1	9.918260E-5	3.814730E-6	1.299709E-4
1.390000E-1	9.918260E-5	3.814730E-6	1.268206E-4
1.395000E-1	9.918260E-5	1.907360E-6	1.335841E-4
1.400000E-1	1.010900E-4	3.814730E-6	1.468276E-4
1.405000E-1	1.010900E-4	1.907360E-6	1.187725E-4
1.410000E-1	9.918260E-5	3.814730E-6	1.365478E-4
1.415000E-1	1.010900E-4	3.814730E-6	1.328449E-4
1.420000E-1	1.010900E-4	1.907360E-6	1.301575E-4
1.425000E-1	1.010900E-4	3.814730E-6	1.409001E-4
1.430000E-1	9.918260E-5	3.814730E-6	1.308069E-4
1.435000E-1	9.918260E-5	3.814730E-6	1.438568E-4
1.440000E-1	9.918260E-5	1.907360E-6	1.214600E-4
1.445000E-1	9.918260E-5	1.907360E-6	1.499708E-4
1.450000E-1	1.010900E-4	1.907360E-6	1.339572E-4
1.455000E-1	9.918260E-5	3.814730E-6	1.052527E-4
1.460000E-1	9.918260E-5	3.814730E-6	1.373838E-4
1.465000E-1	9.918260E-5	1.907360E-6	1.229383E-4
1.470000E-1	9.918260E-5	3.814730E-6	1.488585E-4
1.475000E-1	9.918260E-5	3.814730E-6	1.614526E-4
1.480000E-1	9.918260E-5	1.907360E-6	1.358087E-4
1.485000E-1	1.010900E-4	3.814730E-6	1.697841E-4
1.490000E-1	9.918260E-5	3.814730E-6	1.521954E-4
1.495000E-1	9.918260E-5	1.907360E-6	1.196014E-4
1.500000E-1	9.918260E-5	3.814730E-6	1.203477E-4
