-2.000000E-1	2.908720E-3	1.392370E-4	-1.026315E+0	5.533160E-1	6.595959E+0
-1.995000E-1	2.908720E-3	1.525890E-4	-1.025408E+0	0.000000E+0	0.000000E+0
-1.990000E-1	2.903000E-3	1.621260E-4	-1.022273E+0	0.000000E+0	0.000000E+0
-1.985000E-1	2.899180E-3	1.564040E-4	-1.019933E+0	0.000000E+0	0.000000E+0
-1.980000E-1	2.908720E-3	1.506810E-4	-1.017315E+0	0.000000E+0	0.000000E+0
-1.975000E-1	2.908720E-3	1.525890E-4	-1.014698E+0	0.000000E+0	0.000000E+0
-1.970000E-1	2.904910E-3	1.411450E-4	-1.012127E+0	0.000000E+0	0.000000E+0
-1.965000E-1	2.912540E-3	1.373300E-4	-1.009251E+0	0.000000E+0	0.000000E+0
-1.960000E-1	2.910630E-3	1.449590E-4	-1.006689E+0	0.000000E+0	0.000000E+0
-1.955000E-1	2.901090E-3	1.411450E-4	-1.004183E+0	0.000000E+0	0.000000E+0
-1.950000E-1	2.903000E-3	1.316080E-4	-1.001630E+0	0.000000E+0	0.000000E+0
-1.945000E-1	2.904910E-3	1.392370E-4	-9.988563E-1	0.000000E+0	0.000000E+0
-1.940000E-1	2.899180E-3	1.354230E-4	-9.964375E-1	0.000000E+0	0.000000E+0
-1.935000E-1	2.903000E-3	1.297010E-4	-9.939390E-1	0.000000E+0	0.000000E+0
-1.930000E-1	2.916350E-3	1.373300E-4	-9.912046E-1	0.000000E+0	0.000000E+0
-1.925000E-1	2.910630E-3	1.506810E-4	-9.885461E-1	0.000000E+0	0.000000E+0
-1.920000E-1	2.897280E-3	1.468670E-4	-9.860708E-1	0.000000E+0	0.000000E+0
-1.915000E-1	2.903000E-3	1.316080E-4	-9.835585E-1	0.000000E+0	0.000000E+0
-1.910000E-1	2.916350E-3	1.335150E-4	-9.806983E-1	0.000000E+0	0.000000E+0
-1.905000E-1	2.916350E-3	1.430520E-4	-9.782711E-1	0.000000E+0	0.000000E+0
-1.900000E-1	2.906810E-3	1.373300E-4	-9.758716E-1	0.000000E+0	0.000000E+0
-1.895000E-1	2.916350E-3	1.316080E-4	-9.732169E-1	0.000000E+0	0.000000E+0
-1.890000E-1	2.920170E-3	1.411450E-4	-9.705703E-1	0.000000E+0	0.000000E+0
-1.885000E-1	2.914440E-3	1.449590E-4	-9.683050E-1	0.000000E+0	0.000000E+0
-1.880000E-1	2.916350E-3	1.430520E-4	-9.657604E-1	0.000000E+0	0.000000E+0
-1.875000E-1	2.920170E-3	1.487740E-4	-9.627540E-1	0.000000E+0	0.000000E+0
-1.870000E-1	2.910630E-3	1.525890E-4	-9.604146E-1	0.000000E+0	0.000000E+0
-1.865000E-1	2.908720E-3	1.411450E-4	-9.579699E-1	0.000000E+0	0.000000E+0
-1.860000E-1	2.916350E-3	1.411450E-4	-9.552022E-1	0.000000E+0	0.000000E+0
-1.855000E-1	2.916350E-3	1.430520E-4	-9.525659E-1	0.000000E+0	0.000000E+0
-1.850000E-1	2.916350E-3	1.316080E-4	-9.499971E-1	0.000000E+0	0.000000E+0
-1.845000E-1	2.925890E-3	1.277930E-4	-9.471925E-1	0.000000E+0	0.000000E+0
-1.840000E-1	2.925890E-3	1.373300E-4	-9.445988E-1	0.000000E+0	0.000000E+0
-1.835000E-1	2.908720E-3	1.354230E-4	-9.423112E-1	0.000000E+0	0.000000E+0
-1.830000E-1	2.908720E-3	1.220710E-4	-9.398155E-1	0.000000E+0	0.000000E+0
-1.825000E-1	2.920170E-3	1.239790E-4	-9.368897E-1	0.000000E+0	0.000000E+0
-1.820000E-1	2.916350E-3	1.316080E-4	-9.344301E-1	0.000000E+0	0.000000E+0
-1.815000E-1	2.912540E-3	1.277930E-4	-9.321323E-1	0.000000E+0	0.000000E+0
-1.810000E-1	2.920170E-3	1.316080E-4	-9.293425E-1	0.000000E+0	0.000000E+0
-1.805000E-1	2.918260E-3	1.449590E-4	-9.266961E-1	0.000000E+0	0.000000E+0
-1.800000E-1	2.906810E-3	1.411450E-4	-9.243770E-1	0.000000E+0	0.000000E+0
-1.795000E-1	2.908720E-3	1.277930E-4	-9.219110E-1	0.000000E+0	0.000000E+0
-1.790000E-1	2.920170E-3	1.316080E-4	-9.192090E-1	0.000000E+0	0.000000E+0
-1.785000E-1	2.914440E-3	1.411450E-4	-9.166152E-1	0.000000E+0	0.000000E+0
-1.780000E-1	2.904910E-3	1.335150E-4	-9.142251E-1	0.000000E+0	0.000000E+0
-1.775000E-1	2.916350E-3	1.277930E-4	-9.114297E-1	0.000000E+0	0.000000E+0
-1.770000E-1	2.929700E-3	1.392370E-4	-9.087370E-1	0.000000E+0	0.000000E+0
-1.765000E-1	2.920170E-3	1.487740E-4	-9.062366E-1	0.000000E+0	0.000000E+0
-1.760000E-1	2.916350E-3	1.411450E-4	-9.039399E-1	0.000000E+0	0.000000E+0
-1.755000E-1	2.925890E-3	1.354230E-4	-9.012637E-1	0.000000E+0	0.000000E+0
-1.750000E-1	2.927800E-3	1.430520E-4	-8.986506E-1	0.000000E+0	0.000000E+0
-1.745000E-1	2.920170E-3	1.373300E-4	-8.961854E-1	0.000000E+0	0.000000E+0
-1.740000E-1	2.925890E-3	1.316080E-4	-8.935381E-1	0.000000E+0	0.000000E+0
-1.735000E-1	2.923980E-3	1.411450E-4	-8.908852E-1	0.000000E+0	0.000000E+0
-1.730000E-1	2.916350E-3	1.430520E-4	-8.885338E-1	0.000000E+0	0.000000E+0
-1.725000E-1	2.920170E-3	1.354230E-4	-8.857994E-1	0.000000E+0	0.000000E+0
-1.720000E-1	2.927800E-3	1.411450E-4	-8.830706E-1	0.000000E+0	0.000000E+0
-1.715000E-1	2.916350E-3	1.449590E-4	-8.806045E-1	0.000000E+0	0.000000E+0
-1.710000E-1	2.912540E-3	1.335150E-4	-8.782486E-1	0.000000E+0	0.000000E+0
-1.705000E-1	2.923980E-3	1.316080E-4	-8.755262E-1	0.000000E+0	0.000000E+0
-1.700000E-1	2.929700E-3	1.430520E-4	-8.728566E-1	0.000000E+0	0.000000E+0
-1.695000E-1	2.916350E-3	1.449590E-4	-8.704617E-1	0.000000E+0	0.000000E+0
-1.690000E-1	2.916350E-3	1.354230E-4	-8.679466E-1	0.000000E+0	0.000000E+0
-1.685000E-1	2.927800E-3	1.392370E-4	-8.653057E-1	0.000000E+0	0.000000E+0
-1.680000E-1	2.923980E-3	1.525890E-4	-8.625214E-1	0.000000E+0	0.000000E+0
-1.675000E-1	2.912540E-3	1.506810E-4	-8.601534E-1	0.000000E+0	0.000000E+0
-1.670000E-1	2.912540E-3	1.411450E-4	-8.576384E-1	0.000000E+0	0.000000E+0
-1.665000E-1	2.916350E-3	1.411450E-4	-8.550936E-1	0.000000E+0	0.000000E+0
-1.660000E-1	2.910630E-3	1.373300E-4	-8.525878E-1	0.000000E+0	0.000000E+0
-1.655000E-1	2.906810E-3	1.220710E-4	-8.502706E-1	0.000000E+0	0.000000E+0
-1.650000E-1	2.920170E-3	1.144410E-4	-8.476464E-1	0.000000E+0	0.000000E+0
-1.645000E-1	2.923980E-3	1.239790E-4	-8.449425E-1	0.000000E+0	0.000000E+0
-1.640000E-1	2.916350E-3	1.258860E-4	-8.426855E-1	0.000000E+0	0.000000E+0
-1.635000E-1	2.916350E-3	1.220710E-4	-8.399696E-1	0.000000E+0	0.000000E+0
-1.630000E-1	2.918260E-3	1.392370E-4	-8.371243E-1	0.000000E+0	0.000000E+0
-1.625000E-1	2.910630E-3	1.487740E-4	-8.347776E-1	0.000000E+0	0.000000E+0
-1.620000E-1	2.910630E-3	1.430520E-4	-8.323956E-1	0.000000E+0	0.000000E+0
-1.615000E-1	2.922070E-3	1.449590E-4	-8.295513E-1	0.000000E+0	0.000000E+0
-1.610000E-1	2.922070E-3	1.525890E-4	-8.269880E-1	0.000000E+0	0.000000E+0
-1.605000E-1	2.916350E-3	1.449590E-4	-8.246857E-1	0.000000E+0	0.000000E+0
-1.600000E-1	2.922070E-3	1.373300E-4	-8.220235E-1	0.000000E+0	0.000000E+0
-1.595000E-1	2.918260E-3	1.430520E-4	-8.194464E-1	0.000000E+0	0.000000E+0
-1.590000E-1	2.908720E-3	1.373300E-4	-8.171125E-1	0.000000E+0	0.000000E+0
-1.585000E-1	2.914440E-3	1.335150E-4	-8.143644E-1	0.000000E+0	0.000000E+0
-1.580000E-1	2.914440E-3	1.430520E-4	-8.115606E-1	0.000000E+0	0.000000E+0
-1.575000E-1	2.904910E-3	1.411450E-4	-8.092657E-1	0.000000E+0	0.000000E+0
-1.570000E-1	2.910630E-3	1.335150E-4	-8.066867E-1	0.000000E+0	0.000000E+0
-1.565000E-1	2.910630E-3	1.411450E-4	-8.040319E-1	0.000000E+0	0.000000E+0
-1.560000E-1	2.906810E-3	1.392370E-4	-8.016399E-1	0.000000E+0	0.000000E+0
-1.555000E-1	2.916350E-3	1.335150E-4	-7.990656E-1	0.000000E+0	0.000000E+0
-1.550000E-1	2.918260E-3	1.449590E-4	-7.963849E-1	0.000000E+0	0.000000E+0
-1.545000E-1	2.903000E-3	1.564040E-4	-7.937949E-1	0.000000E+0	0.000000E+0
-1.540000E-1	2.885830E-3	1.564040E-4	-7.916266E-1	0.000000E+0	0.000000E+0
-1.535000E-1	2.880110E-3	1.678480E-4	-7.889294E-1	0.000000E+0	0.000000E+0
-1.530000E-1	2.897280E-3	1.621260E-4	-7.859952E-1	0.000000E+0	0.000000E+0
-1.525000E-1	2.899180E-3	1.430520E-4	-7.834153E-1	0.000000E+0	0.000000E+0
-1.520000E-1	2.891560E-3	1.449590E-4	-7.808955E-1	0.000000E+0	0.000000E+0
-1.515000E-1	2.901090E-3	1.525890E-4	-7.782370E-1	0.000000E+0	0.000000E+0
-1.510000E-1	2.910630E-3	1.430520E-4	-7.757377E-1	0.000000E+0	0.000000E+0
-1.505000E-1	2.893460E-3	1.411450E-4	-7.732068E-1	0.000000E+0	0.000000E+0
-1.500000E-1	2.880110E-3	1.544960E-4	-7.708500E-1	5.526990E-1	6.544812E+0
-1.495000E-1	2.910630E-3	1.316080E-4	-7.686354E-1	0.000000E+0	0.000000E+0
-1.490000E-1	2.899180E-3	1.354230E-4	-7.656902E-1	0.000000E+0	0.000000E+0
-1.485000E-1	2.899180E-3	1.583110E-4	-7.630520E-1	0.000000E+0	0.000000E+0
-1.480000E-1	2.916350E-3	1.697550E-4	-7.603390E-1	0.000000E+0	0.000000E+0
-1.475000E-1	2.923980E-3	1.449590E-4	-7.578007E-1	0.000000E+0	0.000000E+0
-1.470000E-1	2.916350E-3	1.316080E-4	-7.554540E-1	0.000000E+0	0.000000E+0
-1.465000E-1	2.923980E-3	1.392370E-4	-7.527169E-1	0.000000E+0	0.000000E+0
-1.460000E-1	2.925890E-3	1.239790E-4	-7.502749E-1	0.000000E+0	0.000000E+0
-1.455000E-1	2.904910E-3	1.220710E-4	-7.478560E-1	0.000000E+0	0.000000E+0
-1.450000E-1	2.891560E-3	1.449590E-4	-7.452631E-1	0.000000E+0	0.000000E+0
-1.445000E-1	2.903000E-3	1.564040E-4	-7.426287E-1	0.000000E+0	0.000000E+0
-1.440000E-1	2.889650E-3	1.602180E-4	-7.401219E-1	0.000000E+0	0.000000E+0
-1.435000E-1	2.878200E-3	1.792920E-4	-7.374967E-1	0.000000E+0	0.000000E+0
-1.430000E-1	2.901090E-3	1.888280E-4	-7.350186E-1	0.000000E+0	0.000000E+0
-1.425000E-1	2.937330E-3	1.869210E-4	-7.323010E-1	0.000000E+0	0.000000E+0
-1.420000E-1	2.958310E-3	1.659400E-4	-7.296332E-1	0.000000E+0	0.000000E+0
-1.415000E-1	2.939240E-3	1.373300E-4	-7.270997E-1	0.000000E+0	0.000000E+0
-1.410000E-1	2.910630E-3	1.316080E-4	-7.247963E-1	0.000000E+0	0.000000E+0
-1.405000E-1	2.906810E-3	1.449590E-4	-7.220250E-1	0.000000E+0	0.000000E+0
-1.400000E-1	2.916350E-3	1.258860E-4	-7.194173E-1	0.000000E+0	0.000000E+0
-1.395000E-1	2.906810E-3	1.182560E-4	-7.169818E-1	0.000000E+0	0.000000E+0
-1.390000E-1	2.897280E-3	1.392370E-4	-7.144315E-1	0.000000E+0	0.000000E+0
-1.385000E-1	2.897280E-3	1.697550E-4	-7.118517E-1	0.000000E+0	0.000000E+0
-1.380000E-1	2.912540E-3	1.907360E-4	-7.094125E-1	0.000000E+0	0.000000E+0
-1.375000E-1	2.944960E-3	1.850140E-4	-7.065902E-1	0.000000E+0	0.000000E+0
-1.370000E-1	2.969760E-3	1.640330E-4	-7.038642E-1	0.000000E+0	0.000000E+0
-1.365000E-1	2.960220E-3	1.392370E-4	-7.014277E-1	0.000000E+0	0.000000E+0
-1.360000E-1	2.939240E-3	1.354230E-4	-6.991466E-1	0.000000E+0	0.000000E+0
-1.355000E-1	2.943050E-3	1.449590E-4	-6.965261E-1	0.000000E+0	0.000000E+0
-1.350000E-1	2.952590E-3	1.277930E-4	-6.937455E-1	0.000000E+0	0.000000E+0
-1.345000E-1	2.948780E-3	1.087190E-4	-6.912350E-1	0.000000E+0	0.000000E+0
-1.340000E-1	2.929700E-3	1.201630E-4	-6.888022E-1	0.000000E+0	0.000000E+0
-1.335000E-1	2.941150E-3	1.354230E-4	-6.858737E-1	0.000000E+0	0.000000E+0
-1.330000E-1	2.941150E-3	1.335150E-4	-6.835296E-1	0.000000E+0	0.000000E+0
-1.325000E-1	2.916350E-3	1.487740E-4	-6.812263E-1	0.000000E+0	0.000000E+0
-1.320000E-1	2.903000E-3	1.697550E-4	-6.788139E-1	0.000000E+0	0.000000E+0
-1.315000E-1	2.910630E-3	1.659400E-4	-6.759927E-1	0.000000E+0	0.000000E+0
-1.310000E-1	2.918260E-3	1.449590E-4	-6.735709E-1	0.000000E+0	0.000000E+0
-1.305000E-1	2.916350E-3	1.411450E-4	-6.709356E-1	0.000000E+0	0.000000E+0
-1.300000E-1	2.918260E-3	1.277930E-4	-6.684473E-1	0.000000E+0	0.000000E+0
-1.295000E-1	2.903000E-3	1.277930E-4	-6.659146E-1	0.000000E+0	0.000000E+0
-1.290000E-1	2.893460E-3	1.468670E-4	-6.632164E-1	0.000000E+0	0.000000E+0
-1.285000E-1	2.910630E-3	1.640330E-4	-6.603941E-1	0.000000E+0	0.000000E+0
-1.280000E-1	2.927800E-3	1.583110E-4	-6.580521E-1	0.000000E+0	0.000000E+0
-1.275000E-1	2.923980E-3	1.354230E-4	-6.554250E-1	0.000000E+0	0.000000E+0
-1.270000E-1	2.937330E-3	1.220710E-4	-6.527081E-1	0.000000E+0	0.000000E+0
-1.265000E-1	2.935420E-3	1.049050E-4	-6.502948E-1	0.000000E+0	0.000000E+0
-1.260000E-1	2.914440E-3	1.029970E-4	-6.476678E-1	0.000000E+0	0.000000E+0
-1.255000E-1	2.897280E-3	1.277930E-4	-6.452267E-1	0.000000E+0	0.000000E+0
-1.250000E-1	2.908720E-3	1.544960E-4	-6.425034E-1	0.000000E+0	0.000000E+0
-1.245000E-1	2.925890E-3	1.487740E-4	-6.400485E-1	0.000000E+0	0.000000E+0
-1.240000E-1	2.923980E-3	1.506810E-4	-6.370737E-1	0.000000E+0	0.000000E+0
-1.235000E-1	2.941150E-3	1.449590E-4	-6.343587E-1	0.000000E+0	0.000000E+0
-1.230000E-1	2.944960E-3	1.297010E-4	-6.319269E-1	0.000000E+0	0.000000E+0
-1.225000E-1	2.929700E-3	1.411450E-4	-6.296699E-1	0.000000E+0	0.000000E+0
-1.220000E-1	2.929700E-3	1.544960E-4	-6.269800E-1	0.000000E+0	0.000000E+0
-1.215000E-1	2.941150E-3	1.449590E-4	-6.243954E-1	0.000000E+0	0.000000E+0
-1.210000E-1	2.937330E-3	1.316080E-4	-6.219932E-1	0.000000E+0	0.000000E+0
-1.205000E-1	2.925890E-3	1.449590E-4	-6.195844E-1	0.000000E+0	0.000000E+0
-1.200000E-1	2.923980E-3	1.564040E-4	-6.170674E-1	0.000000E+0	0.000000E+0
-1.195000E-1	2.937330E-3	1.392370E-4	-6.142203E-1	0.000000E+0	0.000000E+0
-1.190000E-1	2.944960E-3	1.201630E-4	-6.116062E-1	0.000000E+0	0.000000E+0
-1.185000E-1	2.920170E-3	1.411450E-4	-6.081143E-1	0.000000E+0	0.000000E+0
-1.180000E-1	2.927800E-3	1.316080E-4	-6.065048E-1	0.000000E+0	0.000000E+0
-1.175000E-1	2.939240E-3	1.106270E-4	-6.039970E-1	0.000000E+0	0.000000E+0
-1.170000E-1	2.927800E-3	9.346050E-5	-6.013718E-1	0.000000E+0	0.000000E+0
-1.165000E-1	2.903000E-3	9.155320E-5	-5.989381E-1	0.000000E+0	0.000000E+0
-1.160000E-1	2.880110E-3	1.182560E-4	-5.963481E-1	0.000000E+0	0.000000E+0
-1.155000E-1	2.874390E-3	1.544960E-4	-5.939144E-1	0.000000E+0	0.000000E+0
-1.150000E-1	2.882020E-3	1.735700E-4	-5.913623E-1	0.000000E+0	0.000000E+0
-1.145000E-1	2.906810E-3	1.640330E-4	-5.886085E-1	0.000000E+0	0.000000E+0
-1.140000E-1	2.922070E-3	1.392370E-4	-5.860611E-1	0.000000E+0	0.000000E+0
-1.135000E-1	2.937330E-3	1.201630E-4	-5.836393E-1	0.000000E+0	0.000000E+0
-1.130000E-1	2.944960E-3	1.239790E-4	-5.808264E-1	0.000000E+0	0.000000E+0
-1.125000E-1	2.931610E-3	1.354230E-4	-5.783806E-1	0.000000E+0	0.000000E+0
-1.120000E-1	2.916350E-3	1.335150E-4	-5.759839E-1	0.000000E+0	0.000000E+0
-1.115000E-1	2.923980E-3	1.316080E-4	-5.734235E-1	0.000000E+0	0.000000E+0
-1.110000E-1	2.929700E-3	1.430520E-4	-5.706939E-1	0.000000E+0	0.000000E+0
-1.105000E-1	2.918260E-3	1.449590E-4	-5.683249E-1	0.000000E+0	0.000000E+0
-1.100000E-1	2.918260E-3	1.316080E-4	-5.658958E-1	0.000000E+0	0.000000E+0
-1.095000E-1	2.931610E-3	1.277930E-4	-5.631790E-1	0.000000E+0	0.000000E+0
-1.090000E-1	2.929700E-3	1.392370E-4	-5.603365E-1	0.000000E+0	0.000000E+0
-1.085000E-1	2.916350E-3	1.411450E-4	-5.578713E-1	0.000000E+0	0.000000E+0
-1.080000E-1	2.916350E-3	1.316080E-4	-5.554468E-1	0.000000E+0	0.000000E+0
-1.075000E-1	2.927800E-3	1.335150E-4	-5.528309E-1	0.000000E+0	0.000000E+0
-1.070000E-1	2.925890E-3	1.411450E-4	-5.503213E-1	0.000000E+0	0.000000E+0
-1.065000E-1	2.922070E-3	1.316080E-4	-5.479551E-1	0.000000E+0	0.000000E+0
-1.060000E-1	2.918260E-3	1.163490E-4	-5.453345E-1	0.000000E+0	0.000000E+0
-1.055000E-1	2.904910E-3	1.182560E-4	-5.428185E-1	0.000000E+0	0.000000E+0
-1.050000E-1	2.914440E-3	1.297010E-4	-5.399454E-1	0.000000E+0	0.000000E+0
-1.045000E-1	2.914440E-3	1.144410E-4	-5.372842E-1	0.000000E+0	0.000000E+0
-1.040000E-1	2.906810E-3	1.125340E-4	-5.349217E-1	0.000000E+0	0.000000E+0
-1.035000E-1	2.920170E-3	1.239790E-4	-5.322419E-1	0.000000E+0	0.000000E+0
-1.030000E-1	2.923980E-3	1.201630E-4	-5.297601E-1	0.000000E+0	0.000000E+0
-1.025000E-1	2.914440E-3	1.297010E-4	-5.273024E-1	0.000000E+0	0.000000E+0
-1.020000E-1	2.916350E-3	1.258860E-4	-5.244579E-1	0.000000E+0	0.000000E+0
-1.015000E-1	2.904910E-3	1.144410E-4	-5.220242E-1	0.000000E+0	0.000000E+0
-1.010000E-1	2.897280E-3	1.239790E-4	-5.193547E-1	0.000000E+0	0.000000E+0
-1.005000E-1	2.904910E-3	1.239790E-4	-5.167980E-1	0.000000E+0	0.000000E+0
-1.000000E-1	2.897280E-3	1.316080E-4	-5.143503E-1	5.518920E-1	6.478674E+0
-9.950000E-2	2.931610E-3	1.316080E-4	-5.120239E-1	0.000000E+0	0.000000E+0
-9.900000E-2	2.933520E-3	1.163490E-4	-5.092637E-1	0.000000E+0	0.000000E+0
-9.850000E-2	2.931610E-3	1.354230E-4	-5.065969E-1	0.000000E+0	0.000000E+0
-9.800000E-2	2.943050E-3	1.621260E-4	-5.040586E-1	0.000000E+0	0.000000E+0
-9.750000E-2	2.965940E-3	1.754770E-4	-5.015547E-1	0.000000E+0	0.000000E+0
-9.700000E-2	2.983110E-3	1.716620E-4	-4.986639E-1	0.000000E+0	0.000000E+0
-9.650000E-2	2.975480E-3	1.506810E-4	-4.962562E-1	0.000000E+0	0.000000E+0
-9.600000E-2	2.950680E-3	1.468670E-4	-4.936911E-1	0.000000E+0	0.000000E+0
-9.550000E-2	2.943050E-3	1.449590E-4	-4.909910E-1	0.000000E+0	0.000000E+0
-9.500000E-2	2.918260E-3	1.354230E-4	-4.885212E-1	0.000000E+0	0.000000E+0
-9.450000E-2	2.893460E-3	1.449590E-4	-4.859173E-1	0.000000E+0	0.000000E+0
-9.400000E-2	2.885830E-3	1.678480E-4	-4.833837E-1	0.000000E+0	0.000000E+0
-9.350000E-2	2.901090E-3	1.716620E-4	-4.807780E-1	0.000000E+0	0.000000E+0
-9.300000E-2	2.910630E-3	1.430520E-4	-4.781629E-1	0.000000E+0	0.000000E+0
-9.250000E-2	2.908720E-3	1.182560E-4	-4.758532E-1	0.000000E+0	0.000000E+0
-9.200000E-2	2.897280E-3	1.258860E-4	-4.731595E-1	0.000000E+0	0.000000E+0
-9.150000E-2	2.904910E-3	1.373300E-4	-4.703651E-1	0.000000E+0	0.000000E+0
-9.100000E-2	2.908720E-3	1.430520E-4	-4.681302E-1	0.000000E+0	0.000000E+0
-9.050000E-2	2.916350E-3	1.506810E-4	-4.656198E-1	0.000000E+0	0.000000E+0
-9.000000E-2	2.937330E-3	1.354230E-4	-4.630278E-1	0.000000E+0	0.000000E+0
-8.950000E-2	2.950680E-3	1.068120E-4	-4.600891E-1	0.000000E+0	0.000000E+0
-8.900000E-2	2.931610E-3	9.918260E-5	-4.576720E-1	0.000000E+0	0.000000E+0
-8.850000E-2	2.916350E-3	1.201630E-4	-4.552615E-1	0.000000E+0	0.000000E+0
-8.800000E-2	2.931610E-3	1.258860E-4	-4.524374E-1	0.000000E+0	0.000000E+0
-8.750000E-2	2.939240E-3	1.144410E-4	-4.501129E-1	0.000000E+0	0.000000E+0
-8.700000E-2	2.935420E-3	1.239790E-4	-4.475163E-1	0.000000E+0	0.000000E+0
-8.650000E-2	2.939240E-3	1.277930E-4	-4.448819E-1	0.000000E+0	0.000000E+0
-8.600000E-2	2.922070E-3	1.258860E-4	-4.424185E-1	0.000000E+0	0.000000E+0
-8.550000E-2	2.914440E-3	1.430520E-4	-4.400866E-1	0.000000E+0	0.000000E+0
-8.500000E-2	2.929700E-3	1.564040E-4	-4.372773E-1	0.000000E+0	0.000000E+0
-8.450000E-2	2.927800E-3	1.430520E-4	-4.346207E-1	0.000000E+0	0.000000E+0
-8.400000E-2	2.916350E-3	1.392370E-4	-4.323258E-1	0.000000E+0	0.000000E+0
-8.350000E-2	2.931610E-3	1.449590E-4	-4.297857E-1	0.000000E+0	0.000000E+0
-8.300000E-2	2.952590E-3	1.277930E-4	-4.270717E-1	0.000000E+0	0.000000E+0
-8.250000E-2	2.939240E-3	1.029970E-4	-4.244964E-1	0.000000E+0	0.000000E+0
-8.200000E-2	2.904910E-3	9.727520E-5	-4.220304E-1	0.000000E+0	0.000000E+0
-8.150000E-2	2.889650E-3	1.144410E-4	-4.195273E-1	0.000000E+0	0.000000E+0
-8.100000E-2	2.903000E-3	1.239790E-4	-4.168993E-1	0.000000E+0	0.000000E+0
-8.050000E-2	2.903000E-3	1.487740E-4	-4.143499E-1	0.000000E+0	0.000000E+0
-8.000000E-2	2.904910E-3	1.697550E-4	-4.118830E-1	0.000000E+0	0.000000E+0
-7.950000E-2	2.920170E-3	1.659400E-4	-4.092171E-1	0.000000E+0	0.000000E+0
-7.900000E-2	2.922070E-3	1.335150E-4	-4.064300E-1	0.000000E+0	0.000000E+0
-7.850000E-2	2.910630E-3	1.125340E-4	-4.041600E-1	0.000000E+0	0.000000E+0
-7.800000E-2	2.903000E-3	1.201630E-4	-4.016569E-1	0.000000E+0	0.000000E+0
-7.750000E-2	2.918260E-3	1.144410E-4	-3.992242E-1	0.000000E+0	0.000000E+0
-7.700000E-2	2.944960E-3	1.068120E-4	-3.965860E-1	0.000000E+0	0.000000E+0
-7.650000E-2	2.954500E-3	9.155320E-5	-3.938193E-1	0.000000E+0	0.000000E+0
-7.600000E-2	2.933520E-3	8.964590E-5	-3.915086E-1	0.000000E+0	0.000000E+0
-7.550000E-2	2.931610E-3	1.182560E-4	-3.887364E-1	0.000000E+0	0.000000E+0
-7.500000E-2	2.935420E-3	1.316080E-4	-3.860695E-1	0.000000E+0	0.000000E+0
-7.450000E-2	2.918260E-3	1.373300E-4	-3.838236E-1	0.000000E+0	0.000000E+0
-7.400000E-2	2.918260E-3	1.525890E-4	-3.812022E-1	0.000000E+0	0.000000E+0
-7.350000E-2	2.939240E-3	1.411450E-4	-3.783106E-1	0.000000E+0	0.000000E+0
-7.300000E-2	2.939240E-3	1.201630E-4	-3.760101E-1	0.000000E+0	0.000000E+0
-7.250000E-2	2.933520E-3	1.277930E-4	-3.733488E-1	0.000000E+0	0.000000E+0
-7.200000E-2	2.941150E-3	1.182560E-4	-3.707088E-1	0.000000E+0	0.000000E+0
-7.150000E-2	2.935420E-3	1.087190E-4	-3.683528E-1	0.000000E+0	0.000000E+0
-7.100000E-2	2.935420E-3	1.201630E-4	-3.656777E-1	0.000000E+0	0.000000E+0
-7.050000E-2	2.943050E-3	1.163490E-4	-3.630561E-1	0.000000E+0	0.000000E+0
-7.000000E-2	2.933520E-3	1.087190E-4	-3.605596E-1	0.000000E+0	0.000000E+0
-6.950000E-2	2.929700E-3	1.277930E-4	-3.580194E-1	0.000000E+0	0.000000E+0
-6.900000E-2	2.943050E-3	1.258860E-4	-3.554202E-1	0.000000E+0	0.000000E+0
-6.850000E-2	2.943050E-3	1.087190E-4	-3.526525E-1	0.000000E+0	0.000000E+0
-6.800000E-2	2.929700E-3	1.087190E-4	-3.503530E-1	0.000000E+0	0.000000E+0
-6.750000E-2	2.933520E-3	1.258860E-4	-3.475788E-1	0.000000E+0	0.000000E+0
-6.700000E-2	2.937330E-3	1.258860E-4	-3.451794E-1	0.000000E+0	0.000000E+0
-6.650000E-2	2.929700E-3	1.354230E-4	-3.427974E-1	0.000000E+0	0.000000E+0
-6.600000E-2	2.943050E-3	1.373300E-4	-3.398855E-1	0.000000E+0	0.000000E+0
-6.550000E-2	2.943050E-3	1.163490E-4	-3.373380E-1	0.000000E+0	0.000000E+0
-6.500000E-2	2.929700E-3	1.087190E-4	-3.348405E-1	0.000000E+0	0.000000E+0
-6.450000E-2	2.941150E-3	1.277930E-4	-3.321071E-1	0.000000E+0	0.000000E+0
-6.400000E-2	2.950680E-3	1.316080E-4	-3.295087E-1	0.000000E+0	0.000000E+0
-6.350000E-2	2.937330E-3	1.354230E-4	-3.272129E-1	0.000000E+0	0.000000E+0
-6.300000E-2	2.943050E-3	1.468670E-4	-3.246395E-1	0.000000E+0	0.000000E+0
-6.250000E-2	2.958310E-3	1.373300E-4	-3.217849E-1	0.000000E+0	0.000000E+0
-6.200000E-2	2.944960E-3	1.144410E-4	-3.193216E-1	0.000000E+0	0.000000E+0
-6.150000E-2	2.925890E-3	1.182560E-4	-3.169063E-1	0.000000E+0	0.000000E+0
-6.100000E-2	2.933520E-3	1.297010E-4	-3.142747E-1	0.000000E+0	0.000000E+0
-6.050000E-2	2.939240E-3	1.239790E-4	-3.116291E-1	0.000000E+0	0.000000E+0
-6.000000E-2	2.925890E-3	1.335150E-4	-3.091048E-1	0.000000E+0	0.000000E+0
-5.950000E-2	2.923980E-3	1.468670E-4	-3.063779E-1	0.000000E+0	0.000000E+0
-5.900000E-2	2.929700E-3	1.392370E-4	-3.038276E-1	0.000000E+0	0.000000E+0
-5.850000E-2	2.918260E-3	1.449590E-4	-3.013874E-1	0.000000E+0	0.000000E+0
-5.800000E-2	2.918260E-3	1.602180E-4	-2.989130E-1	0.000000E+0	0.000000E+0
-5.750000E-2	2.935420E-3	1.735700E-4	-2.964811E-1	0.000000E+0	0.000000E+0
-5.700000E-2	2.962130E-3	1.621260E-4	-2.938680E-1	0.000000E+0	0.000000E+0
-5.650000E-2	2.977390E-3	1.373300E-4	-2.910901E-1	0.000000E+0	0.000000E+0
-5.600000E-2	2.960220E-3	1.106270E-4	-2.885223E-1	0.000000E+0	0.000000E+0
-5.550000E-2	2.941150E-3	1.106270E-4	-2.860470E-1	0.000000E+0	0.000000E+0
-5.500000E-2	2.952590E-3	1.258860E-4	-2.833949E-1	0.000000E+0	0.000000E+0
-5.450000E-2	2.969760E-3	1.316080E-4	-2.806514E-1	0.000000E+0	0.000000E+0
-5.400000E-2	2.956410E-3	1.277930E-4	-2.783093E-1	0.000000E+0	0.000000E+0
-5.350000E-2	2.954500E-3	1.449590E-4	-2.756841E-1	0.000000E+0	0.000000E+0
-5.300000E-2	2.969760E-3	1.506810E-4	-2.730830E-1	0.000000E+0	0.000000E+0
-5.250000E-2	2.967850E-3	1.335150E-4	-2.703773E-1	0.000000E+0	0.000000E+0
-5.200000E-2	2.943050E-3	1.277930E-4	-2.680665E-1	0.000000E+0	0.000000E+0
-5.150000E-2	2.943050E-3	1.373300E-4	-2.654645E-1	0.000000E+0	0.000000E+0
-5.100000E-2	2.935420E-3	1.277930E-4	-2.628236E-1	0.000000E+0	0.000000E+0
-5.050000E-2	2.916350E-3	1.201630E-4	-2.602372E-1	0.000000E+0	0.000000E+0
-5.000000E-2	2.916350E-3	1.220710E-4	-2.574928E-1	5.518840E-1	6.478023E+0
-4.950000E-2	2.923980E-3	1.430520E-4	-2.555780E-1	0.000000E+0	0.000000E+0
-4.900000E-2	2.933520E-3	1.583110E-4	-2.524588E-1	0.000000E+0	0.000000E+0
-4.850000E-2	2.944960E-3	1.544960E-4	-2.497032E-1	0.000000E+0	0.000000E+0
-4.800000E-2	2.929700E-3	1.449590E-4	-2.475470E-1	0.000000E+0	0.000000E+0
-4.750000E-2	2.916350E-3	1.564040E-4	-2.451901E-1	0.000000E+0	0.000000E+0
-4.700000E-2	2.931610E-3	1.773840E-4	-2.426676E-1	0.000000E+0	0.000000E+0
-4.650000E-2	2.952590E-3	1.907360E-4	-2.399426E-1	0.000000E+0	0.000000E+0
-4.600000E-2	2.965940E-3	1.811990E-4	-2.372470E-1	0.000000E+0	0.000000E+0
-4.550000E-2	2.950680E-3	1.564040E-4	-2.347540E-1	0.000000E+0	0.000000E+0
-4.500000E-2	2.943050E-3	1.525890E-4	-2.322529E-1	0.000000E+0	0.000000E+0
-4.450000E-2	2.950680E-3	1.316080E-4	-2.294704E-1	0.000000E+0	0.000000E+0
-4.400000E-2	2.950680E-3	1.049050E-4	-2.270414E-1	0.000000E+0	0.000000E+0
-4.350000E-2	2.931610E-3	9.346050E-5	-2.244883E-1	0.000000E+0	0.000000E+0
-4.300000E-2	2.903000E-3	1.049050E-4	-2.220638E-1	0.000000E+0	0.000000E+0
-4.250000E-2	2.899180E-3	1.392370E-4	-2.195284E-1	0.000000E+0	0.000000E+0
-4.200000E-2	2.916350E-3	1.583110E-4	-2.167515E-1	0.000000E+0	0.000000E+0
-4.150000E-2	2.916350E-3	1.449590E-4	-2.142466E-1	0.000000E+0	0.000000E+0
-4.100000E-2	2.895370E-3	1.373300E-4	-2.115668E-1	0.000000E+0	0.000000E+0
-4.050000E-2	2.891560E-3	1.449590E-4	-2.091183E-1	0.000000E+0	0.000000E+0
-4.000000E-2	2.914440E-3	1.449590E-4	-2.064829E-1	0.000000E+0	0.000000E+0
-3.950000E-2	2.910630E-3	1.277930E-4	-2.038467E-1	0.000000E+0	0.000000E+0
-3.900000E-2	2.895370E-3	1.182560E-4	-2.015989E-1	0.000000E+0	0.000000E+0
-3.850000E-2	2.901090E-3	1.354230E-4	-1.989737E-1	0.000000E+0	0.000000E+0
-3.800000E-2	2.931610E-3	1.354230E-4	-1.961930E-1	0.000000E+0	0.000000E+0
-3.750000E-2	2.956410E-3	1.258860E-4	-1.935290E-1	0.000000E+0	0.000000E+0
-3.700000E-2	2.944960E-3	1.277930E-4	-1.912082E-1	0.000000E+0	0.000000E+0
-3.650000E-2	2.956410E-3	1.392370E-4	-1.884526E-1	0.000000E+0	0.000000E+0
-3.600000E-2	2.977390E-3	1.239790E-4	-1.856017E-1	0.000000E+0	0.000000E+0
-3.550000E-2	2.969760E-3	1.106270E-4	-1.832901E-1	0.000000E+0	0.000000E+0
-3.500000E-2	2.956410E-3	1.258860E-4	-1.805122E-1	0.000000E+0	0.000000E+0
-3.450000E-2	2.954500E-3	1.182560E-4	-1.780129E-1	0.000000E+0	0.000000E+0
-3.400000E-2	2.939240E-3	1.144410E-4	-1.757032E-1	0.000000E+0	0.000000E+0
-3.350000E-2	2.937330E-3	1.392370E-4	-1.730511E-1	0.000000E+0	0.000000E+0
-3.300000E-2	2.943050E-3	1.506810E-4	-1.703510E-1	0.000000E+0	0.000000E+0
-3.250000E-2	2.929700E-3	1.449590E-4	-1.678627E-1	0.000000E+0	0.000000E+0
-3.200000E-2	2.912540E-3	1.525890E-4	-1.655123E-1	0.000000E+0	0.000000E+0
-3.150000E-2	2.920170E-3	1.773840E-4	-1.629231E-1	0.000000E+0	0.000000E+0
-3.100000E-2	2.944960E-3	1.888280E-4	-1.600676E-1	0.000000E+0	0.000000E+0
-3.050000E-2	2.962130E-3	1.697550E-4	-1.574924E-1	0.000000E+0	0.000000E+0
-3.000000E-2	2.950680E-3	1.564040E-4	-1.551077E-1	0.000000E+0	0.000000E+0
-2.950000E-2	2.950680E-3	1.487740E-4	-1.523392E-1	0.000000E+0	0.000000E+0
-2.900000E-2	2.944960E-3	1.354230E-4	-1.499471E-1	0.000000E+0	0.000000E+0
-2.850000E-2	2.941150E-3	1.487740E-4	-1.475457E-1	0.000000E+0	0.000000E+0
-2.800000E-2	2.954500E-3	1.678480E-4	-1.448651E-1	0.000000E+0	0.000000E+0
-2.750000E-2	2.969760E-3	1.697550E-4	-1.420780E-1	0.000000E+0	0.000000E+0
-2.700000E-2	2.969760E-3	1.564040E-4	-1.396313E-1	0.000000E+0	0.000000E+0
-2.650000E-2	2.954500E-3	1.583110E-4	-1.371818E-1	0.000000E+0	0.000000E+0
-2.600000E-2	2.964030E-3	1.564040E-4	-1.342533E-1	0.000000E+0	0.000000E+0
-2.550000E-2	2.962130E-3	1.430520E-4	-1.317715E-1	0.000000E+0	0.000000E+0
-2.500000E-2	2.948780E-3	1.449590E-4	-1.294257E-1	0.000000E+0	0.000000E+0
-2.450000E-2	2.956410E-3	1.430520E-4	-1.267210E-1	0.000000E+0	0.000000E+0
-2.400000E-2	2.964030E-3	1.163490E-4	-1.239690E-1	0.000000E+0	0.000000E+0
-2.350000E-2	2.950680E-3	9.918260E-5	-1.215696E-1	0.000000E+0	0.000000E+0
-2.300000E-2	2.939240E-3	1.163490E-4	-1.191479E-1	0.000000E+0	0.000000E+0
-2.250000E-2	2.948780E-3	1.182560E-4	-1.162739E-1	0.000000E+0	0.000000E+0
-2.200000E-2	2.948780E-3	1.106270E-4	-1.140511E-1	0.000000E+0	0.000000E+0
-2.150000E-2	2.944960E-3	1.258860E-4	-1.114046E-1	0.000000E+0	0.000000E+0
-2.100000E-2	2.956410E-3	1.201630E-4	-1.085093E-1	0.000000E+0	0.000000E+0
-2.050000E-2	2.950680E-3	1.087190E-4	-1.060043E-1	0.000000E+0	0.000000E+0
-2.000000E-2	2.935420E-3	1.163490E-4	-1.037084E-1	0.000000E+0	0.000000E+0
-1.950000E-2	2.948780E-3	1.297010E-4	-1.011166E-1	0.000000E+0	0.000000E+0
-1.900000E-2	2.964030E-3	1.182560E-4	-9.828421E-2	0.000000E+0	0.000000E+0
-1.850000E-2	2.956410E-3	9.918260E-5	-9.608425E-2	0.000000E+0	0.000000E+0
-1.800000E-2	2.967850E-3	9.918260E-5	-9.316693E-2	0.000000E+0	0.000000E+0
-1.750000E-2	2.969760E-3	9.346050E-5	-9.074895E-2	0.000000E+0	0.000000E+0
-1.700000E-2	2.952590E-3	1.087190E-4	-8.830098E-2	0.000000E+0	0.000000E+0
-1.650000E-2	2.956410E-3	1.220710E-4	-8.525609E-2	0.000000E+0	0.000000E+0
-1.600000E-2	2.958310E-3	1.163490E-4	-8.273008E-2	0.000000E+0	0.000000E+0
-1.550000E-2	2.937330E-3	1.297010E-4	-8.029988E-2	0.000000E+0	0.000000E+0
-1.500000E-2	2.920170E-3	1.525890E-4	-7.776757E-2	0.000000E+0	0.000000E+0
-1.450000E-2	2.929700E-3	1.716620E-4	-7.527721E-2	0.000000E+0	0.000000E+0
-1.400000E-2	2.952590E-3	1.716620E-4	-7.248181E-2	0.000000E+0	0.000000E+0
-1.350000E-2	2.944960E-3	1.487740E-4	-6.999320E-2	0.000000E+0	0.000000E+0
-1.300000E-2	2.929700E-3	1.430520E-4	-6.762328E-2	0.000000E+0	0.000000E+0
-1.250000E-2	2.943050E-3	1.449590E-4	-6.474780E-2	0.000000E+0	0.000000E+0
-1.200000E-2	2.960220E-3	1.297010E-4	-6.201516E-2	0.000000E+0	0.000000E+0
-1.150000E-2	2.956410E-3	1.201630E-4	-5.957774E-2	0.000000E+0	0.000000E+0
-1.100000E-2	2.958310E-3	1.411450E-4	-5.701804E-2	0.000000E+0	0.000000E+0
-1.050000E-2	2.969760E-3	1.506810E-4	-5.437419E-2	0.000000E+0	0.000000E+0
-1.000000E-2	2.952590E-3	1.449590E-4	-5.197342E-2	0.000000E+0	0.000000E+0
-9.500000E-3	2.929700E-3	1.525890E-4	-4.931410E-2	0.000000E+0	0.000000E+0
-9.000000E-3	2.939240E-3	1.487740E-4	-4.684004E-2	0.000000E+0	0.000000E+0
-8.500000E-3	2.943050E-3	1.258860E-4	-4.405139E-2	0.000000E+0	0.000000E+0
-8.000000E-3	2.927800E-3	1.182560E-4	-4.169480E-2	0.000000E+0	0.000000E+0
-7.500000E-3	2.933520E-3	1.277930E-4	-3.890485E-2	0.000000E+0	0.000000E+0
-7.000000E-3	2.935420E-3	1.182560E-4	-3.641199E-2	0.000000E+0	0.000000E+0
-6.500000E-3	2.918260E-3	1.182560E-4	-3.384386E-2	0.000000E+0	0.000000E+0
-6.000000E-3	2.901090E-3	1.392370E-4	-3.120795E-2	0.000000E+0	0.000000E+0
-5.500000E-3	2.906810E-3	1.678480E-4	-2.866742E-2	0.000000E+0	0.000000E+0
-5.000000E-3	2.941150E-3	1.716620E-4	-2.586183E-2	0.000000E+0	0.000000E+0
-4.500000E-3	2.956410E-3	1.583110E-4	-2.372390E-2	0.000000E+0	0.000000E+0
-4.000000E-3	2.943050E-3	1.583110E-4	-2.128028E-2	0.000000E+0	0.000000E+0
-3.500000E-3	2.943050E-3	1.697550E-4	-1.879926E-2	0.000000E+0	0.000000E+0
-3.000000E-3	2.956410E-3	1.583110E-4	-1.572716E-2	0.000000E+0	0.000000E+0
-2.500000E-3	2.956410E-3	1.373300E-4	-1.325901E-2	0.000000E+0	0.000000E+0
-2.000000E-3	2.944960E-3	1.430520E-4	-1.061839E-2	0.000000E+0	0.000000E+0
-1.500000E-3	2.952590E-3	1.392370E-4	-7.800210E-3	0.000000E+0	0.000000E+0
-1.000000E-3	2.937330E-3	1.373300E-4	-5.361408E-3	0.000000E+0	0.000000E+0
-5.000000E-4	2.929700E-3	1.449590E-4	-2.937970E-3	0.000000E+0	0.000000E+0
0.000000E+0	2.943050E-3	1.354230E-4	-3.516051E-4	5.526760E-1	6.542915E+0
5.000000E-4	2.925890E-3	1.297010E-4	1.733191E-3	0.000000E+0	0.000000E+0
1.000000E-3	2.916350E-3	1.487740E-4	4.766231E-3	0.000000E+0	0.000000E+0
1.500000E-3	2.931610E-3	1.716620E-4	7.306041E-3	0.000000E+0	0.000000E+0
2.000000E-3	2.956410E-3	1.811990E-4	9.869076E-3	0.000000E+0	0.000000E+0
2.500000E-3	2.969760E-3	1.583110E-4	1.261958E-2	0.000000E+0	0.000000E+0
3.000000E-3	2.964030E-3	1.201630E-4	1.541915E-2	0.000000E+0	0.000000E+0
3.500000E-3	2.943050E-3	9.536790E-5	1.801209E-2	0.000000E+0	0.000000E+0
4.000000E-3	2.916350E-3	8.773850E-5	2.049533E-2	0.000000E+0	0.000000E+0
4.500000E-3	2.895370E-3	8.392380E-5	2.300986E-2	0.000000E+0	0.000000E+0
5.000000E-3	2.885830E-3	8.201650E-5	2.562835E-2	0.000000E+0	0.000000E+0
5.500000E-3	2.880110E-3	8.392380E-5	2.823379E-2	0.000000E+0	0.000000E+0
6.000000E-3	2.878200E-3	9.727520E-5	3.073684E-2	0.000000E+0	0.000000E+0
6.500000E-3	2.883930E-3	1.316080E-4	3.316972E-2	0.000000E+0	0.000000E+0
7.000000E-3	2.914440E-3	1.583110E-4	3.568842E-2	0.000000E+0	0.000000E+0
7.500000E-3	2.950680E-3	1.487740E-4	3.824747E-2	0.000000E+0	0.000000E+0
8.000000E-3	2.969760E-3	1.220710E-4	4.118229E-2	0.000000E+0	0.000000E+0
8.500000E-3	2.954500E-3	1.029970E-4	4.373987E-2	0.000000E+0	0.000000E+0
9.000000E-3	2.929700E-3	1.182560E-4	4.613257E-2	0.000000E+0	0.000000E+0
9.500000E-3	2.937330E-3	1.468670E-4	4.879198E-2	0.000000E+0	0.000000E+0
1.000000E-2	2.962130E-3	1.525890E-4	5.128911E-2	0.000000E+0	0.000000E+0
1.050000E-2	2.964030E-3	1.316080E-4	5.404924E-2	0.000000E+0	0.000000E+0
1.100000E-2	2.937330E-3	1.258860E-4	5.646517E-2	0.000000E+0	0.000000E+0
1.150000E-2	2.923980E-3	1.449590E-4	5.884334E-2	0.000000E+0	0.000000E+0
1.200000E-2	2.943050E-3	1.621260E-4	6.139425E-2	0.000000E+0	0.000000E+0
1.250000E-2	2.964030E-3	1.449590E-4	6.419697E-2	0.000000E+0	0.000000E+0
1.300000E-2	2.952590E-3	1.239790E-4	6.700895E-2	0.000000E+0	0.000000E+0
1.350000E-2	2.923980E-3	1.277930E-4	6.950607E-2	0.000000E+0	0.000000E+0
1.400000E-2	2.908720E-3	1.506810E-4	7.195719E-2	0.000000E+0	0.000000E+0
1.450000E-2	2.923980E-3	1.659400E-4	7.455698E-2	0.000000E+0	0.000000E+0
1.500000E-2	2.929700E-3	1.449590E-4	7.718583E-2	0.000000E+0	0.000000E+0
1.550000E-2	2.914440E-3	1.239790E-4	7.979534E-2	0.000000E+0	0.000000E+0
1.600000E-2	2.893460E-3	1.297010E-4	8.220897E-2	0.000000E+0	0.000000E+0
1.650000E-2	2.899180E-3	1.583110E-4	8.448595E-2	0.000000E+0	0.000000E+0
1.700000E-2	2.931610E-3	1.716620E-4	8.718601E-2	0.000000E+0	0.000000E+0
1.750000E-2	2.956410E-3	1.487740E-4	8.992939E-2	0.000000E+0	0.000000E+0
1.800000E-2	2.939240E-3	1.239790E-4	9.260990E-2	0.000000E+0	0.000000E+0
1.850000E-2	2.916350E-3	1.373300E-4	9.527097E-2	0.000000E+0	0.000000E+0
1.900000E-2	2.929700E-3	1.621260E-4	9.801203E-2	0.000000E+0	0.000000E+0
1.950000E-2	2.956410E-3	1.583110E-4	1.007922E-1	0.000000E+0	0.000000E+0
2.000000E-2	2.956410E-3	1.316080E-4	1.035085E-1	0.000000E+0	0.000000E+0
2.050000E-2	2.931610E-3	1.297010E-4	1.058175E-1	0.000000E+0	0.000000E+0
2.100000E-2	2.922070E-3	1.525890E-4	1.082884E-1	0.000000E+0	0.000000E+0
2.150000E-2	2.933520E-3	1.697550E-4	1.107146E-1	0.000000E+0	0.000000E+0
2.200000E-2	2.960220E-3	1.640330E-4	1.133243E-1	0.000000E+0	0.000000E+0
2.250000E-2	2.965940E-3	1.316080E-4	1.161014E-1	0.000000E+0	0.000000E+0
2.300000E-2	2.941150E-3	1.125340E-4	1.187651E-1	0.000000E+0	0.000000E+0
2.350000E-2	2.925890E-3	1.258860E-4	1.211492E-1	0.000000E+0	0.000000E+0
2.400000E-2	2.933520E-3	1.430520E-4	1.238660E-1	0.000000E+0	0.000000E+0
2.450000E-2	2.929700E-3	1.316080E-4	1.264421E-1	0.000000E+0	0.000000E+0
2.500000E-2	2.910630E-3	1.297010E-4	1.290488E-1	0.000000E+0	0.000000E+0
2.550000E-2	2.895370E-3	1.430520E-4	1.314529E-1	0.000000E+0	0.000000E+0
2.600000E-2	2.908720E-3	1.697550E-4	1.338949E-1	0.000000E+0	0.000000E+0
2.650000E-2	2.946870E-3	1.735700E-4	1.364563E-1	0.000000E+0	0.000000E+0
2.700000E-2	2.985020E-3	1.583110E-4	1.390084E-1	0.000000E+0	0.000000E+0
2.750000E-2	3.004090E-3	1.316080E-4	1.419962E-1	0.000000E+0	0.000000E+0
2.800000E-2	2.983110E-3	1.049050E-4	1.445752E-1	0.000000E+0	0.000000E+0
2.850000E-2	2.950680E-3	1.087190E-4	1.469525E-1	0.000000E+0	0.000000E+0
2.900000E-2	2.954500E-3	1.201630E-4	1.495656E-1	0.000000E+0	0.000000E+0
2.950000E-2	2.969760E-3	1.144410E-4	1.521677E-1	0.000000E+0	0.000000E+0
3.000000E-2	2.971660E-3	1.010900E-4	1.547596E-1	0.000000E+0	0.000000E+0
3.050000E-2	2.943050E-3	9.918260E-5	1.572858E-1	0.000000E+0	0.000000E+0
3.100000E-2	2.916350E-3	1.316080E-4	1.597935E-1	0.000000E+0	0.000000E+0
3.150000E-2	2.916350E-3	1.583110E-4	1.622587E-1	0.000000E+0	0.000000E+0
3.200000E-2	2.943050E-3	1.506810E-4	1.649957E-1	0.000000E+0	0.000000E+0
3.250000E-2	2.948780E-3	1.220710E-4	1.678438E-1	0.000000E+0	0.000000E+0
3.300000E-2	2.929700E-3	1.201630E-4	1.701804E-1	0.000000E+0	0.000000E+0
3.350000E-2	2.933520E-3	1.468670E-4	1.727835E-1	0.000000E+0	0.000000E+0
3.400000E-2	2.960220E-3	1.583110E-4	1.754068E-1	0.000000E+0	0.000000E+0
3.450000E-2	2.979290E-3	1.430520E-4	1.781383E-1	0.000000E+0	0.000000E+0
3.500000E-2	2.958310E-3	1.220710E-4	1.807469E-1	0.000000E+0	0.000000E+0
3.550000E-2	2.925890E-3	1.125340E-4	1.833045E-1	0.000000E+0	0.000000E+0
3.600000E-2	2.897280E-3	1.220710E-4	1.857484E-1	0.000000E+0	0.000000E+0
3.650000E-2	2.903000E-3	1.525890E-4	1.881793E-1	0.000000E+0	0.000000E+0
3.700000E-2	2.935420E-3	1.659400E-4	1.908508E-1	0.000000E+0	0.000000E+0
3.750000E-2	2.964030E-3	1.449590E-4	1.936396E-1	0.000000E+0	0.000000E+0
3.800000E-2	2.973570E-3	1.125340E-4	1.961900E-1	0.000000E+0	0.000000E+0
3.850000E-2	2.964030E-3	8.964590E-5	1.988336E-1	0.000000E+0	0.000000E+0
3.900000E-2	2.931610E-3	9.346050E-5	2.012886E-1	0.000000E+0	0.000000E+0
3.950000E-2	2.910630E-3	1.277930E-4	2.039230E-1	0.000000E+0	0.000000E+0
4.000000E-2	2.903000E-3	1.602180E-4	2.063253E-1	0.000000E+0	0.000000E+0
4.050000E-2	2.923980E-3	1.888280E-4	2.088283E-1	0.000000E+0	0.000000E+0
4.100000E-2	2.964030E-3	1.888280E-4	2.116090E-1	0.000000E+0	0.000000E+0
4.150000E-2	2.983110E-3	1.659400E-4	2.141843E-1	0.000000E+0	0.000000E+0
4.200000E-2	2.965940E-3	1.487740E-4	2.164838E-1	0.000000E+0	0.000000E+0
4.250000E-2	2.956410E-3	1.544960E-4	2.193680E-1	0.000000E+0	0.000000E+0
4.300000E-2	2.956410E-3	1.354230E-4	2.222448E-1	0.000000E+0	0.000000E+0
4.350000E-2	2.956410E-3	1.106270E-4	2.243640E-1	0.000000E+0	0.000000E+0
4.400000E-2	2.958310E-3	1.163490E-4	2.271344E-1	0.000000E+0	0.000000E+0
4.450000E-2	2.967850E-3	1.125340E-4	2.297161E-1	0.000000E+0	0.000000E+0
4.500000E-2	2.958310E-3	1.049050E-4	2.323200E-1	0.000000E+0	0.000000E+0
4.550000E-2	2.929700E-3	1.163490E-4	2.348240E-1	0.000000E+0	0.000000E+0
4.600000E-2	2.910630E-3	1.392370E-4	2.372143E-1	0.000000E+0	0.000000E+0
4.650000E-2	2.922070E-3	1.697550E-4	2.397424E-1	0.000000E+0	0.000000E+0
4.700000E-2	2.954500E-3	1.869210E-4	2.428393E-1	0.000000E+0	0.000000E+0
4.750000E-2	2.973570E-3	1.716620E-4	2.453793E-1	0.000000E+0	0.000000E+0
4.800000E-2	2.954500E-3	1.525890E-4	2.477326E-1	0.000000E+0	0.000000E+0
4.850000E-2	2.923980E-3	1.487740E-4	2.504345E-1	0.000000E+0	0.000000E+0
4.900000E-2	2.918260E-3	1.659400E-4	2.527313E-1	0.000000E+0	0.000000E+0
4.950000E-2	2.943050E-3	1.811990E-4	2.556211E-1	0.000000E+0	0.000000E+0
5.000000E-2	2.960220E-3	1.659400E-4	2.581584E-1	5.519650E-1	6.484622E+0
5.050000E-2	2.946870E-3	1.392370E-4	2.603165E-1	0.000000E+0	0.000000E+0
5.100000E-2	2.946870E-3	1.201630E-4	2.632219E-1	0.000000E+0	0.000000E+0
5.150000E-2	2.941150E-3	1.316080E-4	2.657925E-1	0.000000E+0	0.000000E+0
5.200000E-2	2.943050E-3	1.564040E-4	2.683307E-1	0.000000E+0	0.000000E+0
5.250000E-2	2.967850E-3	1.659400E-4	2.710345E-1	0.000000E+0	0.000000E+0
5.300000E-2	2.985020E-3	1.392370E-4	2.736589E-1	0.000000E+0	0.000000E+0
5.350000E-2	2.985020E-3	1.049050E-4	2.762841E-1	0.000000E+0	0.000000E+0
5.400000E-2	2.975480E-3	7.820180E-5	2.788454E-1	0.000000E+0	0.000000E+0
5.450000E-2	2.964030E-3	6.485030E-5	2.815151E-1	0.000000E+0	0.000000E+0
5.500000E-2	2.941150E-3	7.247970E-5	2.840689E-1	0.000000E+0	0.000000E+0
5.550000E-2	2.923980E-3	1.029970E-4	2.864694E-1	0.000000E+0	0.000000E+0
5.600000E-2	2.946870E-3	1.277930E-4	2.891065E-1	0.000000E+0	0.000000E+0
5.650000E-2	2.983110E-3	1.335150E-4	2.917022E-1	0.000000E+0	0.000000E+0
5.700000E-2	3.009810E-3	1.258860E-4	2.944430E-1	0.000000E+0	0.000000E+0
5.750000E-2	3.017440E-3	1.049050E-4	2.971496E-1	0.000000E+0	0.000000E+0
5.800000E-2	2.988830E-3	9.155320E-5	2.997960E-1	0.000000E+0	0.000000E+0
5.850000E-2	2.944960E-3	9.727520E-5	3.024045E-1	0.000000E+0	0.000000E+0
5.900000E-2	2.910630E-3	1.049050E-4	3.049409E-1	0.000000E+0	0.000000E+0
5.950000E-2	2.889650E-3	1.182560E-4	3.074819E-1	0.000000E+0	0.000000E+0
6.000000E-2	2.889650E-3	1.468670E-4	3.099915E-1	0.000000E+0	0.000000E+0
6.050000E-2	2.912540E-3	1.792920E-4	3.125186E-1	0.000000E+0	0.000000E+0
6.100000E-2	2.946870E-3	1.831060E-4	3.151799E-1	0.000000E+0	0.000000E+0
6.150000E-2	2.952590E-3	1.564040E-4	3.178226E-1	0.000000E+0	0.000000E+0
6.200000E-2	2.931610E-3	1.335150E-4	3.204821E-1	0.000000E+0	0.000000E+0
6.250000E-2	2.914440E-3	1.449590E-4	3.229880E-1	0.000000E+0	0.000000E+0
6.300000E-2	2.929700E-3	1.583110E-4	3.257454E-1	0.000000E+0	0.000000E+0
6.350000E-2	2.956410E-3	1.430520E-4	3.284668E-1	0.000000E+0	0.000000E+0
6.400000E-2	2.943050E-3	1.392370E-4	3.322972E-1	0.000000E+0	0.000000E+0
6.450000E-2	2.943050E-3	1.449590E-4	3.334600E-1	0.000000E+0	0.000000E+0
6.500000E-2	2.941150E-3	1.602180E-4	3.359751E-1	0.000000E+0	0.000000E+0
6.550000E-2	2.960220E-3	1.773840E-4	3.384976E-1	0.000000E+0	0.000000E+0
6.600000E-2	2.985020E-3	1.640330E-4	3.411394E-1	0.000000E+0	0.000000E+0
6.650000E-2	2.979290E-3	1.316080E-4	3.438645E-1	0.000000E+0	0.000000E+0
6.700000E-2	2.944960E-3	1.239790E-4	3.464722E-1	0.000000E+0	0.000000E+0
6.750000E-2	2.935420E-3	1.468670E-4	3.489632E-1	0.000000E+0	0.000000E+0
6.800000E-2	2.960220E-3	1.621260E-4	3.516161E-1	0.000000E+0	0.000000E+0
6.850000E-2	2.988830E-3	1.525890E-4	3.542524E-1	0.000000E+0	0.000000E+0
6.900000E-2	3.006000E-3	1.277930E-4	3.567463E-1	0.000000E+0	0.000000E+0
6.950000E-2	3.011720E-3	1.201630E-4	3.594306E-1	0.000000E+0	0.000000E+0
7.000000E-2	3.002180E-3	1.316080E-4	3.621390E-1	0.000000E+0	0.000000E+0
7.050000E-2	2.977390E-3	1.335150E-4	3.645053E-1	0.000000E+0	0.000000E+0
7.100000E-2	2.969760E-3	1.258860E-4	3.670805E-1	0.000000E+0	0.000000E+0
7.150000E-2	2.975480E-3	1.297010E-4	3.699795E-1	0.000000E+0	0.000000E+0
7.200000E-2	2.969760E-3	1.430520E-4	3.726352E-1	0.000000E+0	0.000000E+0
7.250000E-2	2.954500E-3	1.430520E-4	3.749616E-1	0.000000E+0	0.000000E+0
7.300000E-2	2.956410E-3	1.316080E-4	3.775729E-1	0.000000E+0	0.000000E+0
7.350000E-2	2.958310E-3	1.411450E-4	3.800362E-1	0.000000E+0	0.000000E+0
7.400000E-2	2.950680E-3	1.468670E-4	3.824699E-1	0.000000E+0	0.000000E+0
7.450000E-2	2.948780E-3	1.354230E-4	3.849129E-1	0.000000E+0	0.000000E+0
7.500000E-2	2.960220E-3	1.316080E-4	3.875575E-1	0.000000E+0	0.000000E+0
7.550000E-2	2.967850E-3	1.411450E-4	3.903021E-1	0.000000E+0	0.000000E+0
7.600000E-2	2.960220E-3	1.411450E-4	3.926747E-1	0.000000E+0	0.000000E+0
7.650000E-2	2.964030E-3	1.335150E-4	3.954229E-1	0.000000E+0	0.000000E+0
7.700000E-2	2.971660E-3	1.411450E-4	3.982072E-1	0.000000E+0	0.000000E+0
7.750000E-2	2.967850E-3	1.544960E-4	4.009471E-1	0.000000E+0	0.000000E+0
7.800000E-2	2.956410E-3	1.525890E-4	4.033466E-1	0.000000E+0	0.000000E+0
7.850000E-2	2.962130E-3	1.430520E-4	4.058996E-1	0.000000E+0	0.000000E+0
7.900000E-2	2.965940E-3	1.449590E-4	4.087227E-1	0.000000E+0	0.000000E+0
7.950000E-2	2.956410E-3	1.506810E-4	4.111250E-1	0.000000E+0	0.000000E+0
8.000000E-2	2.954500E-3	1.411450E-4	4.135689E-1	0.000000E+0	0.000000E+0
8.050000E-2	2.964030E-3	1.411450E-4	4.163004E-1	0.000000E+0	0.000000E+0
8.100000E-2	2.960220E-3	1.525890E-4	4.190144E-1	0.000000E+0	0.000000E+0
8.150000E-2	2.943050E-3	1.506810E-4	4.217025E-1	0.000000E+0	0.000000E+0
8.200000E-2	2.939240E-3	1.354230E-4	4.241232E-1	0.000000E+0	0.000000E+0
8.250000E-2	2.950680E-3	1.297010E-4	4.268928E-1	0.000000E+0	0.000000E+0
8.300000E-2	2.952590E-3	1.392370E-4	4.295494E-1	0.000000E+0	0.000000E+0
8.350000E-2	2.941150E-3	1.373300E-4	4.320312E-1	0.000000E+0	0.000000E+0
8.400000E-2	2.941150E-3	1.258860E-4	4.344687E-1	0.000000E+0	0.000000E+0
8.450000E-2	2.954500E-3	1.316080E-4	4.371716E-1	0.000000E+0	0.000000E+0
8.500000E-2	2.956410E-3	1.487740E-4	4.398078E-1	0.000000E+0	0.000000E+0
8.550000E-2	2.944960E-3	1.544960E-4	4.423201E-1	0.000000E+0	0.000000E+0
8.600000E-2	2.948780E-3	1.449590E-4	4.446946E-1	0.000000E+0	0.000000E+0
8.650000E-2	2.962130E-3	1.449590E-4	4.477111E-1	0.000000E+0	0.000000E+0
8.700000E-2	2.960220E-3	1.544960E-4	4.502623E-1	0.000000E+0	0.000000E+0
8.750000E-2	2.954500E-3	1.449590E-4	4.527663E-1	0.000000E+0	0.000000E+0
8.800000E-2	2.958310E-3	1.335150E-4	4.553620E-1	0.000000E+0	0.000000E+0
8.850000E-2	2.964030E-3	1.392370E-4	4.580713E-1	0.000000E+0	0.000000E+0
8.900000E-2	2.952590E-3	1.411450E-4	4.605947E-1	0.000000E+0	0.000000E+0
8.950000E-2	2.948780E-3	1.297010E-4	4.630312E-1	0.000000E+0	0.000000E+0
9.000000E-2	2.958310E-3	1.277930E-4	4.658127E-1	0.000000E+0	0.000000E+0
9.050000E-2	2.960220E-3	1.373300E-4	4.684259E-1	0.000000E+0	0.000000E+0
9.100000E-2	2.952590E-3	1.316080E-4	4.710437E-1	0.000000E+0	0.000000E+0
9.150000E-2	2.956410E-3	1.258860E-4	4.735911E-1	0.000000E+0	0.000000E+0
9.200000E-2	2.960220E-3	1.373300E-4	4.762395E-1	0.000000E+0	0.000000E+0
9.250000E-2	2.954500E-3	1.525890E-4	4.789192E-1	0.000000E+0	0.000000E+0
9.300000E-2	2.943050E-3	1.487740E-4	4.813159E-1	0.000000E+0	0.000000E+0
9.350000E-2	2.956410E-3	1.373300E-4	4.839217E-1	0.000000E+0	0.000000E+0
9.400000E-2	2.967850E-3	1.411450E-4	4.867254E-1	0.000000E+0	0.000000E+0
9.450000E-2	2.960220E-3	1.487740E-4	4.891997E-1	0.000000E+0	0.000000E+0
9.500000E-2	2.954500E-3	1.430520E-4	4.915660E-1	0.000000E+0	0.000000E+0
9.550000E-2	2.960220E-3	1.392370E-4	4.943040E-1	0.000000E+0	0.000000E+0
9.600000E-2	2.958310E-3	1.468670E-4	4.971697E-1	0.000000E+0	0.000000E+0
9.650000E-2	2.950680E-3	1.449590E-4	4.995110E-1	0.000000E+0	0.000000E+0
9.700000E-2	2.958310E-3	1.392370E-4	5.022036E-1	0.000000E+0	0.000000E+0
9.750000E-2	2.965940E-3	1.487740E-4	5.048713E-1	0.000000E+0	0.000000E+0
9.800000E-2	2.960220E-3	1.544960E-4	5.072190E-1	0.000000E+0	0.000000E+0
9.850000E-2	2.962130E-3	1.430520E-4	5.097119E-1	0.000000E+0	0.000000E+0
9.900000E-2	2.975480E-3	1.468670E-4	5.136535E-1	0.000000E+0	0.000000E+0
9.950000E-2	2.969760E-3	1.506810E-4	5.151399E-1	0.000000E+0	0.000000E+0
1.000000E-1	2.956410E-3	1.163490E-4	5.168697E-1	5.506540E-1	6.378857E+0
1.005000E-1	2.958310E-3	1.029970E-4	5.196937E-1	0.000000E+0	0.000000E+0
1.010000E-1	2.965940E-3	1.010900E-4	5.228924E-1	0.000000E+0	0.000000E+0
1.015000E-1	2.975480E-3	1.068120E-4	5.256712E-1	0.000000E+0	0.000000E+0
1.020000E-1	2.969760E-3	1.220710E-4	5.282362E-1	0.000000E+0	0.000000E+0
1.025000E-1	2.962130E-3	1.258860E-4	5.306940E-1	0.000000E+0	0.000000E+0
1.030000E-1	2.965940E-3	1.316080E-4	5.334755E-1	0.000000E+0	0.000000E+0
1.035000E-1	2.958310E-3	1.449590E-4	5.360877E-1	0.000000E+0	0.000000E+0
1.040000E-1	2.944960E-3	1.411450E-4	5.386047E-1	0.000000E+0	0.000000E+0
1.045000E-1	2.950680E-3	1.258860E-4	5.410384E-1	0.000000E+0	0.000000E+0
1.050000E-1	2.969760E-3	1.220710E-4	5.436803E-1	0.000000E+0	0.000000E+0
1.055000E-1	2.977390E-3	1.373300E-4	5.463545E-1	0.000000E+0	0.000000E+0
1.060000E-1	2.962130E-3	1.449590E-4	5.490750E-1	0.000000E+0	0.000000E+0
1.065000E-1	2.954500E-3	1.316080E-4	5.514569E-1	0.000000E+0	0.000000E+0
1.070000E-1	2.962130E-3	1.277930E-4	5.542347E-1	0.000000E+0	0.000000E+0
1.075000E-1	2.965940E-3	1.373300E-4	5.568552E-1	0.000000E+0	0.000000E+0
1.080000E-1	2.960220E-3	1.354230E-4	5.592769E-1	0.000000E+0	0.000000E+0
1.085000E-1	2.967850E-3	1.258860E-4	5.618327E-1	0.000000E+0	0.000000E+0
1.090000E-1	2.977390E-3	1.316080E-4	5.646013E-1	0.000000E+0	0.000000E+0
1.095000E-1	2.969760E-3	1.449590E-4	5.671626E-1	0.000000E+0	0.000000E+0
1.100000E-1	2.946870E-3	1.449590E-4	5.698110E-1	0.000000E+0	0.000000E+0
1.105000E-1	2.922070E-3	1.354230E-4	5.724944E-1	0.000000E+0	0.000000E+0
1.110000E-1	2.908720E-3	1.373300E-4	5.749226E-1	0.000000E+0	0.000000E+0
1.115000E-1	2.935420E-3	1.487740E-4	5.775487E-1	0.000000E+0	0.000000E+0
1.120000E-1	2.973570E-3	1.373300E-4	5.802154E-1	0.000000E+0	0.000000E+0
1.125000E-1	2.986920E-3	1.125340E-4	5.828767E-1	0.000000E+0	0.000000E+0
1.130000E-1	2.969760E-3	9.727520E-5	5.854076E-1	0.000000E+0	0.000000E+0
1.135000E-1	2.946870E-3	1.068120E-4	5.878450E-1	0.000000E+0	0.000000E+0
1.140000E-1	2.952590E-3	1.373300E-4	5.903823E-1	0.000000E+0	0.000000E+0
1.145000E-1	2.975480E-3	1.430520E-4	5.932730E-1	0.000000E+0	0.000000E+0
1.150000E-1	2.975480E-3	1.220710E-4	5.958500E-1	0.000000E+0	0.000000E+0
1.155000E-1	2.950680E-3	1.125340E-4	5.986112E-1	0.000000E+0	0.000000E+0
1.160000E-1	2.935420E-3	1.239790E-4	6.009164E-1	0.000000E+0	0.000000E+0
1.165000E-1	2.956410E-3	1.392370E-4	6.035933E-1	0.000000E+0	0.000000E+0
1.170000E-1	2.979290E-3	1.258860E-4	6.063583E-1	0.000000E+0	0.000000E+0
1.175000E-1	2.969760E-3	1.125340E-4	6.086985E-1	0.000000E+0	0.000000E+0
1.180000E-1	2.964030E-3	1.316080E-4	6.112552E-1	0.000000E+0	0.000000E+0
1.185000E-1	2.969760E-3	1.659400E-4	6.138666E-1	0.000000E+0	0.000000E+0
1.190000E-1	2.985020E-3	1.869210E-4	6.163169E-1	0.000000E+0	0.000000E+0
1.195000E-1	3.002180E-3	1.792920E-4	6.191178E-1	0.000000E+0	0.000000E+0
1.200000E-1	2.979290E-3	1.239790E-4	6.220899E-1	0.000000E+0	0.000000E+0
1.205000E-1	2.986920E-3	1.201630E-4	6.244958E-1	0.000000E+0	0.000000E+0
1.210000E-1	2.983110E-3	1.029970E-4	6.272478E-1	0.000000E+0	0.000000E+0
1.215000E-1	2.950680E-3	9.727520E-5	6.298351E-1	0.000000E+0	0.000000E+0
1.220000E-1	2.916350E-3	1.087190E-4	6.324251E-1	0.000000E+0	0.000000E+0
1.225000E-1	2.899180E-3	1.258860E-4	6.350003E-1	0.000000E+0	0.000000E+0
1.230000E-1	2.895370E-3	1.449590E-4	6.375320E-1	0.000000E+0	0.000000E+0
1.235000E-1	2.908720E-3	1.697550E-4	6.399852E-1	0.000000E+0	0.000000E+0
1.240000E-1	2.944960E-3	1.831060E-4	6.424911E-1	0.000000E+0	0.000000E+0
1.245000E-1	2.985020E-3	1.640330E-4	6.451264E-1	0.000000E+0	0.000000E+0
1.250000E-1	3.006000E-3	1.316080E-4	6.479865E-1	0.000000E+0	0.000000E+0
1.255000E-1	2.983110E-3	1.049050E-4	6.507717E-1	0.000000E+0	0.000000E+0
1.260000E-1	2.969760E-3	1.316080E-4	6.547558E-1	0.000000E+0	0.000000E+0
1.265000E-1	2.971660E-3	1.277930E-4	6.558918E-1	0.000000E+0	0.000000E+0
1.270000E-1	2.983110E-3	1.239790E-4	6.583670E-1	0.000000E+0	0.000000E+0
1.275000E-1	2.986920E-3	1.316080E-4	6.611865E-1	0.000000E+0	0.000000E+0
1.280000E-1	2.977390E-3	1.354230E-4	6.636211E-1	0.000000E+0	0.000000E+0
1.285000E-1	2.975480E-3	1.297010E-4	6.660677E-1	0.000000E+0	0.000000E+0
1.290000E-1	2.981200E-3	1.316080E-4	6.688771E-1	0.000000E+0	0.000000E+0
1.295000E-1	2.971660E-3	1.392370E-4	6.714375E-1	0.000000E+0	0.000000E+0
1.300000E-1	2.967850E-3	1.335150E-4	6.739128E-1	0.000000E+0	0.000000E+0
1.305000E-1	2.979290E-3	1.316080E-4	6.768044E-1	0.000000E+0	0.000000E+0
1.310000E-1	2.983110E-3	1.411450E-4	6.795073E-1	0.000000E+0	0.000000E+0
1.315000E-1	2.975480E-3	1.373300E-4	6.817939E-1	0.000000E+0	0.000000E+0
1.320000E-1	2.975480E-3	1.316080E-4	6.845274E-1	0.000000E+0	0.000000E+0
1.325000E-1	2.971660E-3	1.373300E-4	6.871044E-1	0.000000E+0	0.000000E+0
1.330000E-1	2.969760E-3	1.335150E-4	6.895613E-1	0.000000E+0	0.000000E+0
1.335000E-1	2.979290E-3	1.316080E-4	6.922900E-1	0.000000E+0	0.000000E+0
1.340000E-1	2.979290E-3	1.449590E-4	6.950235E-1	0.000000E+0	0.000000E+0
1.345000E-1	2.967850E-3	1.525890E-4	6.974877E-1	0.000000E+0	0.000000E+0
1.350000E-1	2.956410E-3	1.411450E-4	7.002026E-1	0.000000E+0	0.000000E+0
1.355000E-1	2.964030E-3	1.316080E-4	7.028870E-1	0.000000E+0	0.000000E+0
1.360000E-1	2.967850E-3	1.430520E-4	7.056158E-1	0.000000E+0	0.000000E+0
1.365000E-1	2.962130E-3	1.449590E-4	7.080236E-1	0.000000E+0	0.000000E+0
1.370000E-1	2.967850E-3	1.430520E-4	7.106137E-1	0.000000E+0	0.000000E+0
1.375000E-1	2.971660E-3	1.506810E-4	7.133294E-1	0.000000E+0	0.000000E+0
1.380000E-1	2.962130E-3	1.544960E-4	7.158085E-1	0.000000E+0	0.000000E+0
1.385000E-1	2.960220E-3	1.449590E-4	7.183032E-1	0.000000E+0	0.000000E+0
1.390000E-1	2.973570E-3	1.430520E-4	7.209635E-1	0.000000E+0	0.000000E+0
1.395000E-1	2.975480E-3	1.544960E-4	7.237470E-1	0.000000E+0	0.000000E+0
1.400000E-1	2.965940E-3	1.544960E-4	7.262612E-1	0.000000E+0	0.000000E+0
1.405000E-1	2.967850E-3	1.468670E-4	7.291555E-1	0.000000E+0	0.000000E+0
1.410000E-1	2.973570E-3	1.544960E-4	7.319018E-1	0.000000E+0	0.000000E+0
1.415000E-1	2.960220E-3	1.602180E-4	7.344891E-1	0.000000E+0	0.000000E+0
1.420000E-1	2.931610E-3	1.640330E-4	7.371170E-1	0.000000E+0	0.000000E+0
1.425000E-1	2.922070E-3	1.716620E-4	7.395434E-1	0.000000E+0	0.000000E+0
1.430000E-1	2.939240E-3	1.831060E-4	7.421454E-1	0.000000E+0	0.000000E+0
1.435000E-1	2.971660E-3	1.831060E-4	7.447244E-1	0.000000E+0	0.000000E+0
1.440000E-1	3.000270E-3	1.564040E-4	7.478325E-1	0.000000E+0	0.000000E+0
1.445000E-1	2.994550E-3	1.297010E-4	7.502440E-1	0.000000E+0	0.000000E+0
1.450000E-1	2.983110E-3	1.449590E-4	7.529469E-1	0.000000E+0	0.000000E+0
1.455000E-1	2.983110E-3	1.678480E-4	7.555174E-1	0.000000E+0	0.000000E+0
1.460000E-1	2.996460E-3	1.506810E-4	7.581834E-1	0.000000E+0	0.000000E+0
1.465000E-1	2.996460E-3	1.182560E-4	7.608455E-1	0.000000E+0	0.000000E+0
1.470000E-1	2.969760E-3	1.029970E-4	7.634569E-1	0.000000E+0	0.000000E+0
1.475000E-1	2.943050E-3	1.049050E-4	7.659886E-1	0.000000E+0	0.000000E+0
1.480000E-1	2.922070E-3	1.220710E-4	7.684566E-1	0.000000E+0	0.000000E+0
1.485000E-1	2.929700E-3	1.468670E-4	7.709874E-1	0.000000E+0	0.000000E+0
1.490000E-1	2.956410E-3	1.411450E-4	7.736560E-1	0.000000E+0	0.000000E+0
1.495000E-1	2.969760E-3	1.163490E-4	7.764441E-1	0.000000E+0	0.000000E+0
1.500000E-1	2.964030E-3	1.049050E-4	7.789175E-1	5.522580E-1	6.508564E+0
1.505000E-1	2.985020E-3	1.430520E-4	7.811274E-1	0.000000E+0	0.000000E+0
1.510000E-1	2.971660E-3	1.258860E-4	7.842659E-1	0.000000E+0	0.000000E+0
1.515000E-1	2.948780E-3	1.335150E-4	7.867486E-1	0.000000E+0	0.000000E+0
1.520000E-1	2.946870E-3	1.659400E-4	7.892989E-1	0.000000E+0	0.000000E+0
1.525000E-1	2.962130E-3	1.926430E-4	7.919065E-1	0.000000E+0	0.000000E+0
1.530000E-1	2.985020E-3	1.964580E-4	7.945197E-1	0.000000E+0	0.000000E+0
1.535000E-1	3.009810E-3	1.716620E-4	7.971190E-1	0.000000E+0	0.000000E+0
1.540000E-1	3.017440E-3	1.316080E-4	7.998570E-1	0.000000E+0	0.000000E+0
1.545000E-1	2.990740E-3	1.010900E-4	8.026875E-1	0.000000E+0	0.000000E+0
1.550000E-1	2.960220E-3	1.144410E-4	8.050389E-1	0.000000E+0	0.000000E+0
1.555000E-1	2.962130E-3	1.449590E-4	8.075623E-1	0.000000E+0	0.000000E+0
1.560000E-1	2.986920E-3	1.525890E-4	8.103198E-1	0.000000E+0	0.000000E+0
1.565000E-1	2.988830E-3	1.316080E-4	8.129469E-1	0.000000E+0	0.000000E+0
1.570000E-1	2.960220E-3	1.239790E-4	8.154111E-1	0.000000E+0	0.000000E+0
1.575000E-1	2.946870E-3	1.449590E-4	8.178087E-1	0.000000E+0	0.000000E+0
1.580000E-1	2.969760E-3	1.583110E-4	8.204542E-1	0.000000E+0	0.000000E+0
1.585000E-1	2.996460E-3	1.392370E-4	8.231942E-1	0.000000E+0	0.000000E+0
1.590000E-1	2.990740E-3	1.125340E-4	8.257370E-1	0.000000E+0	0.000000E+0
1.595000E-1	2.969760E-3	1.068120E-4	8.284770E-1	0.000000E+0	0.000000E+0
1.600000E-1	2.971660E-3	1.201630E-4	8.310725E-1	0.000000E+0	0.000000E+0
1.605000E-1	2.981200E-3	1.144410E-4	8.338429E-1	0.000000E+0	0.000000E+0
1.610000E-1	2.960220E-3	1.029970E-4	8.364866E-1	0.000000E+0	0.000000E+0
1.615000E-1	2.931610E-3	1.144410E-4	8.389148E-1	0.000000E+0	0.000000E+0
1.620000E-1	2.927800E-3	1.506810E-4	8.413393E-1	0.000000E+0	0.000000E+0
1.625000E-1	2.958310E-3	1.697550E-4	8.440550E-1	0.000000E+0	0.000000E+0
1.630000E-1	2.985020E-3	1.506810E-4	8.468227E-1	0.000000E+0	0.000000E+0
1.635000E-1	2.979290E-3	1.182560E-4	8.493729E-1	0.000000E+0	0.000000E+0
1.640000E-1	2.954500E-3	1.029970E-4	8.519786E-1	0.000000E+0	0.000000E+0
1.645000E-1	2.929700E-3	1.220710E-4	8.546761E-1	0.000000E+0	0.000000E+0
1.650000E-1	2.929700E-3	1.525890E-4	8.570450E-1	0.000000E+0	0.000000E+0
1.655000E-1	2.956410E-3	1.697550E-4	8.597433E-1	0.000000E+0	0.000000E+0
1.660000E-1	2.969760E-3	1.583110E-4	8.623823E-1	0.000000E+0	0.000000E+0
1.665000E-1	2.954500E-3	1.487740E-4	8.648382E-1	0.000000E+0	0.000000E+0
1.670000E-1	2.937330E-3	1.583110E-4	8.674236E-1	0.000000E+0	0.000000E+0
1.675000E-1	2.948780E-3	1.697550E-4	8.702301E-1	0.000000E+0	0.000000E+0
1.680000E-1	2.981200E-3	1.621260E-4	8.728119E-1	0.000000E+0	0.000000E+0
1.685000E-1	2.996460E-3	1.392370E-4	8.756128E-1	0.000000E+0	0.000000E+0
1.690000E-1	2.988830E-3	1.182560E-4	8.780437E-1	0.000000E+0	0.000000E+0
1.695000E-1	2.977390E-3	1.335150E-4	8.807624E-1	0.000000E+0	0.000000E+0
1.700000E-1	2.990740E-3	1.564040E-4	8.833098E-1	0.000000E+0	0.000000E+0
1.705000E-1	3.007900E-3	1.506810E-4	8.859443E-1	0.000000E+0	0.000000E+0
1.710000E-1	3.011720E-3	1.297010E-4	8.886832E-1	0.000000E+0	0.000000E+0
1.715000E-1	2.988830E-3	1.068120E-4	8.911817E-1	0.000000E+0	0.000000E+0
1.720000E-1	2.954500E-3	1.049050E-4	8.937348E-1	0.000000E+0	0.000000E+0
1.725000E-1	2.933520E-3	1.316080E-4	8.962193E-1	0.000000E+0	0.000000E+0
1.730000E-1	2.956410E-3	1.602180E-4	8.990508E-1	0.000000E+0	0.000000E+0
1.735000E-1	2.985020E-3	1.506810E-4	9.016334E-1	0.000000E+0	0.000000E+0
1.740000E-1	2.985020E-3	1.277930E-4	9.044703E-1	0.000000E+0	0.000000E+0
1.745000E-1	2.964030E-3	1.277930E-4	9.070281E-1	0.000000E+0	0.000000E+0
1.750000E-1	2.950680E-3	1.506810E-4	9.095506E-1	0.000000E+0	0.000000E+0
1.755000E-1	2.956410E-3	1.716620E-4	9.120601E-1	0.000000E+0	0.000000E+0
1.760000E-1	2.986920E-3	1.659400E-4	9.147076E-1	0.000000E+0	0.000000E+0
1.765000E-1	2.983110E-3	1.468670E-4	9.176102E-1	0.000000E+0	0.000000E+0
1.770000E-1	2.986920E-3	1.678480E-4	9.197590E-1	0.000000E+0	0.000000E+0
1.775000E-1	2.994550E-3	1.850140E-4	9.224000E-1	0.000000E+0	0.000000E+0
1.780000E-1	3.004090E-3	1.983650E-4	9.249502E-1	0.000000E+0	0.000000E+0
1.785000E-1	3.019350E-3	2.021800E-4	9.275291E-1	0.000000E+0	0.000000E+0
1.790000E-1	3.036510E-3	1.964580E-4	9.302829E-1	0.000000E+0	0.000000E+0
1.795000E-1	3.049870E-3	1.811990E-4	9.328933E-1	0.000000E+0	0.000000E+0
1.800000E-1	3.057490E-3	1.640330E-4	9.355314E-1	0.000000E+0	0.000000E+0
1.805000E-1	3.053680E-3	1.487740E-4	9.382065E-1	0.000000E+0	0.000000E+0
1.810000E-1	3.032700E-3	1.506810E-4	9.409140E-1	0.000000E+0	0.000000E+0
1.815000E-1	3.006000E-3	1.449590E-4	9.432674E-1	0.000000E+0	0.000000E+0
1.820000E-1	2.996460E-3	1.449590E-4	9.460590E-1	0.000000E+0	0.000000E+0
1.825000E-1	2.985020E-3	1.506810E-4	9.487073E-1	0.000000E+0	0.000000E+0
1.830000E-1	2.971660E-3	1.449590E-4	9.509393E-1	0.000000E+0	0.000000E+0
1.835000E-1	2.975480E-3	1.354230E-4	9.534582E-1	0.000000E+0	0.000000E+0
1.840000E-1	2.981200E-3	1.449590E-4	9.564135E-1	0.000000E+0	0.000000E+0
1.845000E-1	2.969760E-3	1.506810E-4	9.589694E-1	0.000000E+0	0.000000E+0
1.850000E-1	2.962130E-3	1.392370E-4	9.613901E-1	0.000000E+0	0.000000E+0
1.855000E-1	2.975480E-3	1.316080E-4	9.640172E-1	0.000000E+0	0.000000E+0
1.860000E-1	2.988830E-3	1.373300E-4	9.667885E-1	0.000000E+0	0.000000E+0
1.865000E-1	2.981200E-3	1.449590E-4	9.692630E-1	0.000000E+0	0.000000E+0
1.870000E-1	2.971660E-3	1.373300E-4	9.717373E-1	0.000000E+0	0.000000E+0
1.875000E-1	2.983110E-3	1.316080E-4	9.744125E-1	0.000000E+0	0.000000E+0
1.880000E-1	2.988830E-3	1.449590E-4	9.771635E-1	0.000000E+0	0.000000E+0
1.885000E-1	2.977390E-3	1.506810E-4	9.795426E-1	0.000000E+0	0.000000E+0
1.890000E-1	2.971660E-3	1.392370E-4	9.824138E-1	0.000000E+0	0.000000E+0
1.895000E-1	2.986920E-3	1.297010E-4	9.848836E-1	0.000000E+0	0.000000E+0
1.900000E-1	2.998370E-3	1.392370E-4	9.876364E-1	0.000000E+0	0.000000E+0
1.905000E-1	2.992640E-3	1.525890E-4	9.902793E-1	0.000000E+0	0.000000E+0
1.910000E-1	2.983110E-3	1.487740E-4	9.926926E-1	0.000000E+0	0.000000E+0
1.915000E-1	2.985020E-3	1.468670E-4	9.955352E-1	0.000000E+0	0.000000E+0
1.920000E-1	2.981200E-3	1.544960E-4	9.982029E-1	0.000000E+0	0.000000E+0
1.925000E-1	2.969760E-3	1.506810E-4	1.000659E+0	0.000000E+0	0.000000E+0
1.930000E-1	2.973570E-3	1.392370E-4	1.003257E+0	0.000000E+0	0.000000E+0
1.935000E-1	2.986920E-3	1.430520E-4	1.006020E+0	0.000000E+0	0.000000E+0
1.940000E-1	2.985020E-3	1.468670E-4	1.008730E+0	0.000000E+0	0.000000E+0
1.945000E-1	2.983110E-3	1.354230E-4	1.011193E+0	0.000000E+0	0.000000E+0
1.950000E-1	2.990740E-3	1.335150E-4	1.013973E+0	0.000000E+0	0.000000E+0
1.955000E-1	2.986920E-3	1.430520E-4	1.016594E+0	0.000000E+0	0.000000E+0
1.960000E-1	2.979290E-3	1.354230E-4	1.018936E+0	0.000000E+0	0.000000E+0
1.965000E-1	2.988830E-3	1.258860E-4	1.021645E+0	0.000000E+0	0.000000E+0
1.970000E-1	2.994550E-3	1.335150E-4	1.024388E+0	0.000000E+0	0.000000E+0
1.975000E-1	2.983110E-3	1.373300E-4	1.026813E+0	0.000000E+0	0.000000E+0
1.980000E-1	2.981200E-3	1.297010E-4	1.029381E+0	0.000000E+0	0.000000E+0
1.985000E-1	2.988830E-3	1.316080E-4	1.032258E+0	0.000000E+0	0.000000E+0
1.990000E-1	2.983110E-3	1.430520E-4	1.035121E+0	0.000000E+0	0.000000E+0
1.995000E-1	2.971660E-3	1.373300E-4	1.037535E+0	0.000000E+0	0.000000E+0
2.000000E-1	2.983110E-3	1.297010E-4	1.040130E+0	5.522780E-1	6.510202E+0
