-2.000000E-1	3.820430E-3	1.792920E-4	-1.346579E+0	5.521640E-1	6.500870E+0
-1.995000E-1	3.826160E-3	1.773840E-4	-1.345932E+0	0.000000E+0	0.000000E+0
-1.990000E-1	3.826160E-3	1.678480E-4	-1.342529E+0	0.000000E+0	0.000000E+0
-1.985000E-1	3.833790E-3	1.716620E-4	-1.338857E+0	0.000000E+0	0.000000E+0
-1.980000E-1	3.826160E-3	1.831060E-4	-1.335463E+0	0.000000E+0	0.000000E+0
-1.975000E-1	3.814710E-3	1.773840E-4	-1.332429E+0	0.000000E+0	0.000000E+0
-1.970000E-1	3.824250E-3	1.811990E-4	-1.328591E+0	0.000000E+0	0.000000E+0
-1.965000E-1	3.818530E-3	1.888280E-4	-1.325196E+0	0.000000E+0	0.000000E+0
-1.960000E-1	3.814710E-3	1.811990E-4	-1.322089E+0	0.000000E+0	0.000000E+0
-1.955000E-1	3.831880E-3	1.754770E-4	-1.318381E+0	0.000000E+0	0.000000E+0
-1.950000E-1	3.833790E-3	1.888280E-4	-1.314977E+0	0.000000E+0	0.000000E+0
-1.945000E-1	3.818530E-3	1.907360E-4	-1.311832E+0	0.000000E+0	0.000000E+0
-1.940000E-1	3.820430E-3	1.831060E-4	-1.308475E+0	0.000000E+0	0.000000E+0
-1.935000E-1	3.829970E-3	1.907360E-4	-1.304859E+0	0.000000E+0	0.000000E+0
-1.930000E-1	3.820430E-3	1.964580E-4	-1.301538E+0	0.000000E+0	0.000000E+0
-1.925000E-1	3.816620E-3	1.831060E-4	-1.298246E+0	0.000000E+0	0.000000E+0
-1.920000E-1	3.828060E-3	1.888280E-4	-1.294389E+0	0.000000E+0	0.000000E+0
-1.915000E-1	3.824250E-3	2.059950E-4	-1.291171E+0	0.000000E+0	0.000000E+0
-1.910000E-1	3.810900E-3	2.059950E-4	-1.288026E+0	0.000000E+0	0.000000E+0
-1.905000E-1	3.814710E-3	2.059950E-4	-1.284493E+0	0.000000E+0	0.000000E+0
-1.900000E-1	3.808990E-3	2.136240E-4	-1.281043E+0	0.000000E+0	0.000000E+0
-1.895000E-1	3.791820E-3	2.059950E-4	-1.277936E+0	0.000000E+0	0.000000E+0
-1.890000E-1	3.799450E-3	1.869210E-4	-1.274624E+0	0.000000E+0	0.000000E+0
-1.885000E-1	3.818530E-3	1.907360E-4	-1.271018E+0	0.000000E+0	0.000000E+0
-1.880000E-1	3.812800E-3	2.021800E-4	-1.267605E+0	0.000000E+0	0.000000E+0
-1.875000E-1	3.793730E-3	1.964580E-4	-1.264377E+0	0.000000E+0	0.000000E+0
-1.870000E-1	3.797550E-3	1.869210E-4	-1.260964E+0	0.000000E+0	0.000000E+0
-1.865000E-1	3.801360E-3	2.002730E-4	-1.257283E+0	0.000000E+0	0.000000E+0
-1.860000E-1	3.789920E-3	2.059950E-4	-1.254130E+0	0.000000E+0	0.000000E+0
-1.855000E-1	3.799450E-3	1.945500E-4	-1.250893E+0	0.000000E+0	0.000000E+0
-1.850000E-1	3.820430E-3	1.964580E-4	-1.247387E+0	0.000000E+0	0.000000E+0
-1.845000E-1	3.820430E-3	2.059950E-4	-1.244122E+0	0.000000E+0	0.000000E+0
-1.840000E-1	3.814710E-3	1.964580E-4	-1.240867E+0	0.000000E+0	0.000000E+0
-1.835000E-1	3.826160E-3	1.888280E-4	-1.237694E+0	0.000000E+0	0.000000E+0
-1.830000E-1	3.831880E-3	2.002730E-4	-1.234050E+0	0.000000E+0	0.000000E+0
-1.825000E-1	3.818530E-3	2.040870E-4	-1.230619E+0	0.000000E+0	0.000000E+0
-1.820000E-1	3.810900E-3	1.850140E-4	-1.227401E+0	0.000000E+0	0.000000E+0
-1.815000E-1	3.820430E-3	1.792920E-4	-1.223793E+0	0.000000E+0	0.000000E+0
-1.810000E-1	3.818530E-3	1.888280E-4	-1.220335E+0	0.000000E+0	0.000000E+0
-1.805000E-1	3.814710E-3	1.850140E-4	-1.217273E+0	0.000000E+0	0.000000E+0
-1.800000E-1	3.828060E-3	1.831060E-4	-1.213795E+0	0.000000E+0	0.000000E+0
-1.795000E-1	3.833790E-3	1.983650E-4	-1.210327E+0	0.000000E+0	0.000000E+0
-1.790000E-1	3.820430E-3	2.021800E-4	-1.207183E+0	0.000000E+0	0.000000E+0
-1.785000E-1	3.820430E-3	1.964580E-4	-1.203659E+0	0.000000E+0	0.000000E+0
-1.780000E-1	3.822340E-3	2.059950E-4	-1.200246E+0	0.000000E+0	0.000000E+0
-1.775000E-1	3.812800E-3	2.059950E-4	-1.196880E+0	0.000000E+0	0.000000E+0
-1.770000E-1	3.812800E-3	1.945500E-4	-1.193523E+0	0.000000E+0	0.000000E+0
-1.765000E-1	3.820430E-3	1.964580E-4	-1.189897E+0	0.000000E+0	0.000000E+0
-1.760000E-1	3.812800E-3	2.021800E-4	-1.186642E+0	0.000000E+0	0.000000E+0
-1.755000E-1	3.801360E-3	1.888280E-4	-1.183405E+0	0.000000E+0	0.000000E+0
-1.750000E-1	3.814710E-3	1.773840E-4	-1.180205E+0	0.000000E+0	0.000000E+0
-1.745000E-1	3.828060E-3	1.926430E-4	-1.176690E+0	0.000000E+0	0.000000E+0
-1.740000E-1	3.814710E-3	2.021800E-4	-1.173148E+0	0.000000E+0	0.000000E+0
-1.735000E-1	3.801360E-3	1.945500E-4	-1.170280E+0	0.000000E+0	0.000000E+0
-1.730000E-1	3.814710E-3	1.926430E-4	-1.166423E+0	0.000000E+0	0.000000E+0
-1.725000E-1	3.824250E-3	2.079020E-4	-1.162576E+0	0.000000E+0	0.000000E+0
-1.720000E-1	3.816620E-3	2.059950E-4	-1.159506E+0	0.000000E+0	0.000000E+0
-1.715000E-1	3.828060E-3	1.888280E-4	-1.156278E+0	0.000000E+0	0.000000E+0
-1.710000E-1	3.841420E-3	1.945500E-4	-1.152653E+0	0.000000E+0	0.000000E+0
-1.705000E-1	3.837600E-3	2.002730E-4	-1.149563E+0	0.000000E+0	0.000000E+0
-1.700000E-1	3.833790E-3	1.888280E-4	-1.146252E+0	0.000000E+0	0.000000E+0
-1.695000E-1	3.841420E-3	1.907360E-4	-1.142683E+0	0.000000E+0	0.000000E+0
-1.690000E-1	3.826160E-3	1.983650E-4	-1.139399E+0	0.000000E+0	0.000000E+0
-1.685000E-1	3.814710E-3	1.850140E-4	-1.136135E+0	0.000000E+0	0.000000E+0
-1.680000E-1	3.828060E-3	1.735700E-4	-1.132471E+0	0.000000E+0	0.000000E+0
-1.675000E-1	3.837600E-3	1.850140E-4	-1.128856E+0	0.000000E+0	0.000000E+0
-1.670000E-1	3.824250E-3	1.907360E-4	-1.125665E+0	0.000000E+0	0.000000E+0
-1.665000E-1	3.820430E-3	1.754770E-4	-1.122455E+0	0.000000E+0	0.000000E+0
-1.660000E-1	3.833790E-3	1.773840E-4	-1.119060E+0	0.000000E+0	0.000000E+0
-1.655000E-1	3.831880E-3	1.964580E-4	-1.115491E+0	0.000000E+0	0.000000E+0
-1.650000E-1	3.818530E-3	1.964580E-4	-1.112365E+0	0.000000E+0	0.000000E+0
-1.645000E-1	3.826160E-3	1.888280E-4	-1.109045E+0	0.000000E+0	0.000000E+0
-1.640000E-1	3.829970E-3	1.964580E-4	-1.105456E+0	0.000000E+0	0.000000E+0
-1.635000E-1	3.818530E-3	1.964580E-4	-1.102275E+0	0.000000E+0	0.000000E+0
-1.630000E-1	3.820430E-3	1.811990E-4	-1.098889E+0	0.000000E+0	0.000000E+0
-1.625000E-1	3.839510E-3	1.831060E-4	-1.095412E+0	0.000000E+0	0.000000E+0
-1.620000E-1	3.841420E-3	2.059950E-4	-1.091814E+0	0.000000E+0	0.000000E+0
-1.615000E-1	3.826160E-3	2.079020E-4	-1.088734E+0	0.000000E+0	0.000000E+0
-1.610000E-1	3.828060E-3	1.907360E-4	-1.085404E+0	0.000000E+0	0.000000E+0
-1.605000E-1	3.841420E-3	1.888280E-4	-1.081862E+0	0.000000E+0	0.000000E+0
-1.600000E-1	3.835690E-3	2.021800E-4	-1.078423E+0	0.000000E+0	0.000000E+0
-1.595000E-1	3.820430E-3	1.983650E-4	-1.075490E+0	0.000000E+0	0.000000E+0
-1.590000E-1	3.828060E-3	1.945500E-4	-1.071985E+0	0.000000E+0	0.000000E+0
-1.585000E-1	3.833790E-3	2.002730E-4	-1.068525E+0	0.000000E+0	0.000000E+0
-1.580000E-1	3.828060E-3	1.964580E-4	-1.064901E+0	0.000000E+0	0.000000E+0
-1.575000E-1	3.833790E-3	1.888280E-4	-1.061645E+0	0.000000E+0	0.000000E+0
-1.570000E-1	3.841420E-3	2.021800E-4	-1.058020E+0	0.000000E+0	0.000000E+0
-1.565000E-1	3.829970E-3	2.212530E-4	-1.054422E+0	0.000000E+0	0.000000E+0
-1.560000E-1	3.816620E-3	2.136240E-4	-1.051564E+0	0.000000E+0	0.000000E+0
-1.555000E-1	3.824250E-3	2.040870E-4	-1.048124E+0	0.000000E+0	0.000000E+0
-1.550000E-1	3.822340E-3	2.098090E-4	-1.044627E+0	0.000000E+0	0.000000E+0
-1.545000E-1	3.805180E-3	2.079020E-4	-1.041399E+0	0.000000E+0	0.000000E+0
-1.540000E-1	3.803270E-3	1.926430E-4	-1.038245E+0	0.000000E+0	0.000000E+0
-1.535000E-1	3.814710E-3	1.964580E-4	-1.034611E+0	0.000000E+0	0.000000E+0
-1.530000E-1	3.808990E-3	2.059950E-4	-1.031226E+0	0.000000E+0	0.000000E+0
-1.525000E-1	3.808990E-3	1.945500E-4	-1.028026E+0	0.000000E+0	0.000000E+0
-1.520000E-1	3.828060E-3	1.907360E-4	-1.024493E+0	0.000000E+0	0.000000E+0
-1.515000E-1	3.831880E-3	2.059950E-4	-1.020951E+0	0.000000E+0	0.000000E+0
-1.510000E-1	3.816620E-3	2.079020E-4	-1.017760E+0	0.000000E+0	0.000000E+0
-1.505000E-1	3.816620E-3	1.888280E-4	-1.014707E+0	0.000000E+0	0.000000E+0
-1.500000E-1	3.833790E-3	1.831060E-4	-1.011249E+0	5.521750E-1	6.501770E+0
-1.495000E-1	3.814710E-3	2.098090E-4	-1.008243E+0	0.000000E+0	0.000000E+0
-1.490000E-1	3.791820E-3	2.079020E-4	-1.004608E+0	0.000000E+0	0.000000E+0
-1.485000E-1	3.776570E-3	1.888280E-4	-1.001149E+0	0.000000E+0	0.000000E+0
-1.480000E-1	3.793730E-3	1.659400E-4	-9.979424E-1	0.000000E+0	0.000000E+0
-1.475000E-1	3.833790E-3	1.583110E-4	-9.946050E-1	0.000000E+0	0.000000E+0
-1.470000E-1	3.858580E-3	1.792920E-4	-9.910779E-1	0.000000E+0	0.000000E+0
-1.465000E-1	3.854770E-3	1.945500E-4	-9.878404E-1	0.000000E+0	0.000000E+0
-1.460000E-1	3.847140E-3	1.869210E-4	-9.845973E-1	0.000000E+0	0.000000E+0
-1.455000E-1	3.856670E-3	1.907360E-4	-9.811387E-1	0.000000E+0	0.000000E+0
-1.450000E-1	3.860490E-3	2.174390E-4	-9.776615E-1	0.000000E+0	0.000000E+0
-1.445000E-1	3.843320E-3	2.346050E-4	-9.743324E-1	0.000000E+0	0.000000E+0
-1.440000E-1	3.824250E-3	2.212530E-4	-9.713863E-1	0.000000E+0	0.000000E+0
-1.435000E-1	3.833790E-3	2.136240E-4	-9.674966E-1	0.000000E+0	0.000000E+0
-1.430000E-1	3.839510E-3	2.231610E-4	-9.640278E-1	0.000000E+0	0.000000E+0
-1.425000E-1	3.831880E-3	2.155310E-4	-9.610714E-1	0.000000E+0	0.000000E+0
-1.420000E-1	3.845230E-3	2.021800E-4	-9.576942E-1	0.000000E+0	0.000000E+0
-1.415000E-1	3.860490E-3	2.079020E-4	-9.541588E-1	0.000000E+0	0.000000E+0
-1.410000E-1	3.845230E-3	2.193460E-4	-9.507751E-1	0.000000E+0	0.000000E+0
-1.405000E-1	3.824250E-3	2.098090E-4	-9.477670E-1	0.000000E+0	0.000000E+0
-1.400000E-1	3.828060E-3	1.964580E-4	-9.442195E-1	0.000000E+0	0.000000E+0
-1.395000E-1	3.828060E-3	2.002730E-4	-9.407285E-1	0.000000E+0	0.000000E+0
-1.390000E-1	3.816620E-3	1.926430E-4	-9.374827E-1	0.000000E+0	0.000000E+0
-1.385000E-1	3.826160E-3	1.697550E-4	-9.340758E-1	0.000000E+0	0.000000E+0
-1.380000E-1	3.845230E-3	1.697550E-4	-9.305053E-1	0.000000E+0	0.000000E+0
-1.375000E-1	3.841420E-3	1.888280E-4	-9.271068E-1	0.000000E+0	0.000000E+0
-1.370000E-1	3.824250E-3	1.926430E-4	-9.239404E-1	0.000000E+0	0.000000E+0
-1.365000E-1	3.826160E-3	1.831060E-4	-9.206557E-1	0.000000E+0	0.000000E+0
-1.360000E-1	3.837600E-3	1.907360E-4	-9.170279E-1	0.000000E+0	0.000000E+0
-1.355000E-1	3.828060E-3	2.002730E-4	-9.137727E-1	0.000000E+0	0.000000E+0
-1.350000E-1	3.816620E-3	1.888280E-4	-9.106036E-1	0.000000E+0	0.000000E+0
-1.345000E-1	3.829970E-3	1.754770E-4	-9.073291E-1	0.000000E+0	0.000000E+0
-1.340000E-1	3.850950E-3	1.869210E-4	-9.037835E-1	0.000000E+0	0.000000E+0
-1.335000E-1	3.843320E-3	2.098090E-4	-9.001935E-1	0.000000E+0	0.000000E+0
-1.330000E-1	3.824250E-3	2.136240E-4	-8.971207E-1	0.000000E+0	0.000000E+0
-1.325000E-1	3.822340E-3	1.964580E-4	-8.938812E-1	0.000000E+0	0.000000E+0
-1.320000E-1	3.841420E-3	1.964580E-4	-8.903939E-1	0.000000E+0	0.000000E+0
-1.315000E-1	3.841420E-3	2.098090E-4	-8.869612E-1	0.000000E+0	0.000000E+0
-1.310000E-1	3.826160E-3	2.021800E-4	-8.836996E-1	0.000000E+0	0.000000E+0
-1.305000E-1	3.820430E-3	1.773840E-4	-8.806313E-1	0.000000E+0	0.000000E+0
-1.300000E-1	3.831880E-3	1.716620E-4	-8.770913E-1	0.000000E+0	0.000000E+0
-1.295000E-1	3.828060E-3	1.850140E-4	-8.735375E-1	0.000000E+0	0.000000E+0
-1.290000E-1	3.814710E-3	1.831060E-4	-8.704211E-1	0.000000E+0	0.000000E+0
-1.285000E-1	3.816620E-3	1.640330E-4	-8.669523E-1	0.000000E+0	0.000000E+0
-1.280000E-1	3.833790E-3	1.697550E-4	-8.633974E-1	0.000000E+0	0.000000E+0
-1.275000E-1	3.828060E-3	1.926430E-4	-8.600258E-1	0.000000E+0	0.000000E+0
-1.270000E-1	3.812800E-3	1.945500E-4	-8.569538E-1	0.000000E+0	0.000000E+0
-1.265000E-1	3.814710E-3	1.831060E-4	-8.537745E-1	0.000000E+0	0.000000E+0
-1.260000E-1	3.828060E-3	1.926430E-4	-8.500430E-1	0.000000E+0	0.000000E+0
-1.255000E-1	3.820430E-3	2.059950E-4	-8.467102E-1	0.000000E+0	0.000000E+0
-1.250000E-1	3.814710E-3	1.964580E-4	-8.437252E-1	0.000000E+0	0.000000E+0
-1.245000E-1	3.828060E-3	1.964580E-4	-8.401158E-1	0.000000E+0	0.000000E+0
-1.240000E-1	3.837600E-3	2.174390E-4	-8.363038E-1	0.000000E+0	0.000000E+0
-1.235000E-1	3.824250E-3	2.269750E-4	-8.329950E-1	0.000000E+0	0.000000E+0
-1.230000E-1	3.814710E-3	2.079020E-4	-8.299703E-1	0.000000E+0	0.000000E+0
-1.225000E-1	3.826160E-3	1.945500E-4	-8.264876E-1	0.000000E+0	0.000000E+0
-1.220000E-1	3.828060E-3	2.021800E-4	-8.229160E-1	0.000000E+0	0.000000E+0
-1.215000E-1	3.814710E-3	2.021800E-4	-8.198497E-1	0.000000E+0	0.000000E+0
-1.210000E-1	3.814710E-3	1.907360E-4	-8.165039E-1	0.000000E+0	0.000000E+0
-1.205000E-1	3.826160E-3	1.964580E-4	-8.129407E-1	0.000000E+0	0.000000E+0
-1.200000E-1	3.816620E-3	2.059950E-4	-8.096865E-1	0.000000E+0	0.000000E+0
-1.195000E-1	3.810900E-3	1.926430E-4	-8.065461E-1	0.000000E+0	0.000000E+0
-1.190000E-1	3.828060E-3	1.831060E-4	-8.029609E-1	0.000000E+0	0.000000E+0
-1.185000E-1	3.835690E-3	1.983650E-4	-7.995355E-1	0.000000E+0	0.000000E+0
-1.180000E-1	3.822340E-3	2.231610E-4	-7.960140E-1	0.000000E+0	0.000000E+0
-1.175000E-1	3.803270E-3	2.193460E-4	-7.929013E-1	0.000000E+0	0.000000E+0
-1.170000E-1	3.810900E-3	2.021800E-4	-7.897563E-1	0.000000E+0	0.000000E+0
-1.165000E-1	3.829970E-3	2.059950E-4	-7.860164E-1	0.000000E+0	0.000000E+0
-1.160000E-1	3.829970E-3	2.136240E-4	-7.825457E-1	0.000000E+0	0.000000E+0
-1.155000E-1	3.826160E-3	2.002730E-4	-7.793165E-1	0.000000E+0	0.000000E+0
-1.150000E-1	3.837600E-3	1.945500E-4	-7.759200E-1	0.000000E+0	0.000000E+0
-1.145000E-1	3.839510E-3	2.040870E-4	-7.723780E-1	0.000000E+0	0.000000E+0
-1.140000E-1	3.822340E-3	1.983650E-4	-7.690064E-1	0.000000E+0	0.000000E+0
-1.135000E-1	3.818530E-3	1.811990E-4	-7.657309E-1	0.000000E+0	0.000000E+0
-1.130000E-1	3.833790E-3	1.831060E-4	-7.622417E-1	0.000000E+0	0.000000E+0
-1.125000E-1	3.829970E-3	2.021800E-4	-7.586999E-1	0.000000E+0	0.000000E+0
-1.120000E-1	3.814710E-3	2.040870E-4	-7.556085E-1	0.000000E+0	0.000000E+0
-1.115000E-1	3.816620E-3	1.926430E-4	-7.523802E-1	0.000000E+0	0.000000E+0
-1.110000E-1	3.839510E-3	1.945500E-4	-7.489493E-1	0.000000E+0	0.000000E+0
-1.105000E-1	3.841420E-3	2.098090E-4	-7.453732E-1	0.000000E+0	0.000000E+0
-1.100000E-1	3.828060E-3	2.098090E-4	-7.421597E-1	0.000000E+0	0.000000E+0
-1.095000E-1	3.829970E-3	1.926430E-4	-7.388528E-1	0.000000E+0	0.000000E+0
-1.090000E-1	3.843320E-3	1.945500E-4	-7.350085E-1	0.000000E+0	0.000000E+0
-1.085000E-1	3.839510E-3	2.002730E-4	-7.318671E-1	0.000000E+0	0.000000E+0
-1.080000E-1	3.839510E-3	1.888280E-4	-7.286739E-1	0.000000E+0	0.000000E+0
-1.075000E-1	3.850950E-3	1.888280E-4	-7.251302E-1	0.000000E+0	0.000000E+0
-1.070000E-1	3.845230E-3	2.059950E-4	-7.216365E-1	0.000000E+0	0.000000E+0
-1.065000E-1	3.829970E-3	2.040870E-4	-7.185636E-1	0.000000E+0	0.000000E+0
-1.060000E-1	3.839510E-3	1.964580E-4	-7.152326E-1	0.000000E+0	0.000000E+0
-1.055000E-1	3.850950E-3	2.040870E-4	-7.115686E-1	0.000000E+0	0.000000E+0
-1.050000E-1	3.835690E-3	2.117170E-4	-7.087159E-1	0.000000E+0	0.000000E+0
-1.045000E-1	3.816620E-3	2.002730E-4	-7.053849E-1	0.000000E+0	0.000000E+0
-1.040000E-1	3.826160E-3	1.926430E-4	-7.021085E-1	0.000000E+0	0.000000E+0
-1.035000E-1	3.835690E-3	2.040870E-4	-6.985380E-1	0.000000E+0	0.000000E+0
-1.030000E-1	3.829970E-3	2.098090E-4	-6.953975E-1	0.000000E+0	0.000000E+0
-1.025000E-1	3.831880E-3	1.983650E-4	-6.921887E-1	0.000000E+0	0.000000E+0
-1.020000E-1	3.845230E-3	1.983650E-4	-6.886617E-1	0.000000E+0	0.000000E+0
-1.015000E-1	3.841420E-3	2.098090E-4	-6.851872E-1	0.000000E+0	0.000000E+0
-1.010000E-1	3.824250E-3	2.059950E-4	-6.821320E-1	0.000000E+0	0.000000E+0
-1.005000E-1	3.826160E-3	1.945500E-4	-6.786594E-1	0.000000E+0	0.000000E+0
-1.000000E-1	3.824250E-3	2.021800E-4	-6.751056E-1	5.508730E-1	6.396371E+0
-9.950000E-2	3.799450E-3	1.945500E-4	-6.719226E-1	0.000000E+0	0.000000E+0
-9.900000E-2	3.793730E-3	1.792920E-4	-6.684316E-1	0.000000E+0	0.000000E+0
-9.850000E-2	3.805180E-3	1.621260E-4	-6.651829E-1	0.000000E+0	0.000000E+0
-9.800000E-2	3.828060E-3	1.697550E-4	-6.612340E-1	0.000000E+0	0.000000E+0
-9.750000E-2	3.826160E-3	1.907360E-4	-6.577393E-1	0.000000E+0	0.000000E+0
-9.700000E-2	3.810900E-3	1.964580E-4	-6.545767E-1	0.000000E+0	0.000000E+0
-9.650000E-2	3.818530E-3	1.869210E-4	-6.511569E-1	0.000000E+0	0.000000E+0
-9.600000E-2	3.831880E-3	1.964580E-4	-6.475670E-1	0.000000E+0	0.000000E+0
-9.550000E-2	3.822340E-3	2.021800E-4	-6.442879E-1	0.000000E+0	0.000000E+0
-9.500000E-2	3.818530E-3	1.869210E-4	-6.411695E-1	0.000000E+0	0.000000E+0
-9.450000E-2	3.835690E-3	1.831060E-4	-6.375029E-1	0.000000E+0	0.000000E+0
-9.400000E-2	3.839510E-3	1.983650E-4	-6.339877E-1	0.000000E+0	0.000000E+0
-9.350000E-2	3.828060E-3	2.002730E-4	-6.309372E-1	0.000000E+0	0.000000E+0
-9.300000E-2	3.833790E-3	1.888280E-4	-6.276746E-1	0.000000E+0	0.000000E+0
-9.250000E-2	3.843320E-3	1.983650E-4	-6.241086E-1	0.000000E+0	0.000000E+0
-9.200000E-2	3.835690E-3	2.155310E-4	-6.208009E-1	0.000000E+0	0.000000E+0
-9.150000E-2	3.822340E-3	2.098090E-4	-6.177538E-1	0.000000E+0	0.000000E+0
-9.100000E-2	3.828060E-3	1.964580E-4	-6.142527E-1	0.000000E+0	0.000000E+0
-9.050000E-2	3.826160E-3	2.040870E-4	-6.106997E-1	0.000000E+0	0.000000E+0
-9.000000E-2	3.814710E-3	1.983650E-4	-6.075278E-1	0.000000E+0	0.000000E+0
-8.950000E-2	3.818530E-3	1.792920E-4	-6.041811E-1	0.000000E+0	0.000000E+0
-8.900000E-2	3.841420E-3	1.792920E-4	-6.006105E-1	0.000000E+0	0.000000E+0
-8.850000E-2	3.841420E-3	2.002730E-4	-5.970965E-1	0.000000E+0	0.000000E+0
-8.800000E-2	3.822340E-3	2.059950E-4	-5.939191E-1	0.000000E+0	0.000000E+0
-8.750000E-2	3.818530E-3	1.907360E-4	-5.907389E-1	0.000000E+0	0.000000E+0
-8.700000E-2	3.835690E-3	1.926430E-4	-5.872182E-1	0.000000E+0	0.000000E+0
-8.650000E-2	3.837600E-3	2.079020E-4	-5.837356E-1	0.000000E+0	0.000000E+0
-8.600000E-2	3.822340E-3	2.059950E-4	-5.805100E-1	0.000000E+0	0.000000E+0
-8.550000E-2	3.818530E-3	1.869210E-4	-5.773955E-1	0.000000E+0	0.000000E+0
-8.500000E-2	3.826160E-3	1.926430E-4	-5.738287E-1	0.000000E+0	0.000000E+0
-8.450000E-2	3.814710E-3	2.098090E-4	-5.701868E-1	0.000000E+0	0.000000E+0
-8.400000E-2	3.803270E-3	2.021800E-4	-5.670326E-1	0.000000E+0	0.000000E+0
-8.350000E-2	3.814710E-3	1.831060E-4	-5.638330E-1	0.000000E+0	0.000000E+0
-8.300000E-2	3.833790E-3	1.888280E-4	-5.602513E-1	0.000000E+0	0.000000E+0
-8.250000E-2	3.828060E-3	2.021800E-4	-5.569361E-1	0.000000E+0	0.000000E+0
-8.200000E-2	3.812800E-3	1.964580E-4	-5.538474E-1	0.000000E+0	0.000000E+0
-8.150000E-2	3.822340E-3	1.831060E-4	-5.506080E-1	0.000000E+0	0.000000E+0
-8.100000E-2	3.847140E-3	1.888280E-4	-5.471328E-1	0.000000E+0	0.000000E+0
-8.050000E-2	3.850950E-3	2.098090E-4	-5.435946E-1	0.000000E+0	0.000000E+0
-8.000000E-2	3.831880E-3	2.098090E-4	-5.402100E-1	0.000000E+0	0.000000E+0
-7.950000E-2	3.829970E-3	1.945500E-4	-5.366200E-1	0.000000E+0	0.000000E+0
-7.900000E-2	3.843320E-3	1.945500E-4	-5.328478E-1	0.000000E+0	0.000000E+0
-7.850000E-2	3.837600E-3	1.964580E-4	-5.296121E-1	0.000000E+0	0.000000E+0
-7.800000E-2	3.828060E-3	1.869210E-4	-5.265328E-1	0.000000E+0	0.000000E+0
-7.750000E-2	3.833790E-3	1.850140E-4	-5.229224E-1	0.000000E+0	0.000000E+0
-7.700000E-2	3.826160E-3	1.945500E-4	-5.195933E-1	0.000000E+0	0.000000E+0
-7.650000E-2	3.812800E-3	1.850140E-4	-5.165555E-1	0.000000E+0	0.000000E+0
-7.600000E-2	3.824250E-3	1.773840E-4	-5.131589E-1	0.000000E+0	0.000000E+0
-7.550000E-2	3.839510E-3	1.945500E-4	-5.096013E-1	0.000000E+0	0.000000E+0
-7.500000E-2	3.829970E-3	2.174390E-4	-5.058717E-1	0.000000E+0	0.000000E+0
-7.450000E-2	3.814710E-3	2.098090E-4	-5.025574E-1	0.000000E+0	0.000000E+0
-7.400000E-2	3.818530E-3	1.850140E-4	-4.994623E-1	0.000000E+0	0.000000E+0
-7.350000E-2	3.837600E-3	1.831060E-4	-4.958260E-1	0.000000E+0	0.000000E+0
-7.300000E-2	3.837600E-3	1.926430E-4	-4.925774E-1	0.000000E+0	0.000000E+0
-7.250000E-2	3.837600E-3	1.850140E-4	-4.894453E-1	0.000000E+0	0.000000E+0
-7.200000E-2	3.847140E-3	1.831060E-4	-4.859071E-1	0.000000E+0	0.000000E+0
-7.150000E-2	3.841420E-3	1.964580E-4	-4.824143E-1	0.000000E+0	0.000000E+0
-7.100000E-2	3.828060E-3	1.907360E-4	-4.792692E-1	0.000000E+0	0.000000E+0
-7.050000E-2	3.839510E-3	1.831060E-4	-4.759919E-1	0.000000E+0	0.000000E+0
-7.000000E-2	3.852860E-3	1.964580E-4	-4.721420E-1	0.000000E+0	0.000000E+0
-6.950000E-2	3.841420E-3	2.174390E-4	-4.687481E-1	0.000000E+0	0.000000E+0
-6.900000E-2	3.831880E-3	2.098090E-4	-4.656484E-1	0.000000E+0	0.000000E+0
-6.850000E-2	3.839510E-3	2.002730E-4	-4.621000E-1	0.000000E+0	0.000000E+0
-6.800000E-2	3.837600E-3	2.079020E-4	-4.586849E-1	0.000000E+0	0.000000E+0
-6.750000E-2	3.826160E-3	2.002730E-4	-4.556037E-1	0.000000E+0	0.000000E+0
-6.700000E-2	3.833790E-3	1.964580E-4	-4.521054E-1	0.000000E+0	0.000000E+0
-6.650000E-2	3.837600E-3	2.059950E-4	-4.485893E-1	0.000000E+0	0.000000E+0
-6.600000E-2	3.831880E-3	2.002730E-4	-4.455423E-1	0.000000E+0	0.000000E+0
-6.550000E-2	3.841420E-3	1.907360E-4	-4.421855E-1	0.000000E+0	0.000000E+0
-6.500000E-2	3.847140E-3	2.002730E-4	-4.383781E-1	0.000000E+0	0.000000E+0
-6.450000E-2	3.829970E-3	2.059950E-4	-4.351840E-1	0.000000E+0	0.000000E+0
-6.400000E-2	3.820430E-3	1.907360E-4	-4.320474E-1	0.000000E+0	0.000000E+0
-6.350000E-2	3.837600E-3	1.811990E-4	-4.284832E-1	0.000000E+0	0.000000E+0
-6.300000E-2	3.845230E-3	1.964580E-4	-4.248775E-1	0.000000E+0	0.000000E+0
-6.250000E-2	3.828060E-3	2.021800E-4	-4.216881E-1	0.000000E+0	0.000000E+0
-6.200000E-2	3.822340E-3	1.926430E-4	-4.185199E-1	0.000000E+0	0.000000E+0
-6.150000E-2	3.828060E-3	2.002730E-4	-4.149262E-1	0.000000E+0	0.000000E+0
-6.100000E-2	3.816620E-3	2.174390E-4	-4.115491E-1	0.000000E+0	0.000000E+0
-6.050000E-2	3.801360E-3	2.098090E-4	-4.082430E-1	0.000000E+0	0.000000E+0
-6.000000E-2	3.810900E-3	1.926430E-4	-4.047955E-1	0.000000E+0	0.000000E+0
-5.950000E-2	3.833790E-3	1.964580E-4	-4.013711E-1	0.000000E+0	0.000000E+0
-5.900000E-2	3.833790E-3	2.040870E-4	-3.981067E-1	0.000000E+0	0.000000E+0
-5.850000E-2	3.829970E-3	1.964580E-4	-3.950450E-1	0.000000E+0	0.000000E+0
-5.800000E-2	3.841420E-3	1.926430E-4	-3.913903E-1	0.000000E+0	0.000000E+0
-5.750000E-2	3.837600E-3	2.040870E-4	-3.879723E-1	0.000000E+0	0.000000E+0
-5.700000E-2	3.826160E-3	1.983650E-4	-3.848633E-1	0.000000E+0	0.000000E+0
-5.650000E-2	3.833790E-3	1.907360E-4	-3.812752E-1	0.000000E+0	0.000000E+0
-5.600000E-2	3.845230E-3	2.040870E-4	-3.776788E-1	0.000000E+0	0.000000E+0
-5.550000E-2	3.833790E-3	2.174390E-4	-3.741369E-1	0.000000E+0	0.000000E+0
-5.500000E-2	3.818530E-3	2.098090E-4	-3.712407E-1	0.000000E+0	0.000000E+0
-5.450000E-2	3.824250E-3	2.059950E-4	-3.676729E-1	0.000000E+0	0.000000E+0
-5.400000E-2	3.820430E-3	2.098090E-4	-3.643095E-1	0.000000E+0	0.000000E+0
-5.350000E-2	3.820430E-3	1.983650E-4	-3.612061E-1	0.000000E+0	0.000000E+0
-5.300000E-2	3.829970E-3	2.002730E-4	-3.575857E-1	0.000000E+0	0.000000E+0
-5.250000E-2	3.824250E-3	2.059950E-4	-3.542602E-1	0.000000E+0	0.000000E+0
-5.200000E-2	3.820430E-3	1.907360E-4	-3.511503E-1	0.000000E+0	0.000000E+0
-5.150000E-2	3.835690E-3	1.869210E-4	-3.475845E-1	0.000000E+0	0.000000E+0
-5.100000E-2	3.847140E-3	2.079020E-4	-3.442663E-1	0.000000E+0	0.000000E+0
-5.050000E-2	3.839510E-3	2.307900E-4	-3.405238E-1	0.000000E+0	0.000000E+0
-5.000000E-2	3.820430E-3	2.288830E-4	-3.374306E-1	5.514190E-1	6.440304E+0
-4.950000E-2	3.837600E-3	1.773840E-4	-3.343890E-1	0.000000E+0	0.000000E+0
-4.900000E-2	3.845230E-3	1.640330E-4	-3.308158E-1	0.000000E+0	0.000000E+0
-4.850000E-2	3.868120E-3	1.640330E-4	-3.273822E-1	0.000000E+0	0.000000E+0
-4.800000E-2	3.871930E-3	1.850140E-4	-3.238125E-1	0.000000E+0	0.000000E+0
-4.750000E-2	3.850950E-3	1.983650E-4	-3.204972E-1	0.000000E+0	0.000000E+0
-4.700000E-2	3.835690E-3	1.869210E-4	-3.173337E-1	0.000000E+0	0.000000E+0
-4.650000E-2	3.841420E-3	1.811990E-4	-3.139463E-1	0.000000E+0	0.000000E+0
-4.600000E-2	3.839510E-3	1.926430E-4	-3.104572E-1	0.000000E+0	0.000000E+0
-4.550000E-2	3.826160E-3	1.907360E-4	-3.071566E-1	0.000000E+0	0.000000E+0
-4.500000E-2	3.831880E-3	1.831060E-4	-3.038313E-1	0.000000E+0	0.000000E+0
-4.450000E-2	3.841420E-3	1.926430E-4	-3.002228E-1	0.000000E+0	0.000000E+0
-4.400000E-2	3.829970E-3	1.983650E-4	-2.969400E-1	0.000000E+0	0.000000E+0
-4.350000E-2	3.826160E-3	1.850140E-4	-2.938023E-1	0.000000E+0	0.000000E+0
-4.300000E-2	3.841420E-3	1.811990E-4	-2.903270E-1	0.000000E+0	0.000000E+0
-4.250000E-2	3.845230E-3	1.926430E-4	-2.868277E-1	0.000000E+0	0.000000E+0
-4.200000E-2	3.835690E-3	1.888280E-4	-2.836410E-1	0.000000E+0	0.000000E+0
-4.150000E-2	3.839510E-3	1.773840E-4	-2.804340E-1	0.000000E+0	0.000000E+0
-4.100000E-2	3.852860E-3	1.831060E-4	-2.767053E-1	0.000000E+0	0.000000E+0
-4.050000E-2	3.839510E-3	1.945500E-4	-2.733244E-1	0.000000E+0	0.000000E+0
-4.000000E-2	3.822340E-3	1.926430E-4	-2.701868E-1	0.000000E+0	0.000000E+0
-3.950000E-2	3.829970E-3	1.964580E-4	-2.667688E-1	0.000000E+0	0.000000E+0
-3.900000E-2	3.835690E-3	2.193460E-4	-2.632149E-1	0.000000E+0	0.000000E+0
-3.850000E-2	3.826160E-3	2.269750E-4	-2.602613E-1	0.000000E+0	0.000000E+0
-3.800000E-2	3.828060E-3	2.098090E-4	-2.570691E-1	0.000000E+0	0.000000E+0
-3.750000E-2	3.847140E-3	2.002730E-4	-2.536207E-1	0.000000E+0	0.000000E+0
-3.700000E-2	3.852860E-3	2.155310E-4	-2.500714E-1	0.000000E+0	0.000000E+0
-3.650000E-2	3.833790E-3	2.174390E-4	-2.468153E-1	0.000000E+0	0.000000E+0
-3.600000E-2	3.831880E-3	1.964580E-4	-2.434076E-1	0.000000E+0	0.000000E+0
-3.550000E-2	3.845230E-3	1.964580E-4	-2.397593E-1	0.000000E+0	0.000000E+0
-3.500000E-2	3.841420E-3	2.098090E-4	-2.362767E-1	0.000000E+0	0.000000E+0
-3.450000E-2	3.816620E-3	2.079020E-4	-2.330539E-1	0.000000E+0	0.000000E+0
-3.400000E-2	3.807080E-3	1.850140E-4	-2.299228E-1	0.000000E+0	0.000000E+0
-3.350000E-2	3.824250E-3	1.811990E-4	-2.263180E-1	0.000000E+0	0.000000E+0
-3.300000E-2	3.826160E-3	1.926430E-4	-2.229010E-1	0.000000E+0	0.000000E+0
-3.250000E-2	3.822340E-3	1.869210E-4	-2.197985E-1	0.000000E+0	0.000000E+0
-3.200000E-2	3.837600E-3	1.869210E-4	-2.163038E-1	0.000000E+0	0.000000E+0
-3.150000E-2	3.839510E-3	1.964580E-4	-2.128692E-1	0.000000E+0	0.000000E+0
-3.100000E-2	3.835690E-3	1.850140E-4	-2.094947E-1	0.000000E+0	0.000000E+0
-3.050000E-2	3.843320E-3	1.773840E-4	-2.060436E-1	0.000000E+0	0.000000E+0
-3.000000E-2	3.841420E-3	1.888280E-4	-2.027931E-1	0.000000E+0	0.000000E+0
-2.950000E-2	3.831880E-3	1.869210E-4	-1.996886E-1	0.000000E+0	0.000000E+0
-2.900000E-2	3.841420E-3	1.792920E-4	-1.962837E-1	0.000000E+0	0.000000E+0
-2.850000E-2	3.854770E-3	1.907360E-4	-1.927400E-1	0.000000E+0	0.000000E+0
-2.800000E-2	3.841420E-3	2.079020E-4	-1.893536E-1	0.000000E+0	0.000000E+0
-2.750000E-2	3.820430E-3	2.021800E-4	-1.864527E-1	0.000000E+0	0.000000E+0
-2.700000E-2	3.824250E-3	1.926430E-4	-1.829561E-1	0.000000E+0	0.000000E+0
-2.650000E-2	3.828060E-3	2.021800E-4	-1.793606E-1	0.000000E+0	0.000000E+0
-2.600000E-2	3.816620E-3	2.021800E-4	-1.758521E-1	0.000000E+0	0.000000E+0
-2.550000E-2	3.826160E-3	1.907360E-4	-1.725526E-1	0.000000E+0	0.000000E+0
-2.500000E-2	3.849040E-3	1.888280E-4	-1.688858E-1	0.000000E+0	0.000000E+0
-2.450000E-2	3.870030E-3	1.850140E-4	-1.655622E-1	0.000000E+0	0.000000E+0
-2.400000E-2	3.856670E-3	1.869210E-4	-1.623867E-1	0.000000E+0	0.000000E+0
-2.350000E-2	3.852860E-3	2.002730E-4	-1.587116E-1	0.000000E+0	0.000000E+0
-2.300000E-2	3.850950E-3	1.831060E-4	-1.557812E-1	0.000000E+0	0.000000E+0
-2.250000E-2	3.829970E-3	1.621260E-4	-1.523891E-1	0.000000E+0	0.000000E+0
-2.200000E-2	3.801360E-3	1.449590E-4	-1.490637E-1	0.000000E+0	0.000000E+0
-2.150000E-2	3.774660E-3	1.525890E-4	-1.458419E-1	0.000000E+0	0.000000E+0
-2.100000E-2	3.788010E-3	1.811990E-4	-1.423878E-1	0.000000E+0	0.000000E+0
-2.050000E-2	3.828060E-3	1.831060E-4	-1.388247E-1	0.000000E+0	0.000000E+0
-2.000000E-2	3.860490E-3	1.773840E-4	-1.354336E-1	0.000000E+0	0.000000E+0
-1.950000E-2	3.849040E-3	1.583110E-4	-1.320675E-1	0.000000E+0	0.000000E+0
-1.900000E-2	3.816620E-3	1.583110E-4	-1.288651E-1	0.000000E+0	0.000000E+0
-1.850000E-2	3.801360E-3	1.907360E-4	-1.255535E-1	0.000000E+0	0.000000E+0
-1.800000E-2	3.818530E-3	2.136240E-4	-1.219081E-1	0.000000E+0	0.000000E+0
-1.750000E-2	3.828060E-3	2.040870E-4	-1.188222E-1	0.000000E+0	0.000000E+0
-1.700000E-2	3.824250E-3	2.136240E-4	-1.153645E-1	0.000000E+0	0.000000E+0
-1.650000E-2	3.833790E-3	2.231610E-4	-1.117681E-1	0.000000E+0	0.000000E+0
-1.600000E-2	3.828060E-3	1.964580E-4	-1.082484E-1	0.000000E+0	0.000000E+0
-1.550000E-2	3.808990E-3	1.697550E-4	-1.051256E-1	0.000000E+0	0.000000E+0
-1.500000E-2	3.795640E-3	1.773840E-4	-1.021008E-1	0.000000E+0	0.000000E+0
-1.450000E-2	3.818530E-3	1.964580E-4	-9.814923E-2	0.000000E+0	0.000000E+0
-1.400000E-2	3.847140E-3	1.945500E-4	-9.531291E-2	0.000000E+0	0.000000E+0
-1.350000E-2	3.860490E-3	2.040870E-4	-9.153899E-2	0.000000E+0	0.000000E+0
-1.300000E-2	3.860490E-3	1.964580E-4	-8.840217E-2	0.000000E+0	0.000000E+0
-1.250000E-2	3.839510E-3	2.021800E-4	-8.525451E-2	0.000000E+0	0.000000E+0
-1.200000E-2	3.835690E-3	2.231610E-4	-8.201466E-2	0.000000E+0	0.000000E+0
-1.150000E-2	3.864300E-3	2.231610E-4	-7.838441E-2	0.000000E+0	0.000000E+0
-1.100000E-2	3.894820E-3	2.059950E-4	-7.499412E-2	0.000000E+0	0.000000E+0
-1.050000E-2	3.913910E-3	1.811990E-4	-7.166243E-2	0.000000E+0	0.000000E+0
-1.000000E-2	3.912000E-3	1.506810E-4	-6.813652E-2	0.000000E+0	0.000000E+0
-9.500000E-3	3.873840E-3	1.239790E-4	-6.465781E-2	0.000000E+0	0.000000E+0
-9.000000E-3	3.833790E-3	1.239790E-4	-6.156663E-2	0.000000E+0	0.000000E+0
-8.500000E-3	3.839510E-3	1.945500E-4	-5.793565E-2	0.000000E+0	0.000000E+0
-8.000000E-3	3.833790E-3	1.964580E-4	-5.475031E-2	0.000000E+0	0.000000E+0
-7.500000E-3	3.818530E-3	1.945500E-4	-5.168431E-2	0.000000E+0	0.000000E+0
-7.000000E-3	3.822340E-3	1.831060E-4	-4.834679E-2	0.000000E+0	0.000000E+0
-6.500000E-3	3.833790E-3	1.926430E-4	-4.450751E-2	0.000000E+0	0.000000E+0
-6.000000E-3	3.828060E-3	2.059950E-4	-4.132311E-2	0.000000E+0	0.000000E+0
-5.500000E-3	3.829970E-3	1.983650E-4	-3.808658E-2	0.000000E+0	0.000000E+0
-5.000000E-3	3.845230E-3	1.964580E-4	-3.450105E-2	0.000000E+0	0.000000E+0
-4.500000E-3	3.839510E-3	2.059950E-4	-3.112103E-2	0.000000E+0	0.000000E+0
-4.000000E-3	3.824250E-3	1.964580E-4	-2.795783E-2	0.000000E+0	0.000000E+0
-3.500000E-3	3.828060E-3	1.811990E-4	-2.455207E-2	0.000000E+0	0.000000E+0
-3.000000E-3	3.837600E-3	1.850140E-4	-2.088656E-2	0.000000E+0	0.000000E+0
-2.500000E-3	3.829970E-3	1.869210E-4	-1.777075E-2	0.000000E+0	0.000000E+0
-2.000000E-3	3.835690E-3	1.811990E-4	-1.450377E-2	0.000000E+0	0.000000E+0
-1.500000E-3	3.845230E-3	1.926430E-4	-1.070883E-2	0.000000E+0	0.000000E+0
-1.000000E-3	3.833790E-3	2.059950E-4	-7.304838E-3	0.000000E+0	0.000000E+0
-5.000000E-4	3.826160E-3	1.945500E-4	-4.213844E-3	0.000000E+0	0.000000E+0
0.000000E+0	3.839510E-3	1.869210E-4	-6.969135E-4	5.515430E-1	6.450335E+0
5.000000E-4	3.841420E-3	2.231610E-4	2.259575E-3	0.000000E+0	0.000000E+0
1.000000E-3	3.829970E-3	2.307900E-4	6.129130E-3	0.000000E+0	0.000000E+0
1.500000E-3	3.803270E-3	2.365120E-4	9.253270E-3	0.000000E+0	0.000000E+0
2.000000E-3	3.789920E-3	2.460500E-4	1.301340E-2	0.000000E+0	0.000000E+0
2.500000E-3	3.808990E-3	2.403270E-4	1.671242E-2	0.000000E+0	0.000000E+0
3.000000E-3	3.805180E-3	2.212530E-4	2.025065E-2	0.000000E+0	0.000000E+0
3.500000E-3	3.788010E-3	2.231610E-4	2.358410E-2	0.000000E+0	0.000000E+0
4.000000E-3	3.784190E-3	2.441420E-4	2.668075E-2	0.000000E+0	0.000000E+0
4.500000E-3	3.803270E-3	2.651230E-4	3.007799E-2	0.000000E+0	0.000000E+0
5.000000E-3	3.841420E-3	2.651230E-4	3.362695E-2	0.000000E+0	0.000000E+0
5.500000E-3	3.862400E-3	2.250680E-4	3.710805E-2	0.000000E+0	0.000000E+0
6.000000E-3	3.843320E-3	1.831060E-4	4.046160E-2	0.000000E+0	0.000000E+0
6.500000E-3	3.808990E-3	1.621260E-4	4.369478E-2	0.000000E+0	0.000000E+0
7.000000E-3	3.793730E-3	1.792920E-4	4.647778E-2	0.000000E+0	0.000000E+0
7.500000E-3	3.820430E-3	1.831060E-4	5.023402E-2	0.000000E+0	0.000000E+0
8.000000E-3	3.835690E-3	1.659400E-4	5.374836E-2	0.000000E+0	0.000000E+0
8.500000E-3	3.824250E-3	1.659400E-4	5.692212E-2	0.000000E+0	0.000000E+0
9.000000E-3	3.814710E-3	1.964580E-4	6.025835E-2	0.000000E+0	0.000000E+0
9.500000E-3	3.822340E-3	2.365120E-4	6.358542E-2	0.000000E+0	0.000000E+0
1.000000E-2	3.852860E-3	2.422340E-4	6.716076E-2	0.000000E+0	0.000000E+0
1.050000E-2	3.877650E-3	2.079020E-4	7.062669E-2	0.000000E+0	0.000000E+0
1.100000E-2	3.891010E-3	1.640330E-4	7.415297E-2	0.000000E+0	0.000000E+0
1.150000E-2	3.883380E-3	1.449590E-4	7.705715E-2	0.000000E+0	0.000000E+0
1.200000E-2	3.871930E-3	1.773840E-4	8.046503E-2	0.000000E+0	0.000000E+0
1.250000E-2	3.866210E-3	2.307900E-4	8.403548E-2	0.000000E+0	0.000000E+0
1.300000E-2	3.866210E-3	2.574940E-4	8.759158E-2	0.000000E+0	0.000000E+0
1.350000E-2	3.864300E-3	2.269750E-4	9.107305E-2	0.000000E+0	0.000000E+0
1.400000E-2	3.845230E-3	1.907360E-4	9.450990E-2	0.000000E+0	0.000000E+0
1.450000E-2	3.824250E-3	1.964580E-4	9.764895E-2	0.000000E+0	0.000000E+0
1.500000E-2	3.829970E-3	2.231610E-4	1.010190E-1	0.000000E+0	0.000000E+0
1.550000E-2	3.856670E-3	2.498650E-4	1.043745E-1	0.000000E+0	0.000000E+0
1.600000E-2	3.887190E-3	2.498650E-4	1.078919E-1	0.000000E+0	0.000000E+0
1.650000E-2	3.900540E-3	2.117170E-4	1.114109E-1	0.000000E+0	0.000000E+0
1.700000E-2	3.875750E-3	1.831060E-4	1.146236E-1	0.000000E+0	0.000000E+0
1.750000E-2	3.841420E-3	1.945500E-4	1.180436E-1	0.000000E+0	0.000000E+0
1.800000E-2	3.820430E-3	2.250680E-4	1.214443E-1	0.000000E+0	0.000000E+0
1.850000E-2	3.833790E-3	2.441420E-4	1.248215E-1	0.000000E+0	0.000000E+0
1.900000E-2	3.856670E-3	2.231610E-4	1.285410E-1	0.000000E+0	0.000000E+0
1.950000E-2	3.854770E-3	1.888280E-4	1.316971E-1	0.000000E+0	0.000000E+0
2.000000E-2	3.841420E-3	2.002730E-4	1.350188E-1	0.000000E+0	0.000000E+0
2.050000E-2	3.841420E-3	2.307900E-4	1.385145E-1	0.000000E+0	0.000000E+0
2.100000E-2	3.862400E-3	2.346050E-4	1.418093E-1	0.000000E+0	0.000000E+0
2.150000E-2	3.854770E-3	2.079020E-4	1.452124E-1	0.000000E+0	0.000000E+0
2.200000E-2	3.829970E-3	1.888280E-4	1.483501E-1	0.000000E+0	0.000000E+0
2.250000E-2	3.833790E-3	1.964580E-4	1.517301E-1	0.000000E+0	0.000000E+0
2.300000E-2	3.839510E-3	1.831060E-4	1.555819E-1	0.000000E+0	0.000000E+0
2.350000E-2	3.826160E-3	1.792920E-4	1.585854E-1	0.000000E+0	0.000000E+0
2.400000E-2	3.835690E-3	1.945500E-4	1.619626E-1	0.000000E+0	0.000000E+0
2.450000E-2	3.860490E-3	1.907360E-4	1.655063E-1	0.000000E+0	0.000000E+0
2.500000E-2	3.860490E-3	1.678480E-4	1.689224E-1	0.000000E+0	0.000000E+0
2.550000E-2	3.828060E-3	1.697550E-4	1.721396E-1	0.000000E+0	0.000000E+0
2.600000E-2	3.820430E-3	2.040870E-4	1.753938E-1	0.000000E+0	0.000000E+0
2.650000E-2	3.847140E-3	2.174390E-4	1.791836E-1	0.000000E+0	0.000000E+0
2.700000E-2	3.864300E-3	1.964580E-4	1.819050E-1	0.000000E+0	0.000000E+0
2.750000E-2	3.843320E-3	1.945500E-4	1.854514E-1	0.000000E+0	0.000000E+0
2.800000E-2	3.828060E-3	2.193460E-4	1.887944E-1	0.000000E+0	0.000000E+0
2.850000E-2	3.839510E-3	2.365120E-4	1.921143E-1	0.000000E+0	0.000000E+0
2.900000E-2	3.866210E-3	2.231610E-4	1.956932E-1	0.000000E+0	0.000000E+0
2.950000E-2	3.864300E-3	1.888280E-4	1.990787E-1	0.000000E+0	0.000000E+0
3.000000E-2	3.833790E-3	1.831060E-4	2.022331E-1	0.000000E+0	0.000000E+0
3.050000E-2	3.822340E-3	2.117170E-4	2.055168E-1	0.000000E+0	0.000000E+0
3.100000E-2	3.847140E-3	2.250680E-4	2.090735E-1	0.000000E+0	0.000000E+0
3.150000E-2	3.866210E-3	2.002730E-4	2.124841E-1	0.000000E+0	0.000000E+0
3.200000E-2	3.847140E-3	1.735700E-4	2.158104E-1	0.000000E+0	0.000000E+0
3.250000E-2	3.820430E-3	1.907360E-4	2.191618E-1	0.000000E+0	0.000000E+0
3.300000E-2	3.828060E-3	2.231610E-4	2.229099E-1	0.000000E+0	0.000000E+0
3.350000E-2	3.856670E-3	2.250680E-4	2.260799E-1	0.000000E+0	0.000000E+0
3.400000E-2	3.858580E-3	1.945500E-4	2.295662E-1	0.000000E+0	0.000000E+0
3.450000E-2	3.828060E-3	1.773840E-4	2.329221E-1	0.000000E+0	0.000000E+0
3.500000E-2	3.793730E-3	1.831060E-4	2.362495E-1	0.000000E+0	0.000000E+0
3.550000E-2	3.776570E-3	2.059950E-4	2.394768E-1	0.000000E+0	0.000000E+0
3.600000E-2	3.797550E-3	2.250680E-4	2.428319E-1	0.000000E+0	0.000000E+0
3.650000E-2	3.814710E-3	2.059950E-4	2.463811E-1	0.000000E+0	0.000000E+0
3.700000E-2	3.803270E-3	1.869210E-4	2.496752E-1	0.000000E+0	0.000000E+0
3.750000E-2	3.793730E-3	2.059950E-4	2.529820E-1	0.000000E+0	0.000000E+0
3.800000E-2	3.810900E-3	2.231610E-4	2.564860E-1	0.000000E+0	0.000000E+0
3.850000E-2	3.816620E-3	2.059950E-4	2.598540E-1	0.000000E+0	0.000000E+0
3.900000E-2	3.803270E-3	1.964580E-4	2.630647E-1	0.000000E+0	0.000000E+0
3.950000E-2	3.807080E-3	2.193460E-4	2.663494E-1	0.000000E+0	0.000000E+0
4.000000E-2	3.843320E-3	2.250680E-4	2.698237E-1	0.000000E+0	0.000000E+0
4.050000E-2	3.868120E-3	1.964580E-4	2.733573E-1	0.000000E+0	0.000000E+0
4.100000E-2	3.852860E-3	1.659400E-4	2.766327E-1	0.000000E+0	0.000000E+0
4.150000E-2	3.824250E-3	1.792920E-4	2.799286E-1	0.000000E+0	0.000000E+0
4.200000E-2	3.828060E-3	2.040870E-4	2.833382E-1	0.000000E+0	0.000000E+0
4.250000E-2	3.841420E-3	1.888280E-4	2.870133E-1	0.000000E+0	0.000000E+0
4.300000E-2	3.841420E-3	1.621260E-4	2.904191E-1	0.000000E+0	0.000000E+0
4.350000E-2	3.818530E-3	1.621260E-4	2.936595E-1	0.000000E+0	0.000000E+0
4.400000E-2	3.812800E-3	1.964580E-4	2.969599E-1	0.000000E+0	0.000000E+0
4.450000E-2	3.841420E-3	2.155310E-4	3.003871E-1	0.000000E+0	0.000000E+0
4.500000E-2	3.870030E-3	1.964580E-4	3.037532E-1	0.000000E+0	0.000000E+0
4.550000E-2	3.881470E-3	1.583110E-4	3.073145E-1	0.000000E+0	0.000000E+0
4.600000E-2	3.858580E-3	1.392370E-4	3.105863E-1	0.000000E+0	0.000000E+0
4.650000E-2	3.829970E-3	1.678480E-4	3.136907E-1	0.000000E+0	0.000000E+0
4.700000E-2	3.835690E-3	2.059950E-4	3.174147E-1	0.000000E+0	0.000000E+0
4.750000E-2	3.864300E-3	2.079020E-4	3.209308E-1	0.000000E+0	0.000000E+0
4.800000E-2	3.881470E-3	1.831060E-4	3.244291E-1	0.000000E+0	0.000000E+0
4.850000E-2	3.860490E-3	1.583110E-4	3.278239E-1	0.000000E+0	0.000000E+0
4.900000E-2	3.824250E-3	1.430520E-4	3.312445E-1	0.000000E+0	0.000000E+0
4.950000E-2	3.788010E-3	1.392370E-4	3.347495E-1	0.000000E+0	0.000000E+0
5.000000E-2	3.761310E-3	1.506810E-4	3.380138E-1	5.530350E-1	6.572602E+0
5.050000E-2	3.824250E-3	1.888280E-4	3.409183E-1	0.000000E+0	0.000000E+0
5.100000E-2	3.831880E-3	1.678480E-4	3.447951E-1	0.000000E+0	0.000000E+0
5.150000E-2	3.812800E-3	1.640330E-4	3.480410E-1	0.000000E+0	0.000000E+0
5.200000E-2	3.797550E-3	1.964580E-4	3.516106E-1	0.000000E+0	0.000000E+0
5.250000E-2	3.808990E-3	2.365120E-4	3.550332E-1	0.000000E+0	0.000000E+0
5.300000E-2	3.847140E-3	2.536790E-4	3.584465E-1	0.000000E+0	0.000000E+0
5.350000E-2	3.883380E-3	2.384200E-4	3.619939E-1	0.000000E+0	0.000000E+0
5.400000E-2	3.892910E-3	1.964580E-4	3.656366E-1	0.000000E+0	0.000000E+0
5.450000E-2	3.875750E-3	1.583110E-4	3.690675E-1	0.000000E+0	0.000000E+0
5.500000E-2	3.841420E-3	1.525890E-4	3.722726E-1	0.000000E+0	0.000000E+0
5.550000E-2	3.826160E-3	1.831060E-4	3.757405E-1	0.000000E+0	0.000000E+0
5.600000E-2	3.852860E-3	2.021800E-4	3.788560E-1	0.000000E+0	0.000000E+0
5.650000E-2	3.873840E-3	1.888280E-4	3.823090E-1	0.000000E+0	0.000000E+0
5.700000E-2	3.860490E-3	1.621260E-4	3.859508E-1	0.000000E+0	0.000000E+0
5.750000E-2	3.826160E-3	1.449590E-4	3.893872E-1	0.000000E+0	0.000000E+0
5.800000E-2	3.795640E-3	1.506810E-4	3.926034E-1	0.000000E+0	0.000000E+0
5.850000E-2	3.780380E-3	1.888280E-4	3.959409E-1	0.000000E+0	0.000000E+0
5.900000E-2	3.788010E-3	2.288830E-4	3.992839E-1	0.000000E+0	0.000000E+0
5.950000E-2	3.824250E-3	2.346050E-4	4.027111E-1	0.000000E+0	0.000000E+0
6.000000E-2	3.854770E-3	2.098090E-4	4.060180E-1	0.000000E+0	0.000000E+0
6.050000E-2	3.862400E-3	1.735700E-4	4.095683E-1	0.000000E+0	0.000000E+0
6.100000E-2	3.837600E-3	1.602180E-4	4.126753E-1	0.000000E+0	0.000000E+0
6.150000E-2	3.816620E-3	1.869210E-4	4.159591E-1	0.000000E+0	0.000000E+0
6.200000E-2	3.835690E-3	2.212530E-4	4.195620E-1	0.000000E+0	0.000000E+0
6.250000E-2	3.873840E-3	2.346050E-4	4.234156E-1	0.000000E+0	0.000000E+0
6.300000E-2	3.892910E-3	2.174390E-4	4.265523E-1	0.000000E+0	0.000000E+0
6.350000E-2	3.864300E-3	2.098090E-4	4.299379E-1	0.000000E+0	0.000000E+0
6.400000E-2	3.824250E-3	2.231610E-4	4.330719E-1	0.000000E+0	0.000000E+0
6.450000E-2	3.801360E-3	2.422340E-4	4.360338E-1	0.000000E+0	0.000000E+0
6.500000E-2	3.818530E-3	2.613090E-4	4.393360E-1	0.000000E+0	0.000000E+0
6.550000E-2	3.845230E-3	1.926430E-4	4.433377E-1	0.000000E+0	0.000000E+0
6.600000E-2	3.854770E-3	1.831060E-4	4.462265E-1	0.000000E+0	0.000000E+0
6.650000E-2	3.868120E-3	1.907360E-4	4.498035E-1	0.000000E+0	0.000000E+0
6.700000E-2	3.862400E-3	2.098090E-4	4.534397E-1	0.000000E+0	0.000000E+0
6.750000E-2	3.843320E-3	2.098090E-4	4.566375E-1	0.000000E+0	0.000000E+0
6.800000E-2	3.847140E-3	1.983650E-4	4.599879E-1	0.000000E+0	0.000000E+0
6.850000E-2	3.854770E-3	2.079020E-4	4.635760E-1	0.000000E+0	0.000000E+0
6.900000E-2	3.841420E-3	2.079020E-4	4.667756E-1	0.000000E+0	0.000000E+0
6.950000E-2	3.841420E-3	1.926430E-4	4.699410E-1	0.000000E+0	0.000000E+0
7.000000E-2	3.852860E-3	1.888280E-4	4.736273E-1	0.000000E+0	0.000000E+0
7.050000E-2	3.849040E-3	1.907360E-4	4.768971E-1	0.000000E+0	0.000000E+0
7.100000E-2	3.845230E-3	1.831060E-4	4.800625E-1	0.000000E+0	0.000000E+0
7.150000E-2	3.854770E-3	1.907360E-4	4.838782E-1	0.000000E+0	0.000000E+0
7.200000E-2	3.845230E-3	2.040870E-4	4.872915E-1	0.000000E+0	0.000000E+0
7.250000E-2	3.837600E-3	1.983650E-4	4.903440E-1	0.000000E+0	0.000000E+0
7.300000E-2	3.847140E-3	1.964580E-4	4.939081E-1	0.000000E+0	0.000000E+0
7.350000E-2	3.847140E-3	2.040870E-4	4.973546E-1	0.000000E+0	0.000000E+0
7.400000E-2	3.839510E-3	1.964580E-4	5.005376E-1	0.000000E+0	0.000000E+0
7.450000E-2	3.847140E-3	1.831060E-4	5.039583E-1	0.000000E+0	0.000000E+0
7.500000E-2	3.856670E-3	1.926430E-4	5.075594E-1	0.000000E+0	0.000000E+0
7.550000E-2	3.845230E-3	1.964580E-4	5.106999E-1	0.000000E+0	0.000000E+0
7.600000E-2	3.843320E-3	1.888280E-4	5.139624E-1	0.000000E+0	0.000000E+0
7.650000E-2	3.854770E-3	1.964580E-4	5.177004E-1	0.000000E+0	0.000000E+0
7.700000E-2	3.850950E-3	2.136240E-4	5.211692E-1	0.000000E+0	0.000000E+0
7.750000E-2	3.839510E-3	2.079020E-4	5.243345E-1	0.000000E+0	0.000000E+0
7.800000E-2	3.845230E-3	1.964580E-4	5.277358E-1	0.000000E+0	0.000000E+0
7.850000E-2	3.847140E-3	2.059950E-4	5.313489E-1	0.000000E+0	0.000000E+0
7.900000E-2	3.831880E-3	2.059950E-4	5.344728E-1	0.000000E+0	0.000000E+0
7.950000E-2	3.833790E-3	1.945500E-4	5.378416E-1	0.000000E+0	0.000000E+0
8.000000E-2	3.841420E-3	1.983650E-4	5.414667E-1	0.000000E+0	0.000000E+0
8.050000E-2	3.831880E-3	2.021800E-4	5.445285E-1	0.000000E+0	0.000000E+0
8.100000E-2	3.829970E-3	1.811990E-4	5.478724E-1	0.000000E+0	0.000000E+0
8.150000E-2	3.849040E-3	1.449590E-4	5.518037E-1	0.000000E+0	0.000000E+0
8.200000E-2	3.854770E-3	1.258860E-4	5.549469E-1	0.000000E+0	0.000000E+0
8.250000E-2	3.841420E-3	1.525890E-4	5.581660E-1	0.000000E+0	0.000000E+0
8.300000E-2	3.845230E-3	1.983650E-4	5.614775E-1	0.000000E+0	0.000000E+0
8.350000E-2	3.870030E-3	2.250680E-4	5.651923E-1	0.000000E+0	0.000000E+0
8.400000E-2	3.887190E-3	2.040870E-4	5.686602E-1	0.000000E+0	0.000000E+0
8.450000E-2	3.877650E-3	1.792920E-4	5.717581E-1	0.000000E+0	0.000000E+0
8.500000E-2	3.868120E-3	1.831060E-4	5.750502E-1	0.000000E+0	0.000000E+0
8.550000E-2	3.879560E-3	1.735700E-4	5.785366E-1	0.000000E+0	0.000000E+0
8.600000E-2	3.889100E-3	1.506810E-4	5.819878E-1	0.000000E+0	0.000000E+0
8.650000E-2	3.881470E-3	1.258860E-4	5.857018E-1	0.000000E+0	0.000000E+0
8.700000E-2	3.843320E-3	1.182560E-4	5.890975E-1	0.000000E+0	0.000000E+0
8.750000E-2	3.805180E-3	1.316080E-4	5.922906E-1	0.000000E+0	0.000000E+0
8.800000E-2	3.776570E-3	1.583110E-4	5.956891E-1	0.000000E+0	0.000000E+0
8.850000E-2	3.761310E-3	1.850140E-4	5.989729E-1	0.000000E+0	0.000000E+0
8.900000E-2	3.759400E-3	2.174390E-4	6.023075E-1	0.000000E+0	0.000000E+0
8.950000E-2	3.776570E-3	2.403270E-4	6.055516E-1	0.000000E+0	0.000000E+0
9.000000E-2	3.824250E-3	2.288830E-4	6.089334E-1	0.000000E+0	0.000000E+0
9.050000E-2	3.864300E-3	1.964580E-4	6.125049E-1	0.000000E+0	0.000000E+0
9.100000E-2	3.862400E-3	1.583110E-4	6.162318E-1	0.000000E+0	0.000000E+0
9.150000E-2	3.839510E-3	1.449590E-4	6.193056E-1	0.000000E+0	0.000000E+0
9.200000E-2	3.833790E-3	1.678480E-4	6.228373E-1	0.000000E+0	0.000000E+0
9.250000E-2	3.860490E-3	1.831060E-4	6.260370E-1	0.000000E+0	0.000000E+0
9.300000E-2	3.887190E-3	1.735700E-4	6.295482E-1	0.000000E+0	0.000000E+0
9.350000E-2	3.894820E-3	1.449590E-4	6.329791E-1	0.000000E+0	0.000000E+0
9.400000E-2	3.871930E-3	1.277930E-4	6.363536E-1	0.000000E+0	0.000000E+0
9.450000E-2	3.835690E-3	1.487740E-4	6.394737E-1	0.000000E+0	0.000000E+0
9.500000E-2	3.824250E-3	1.945500E-4	6.427964E-1	0.000000E+0	0.000000E+0
9.550000E-2	3.841420E-3	2.365120E-4	6.461060E-1	0.000000E+0	0.000000E+0
9.600000E-2	3.871930E-3	2.613090E-4	6.498310E-1	0.000000E+0	0.000000E+0
9.650000E-2	3.900540E-3	2.403270E-4	6.534377E-1	0.000000E+0	0.000000E+0
9.700000E-2	3.896730E-3	1.964580E-4	6.569314E-1	0.000000E+0	0.000000E+0
9.750000E-2	3.860490E-3	1.831060E-4	6.601015E-1	0.000000E+0	0.000000E+0
9.800000E-2	3.841420E-3	2.040870E-4	6.633631E-1	0.000000E+0	0.000000E+0
9.850000E-2	3.862400E-3	2.193460E-4	6.668670E-1	0.000000E+0	0.000000E+0
9.900000E-2	3.887190E-3	1.983650E-4	6.704514E-1	0.000000E+0	0.000000E+0
9.950000E-2	3.889100E-3	1.659400E-4	6.739128E-1	0.000000E+0	0.000000E+0
1.000000E-1	3.852860E-3	1.583110E-4	6.770995E-1	5.535140E-1	6.612480E+0
1.005000E-1	3.841420E-3	2.059950E-4	6.801113E-1	0.000000E+0	0.000000E+0
1.010000E-1	3.854770E-3	1.811990E-4	6.843544E-1	0.000000E+0	0.000000E+0
1.015000E-1	3.839510E-3	1.640330E-4	6.875928E-1	0.000000E+0	0.000000E+0
1.020000E-1	3.824250E-3	1.850140E-4	6.909654E-1	0.000000E+0	0.000000E+0
1.025000E-1	3.843320E-3	2.098090E-4	6.944111E-1	0.000000E+0	0.000000E+0
1.030000E-1	3.860490E-3	2.002730E-4	6.980445E-1	0.000000E+0	0.000000E+0
1.035000E-1	3.841420E-3	1.888280E-4	7.014135E-1	0.000000E+0	0.000000E+0
1.040000E-1	3.814710E-3	1.964580E-4	7.046214E-1	0.000000E+0	0.000000E+0
1.045000E-1	3.814710E-3	2.231610E-4	7.078478E-1	0.000000E+0	0.000000E+0
1.050000E-1	3.845230E-3	2.326970E-4	7.113777E-1	0.000000E+0	0.000000E+0
1.055000E-1	3.864300E-3	2.040870E-4	7.150407E-1	0.000000E+0	0.000000E+0
1.060000E-1	3.847140E-3	1.850140E-4	7.183116E-1	0.000000E+0	0.000000E+0
1.065000E-1	3.850950E-3	1.964580E-4	7.216990E-1	0.000000E+0	0.000000E+0
1.070000E-1	3.870030E-3	1.831060E-4	7.251928E-1	0.000000E+0	0.000000E+0
1.075000E-1	3.873840E-3	1.487740E-4	7.287217E-1	0.000000E+0	0.000000E+0
1.080000E-1	3.856670E-3	1.258860E-4	7.320379E-1	0.000000E+0	0.000000E+0
1.085000E-1	3.828060E-3	1.316080E-4	7.351792E-1	0.000000E+0	0.000000E+0
1.090000E-1	3.826160E-3	1.697550E-4	7.384398E-1	0.000000E+0	0.000000E+0
1.095000E-1	3.849040E-3	1.888280E-4	7.421862E-1	0.000000E+0	0.000000E+0
1.100000E-1	3.850950E-3	1.735700E-4	7.455920E-1	0.000000E+0	0.000000E+0
1.105000E-1	3.826160E-3	1.678480E-4	7.491922E-1	0.000000E+0	0.000000E+0
1.110000E-1	3.807080E-3	1.926430E-4	7.523973E-1	0.000000E+0	0.000000E+0
1.115000E-1	3.822340E-3	2.212530E-4	7.557505E-1	0.000000E+0	0.000000E+0
1.120000E-1	3.866210E-3	2.384200E-4	7.590242E-1	0.000000E+0	0.000000E+0
1.125000E-1	3.912000E-3	2.365120E-4	7.626373E-1	0.000000E+0	0.000000E+0
1.130000E-1	3.921540E-3	2.021800E-4	7.662930E-1	0.000000E+0	0.000000E+0
1.135000E-1	3.889100E-3	1.735700E-4	7.694611E-1	0.000000E+0	0.000000E+0
1.140000E-1	3.852860E-3	1.811990E-4	7.725784E-1	0.000000E+0	0.000000E+0
1.145000E-1	3.854770E-3	2.136240E-4	7.759760E-1	0.000000E+0	0.000000E+0
1.150000E-1	3.881470E-3	2.365120E-4	7.793087E-1	0.000000E+0	0.000000E+0
1.155000E-1	3.906280E-3	2.231610E-4	7.831707E-1	0.000000E+0	0.000000E+0
1.160000E-1	3.900540E-3	1.907360E-4	7.866229E-1	0.000000E+0	0.000000E+0
1.165000E-1	3.860490E-3	1.792920E-4	7.899696E-1	0.000000E+0	0.000000E+0
1.170000E-1	3.818530E-3	1.907360E-4	7.932450E-1	0.000000E+0	0.000000E+0
1.175000E-1	3.789920E-3	2.174390E-4	7.963761E-1	0.000000E+0	0.000000E+0
1.180000E-1	3.789920E-3	2.460500E-4	7.995443E-1	0.000000E+0	0.000000E+0
1.185000E-1	3.824250E-3	2.632160E-4	8.029115E-1	0.000000E+0	0.000000E+0
1.190000E-1	3.868120E-3	2.632160E-4	8.066041E-1	0.000000E+0	0.000000E+0
1.195000E-1	3.894820E-3	2.422340E-4	8.101783E-1	0.000000E+0	0.000000E+0
1.200000E-1	3.875750E-3	2.059950E-4	8.135324E-1	0.000000E+0	0.000000E+0
1.205000E-1	3.833790E-3	1.773840E-4	8.171501E-1	0.000000E+0	0.000000E+0
1.210000E-1	3.791820E-3	1.678480E-4	8.204505E-1	0.000000E+0	0.000000E+0
1.215000E-1	3.761310E-3	1.754770E-4	8.238999E-1	0.000000E+0	0.000000E+0
1.220000E-1	3.759400E-3	1.983650E-4	8.270274E-1	0.000000E+0	0.000000E+0
1.225000E-1	3.786100E-3	2.346050E-4	8.304685E-1	0.000000E+0	0.000000E+0
1.230000E-1	3.833790E-3	2.555870E-4	8.338716E-1	0.000000E+0	0.000000E+0
1.235000E-1	3.881470E-3	2.365120E-4	8.374477E-1	0.000000E+0	0.000000E+0
1.240000E-1	3.891010E-3	1.850140E-4	8.407537E-1	0.000000E+0	0.000000E+0
1.245000E-1	3.873840E-3	1.411450E-4	8.442419E-1	0.000000E+0	0.000000E+0
1.250000E-1	3.847140E-3	1.220710E-4	8.476348E-1	0.000000E+0	0.000000E+0
1.255000E-1	3.820430E-3	1.506810E-4	8.509297E-1	0.000000E+0	0.000000E+0
1.260000E-1	3.829970E-3	1.964580E-4	8.543107E-1	0.000000E+0	0.000000E+0
1.265000E-1	3.866210E-3	2.098090E-4	8.578396E-1	0.000000E+0	0.000000E+0
1.270000E-1	3.881470E-3	1.811990E-4	8.613815E-1	0.000000E+0	0.000000E+0
1.275000E-1	3.868120E-3	1.525890E-4	8.647522E-1	0.000000E+0	0.000000E+0
1.280000E-1	3.829970E-3	1.525890E-4	8.680619E-1	0.000000E+0	0.000000E+0
1.285000E-1	3.801360E-3	1.792920E-4	8.712107E-1	0.000000E+0	0.000000E+0
1.290000E-1	3.807080E-3	2.231610E-4	8.746591E-1	0.000000E+0	0.000000E+0
1.295000E-1	3.828060E-3	2.594010E-4	8.779086E-1	0.000000E+0	0.000000E+0
1.300000E-1	3.862400E-3	2.784750E-4	8.815458E-1	0.000000E+0	0.000000E+0
1.305000E-1	3.891010E-3	2.727530E-4	8.852598E-1	0.000000E+0	0.000000E+0
1.310000E-1	3.850950E-3	1.964580E-4	8.908357E-1	0.000000E+0	0.000000E+0
1.315000E-1	3.856670E-3	2.040870E-4	8.919032E-1	0.000000E+0	0.000000E+0
1.320000E-1	3.860490E-3	2.231610E-4	8.956088E-1	0.000000E+0	0.000000E+0
1.325000E-1	3.845230E-3	2.250680E-4	8.988001E-1	0.000000E+0	0.000000E+0
1.330000E-1	3.841420E-3	2.059950E-4	9.020404E-1	0.000000E+0	0.000000E+0
1.335000E-1	3.854770E-3	2.002730E-4	9.057340E-1	0.000000E+0	0.000000E+0
1.340000E-1	3.849040E-3	2.059950E-4	9.089216E-1	0.000000E+0	0.000000E+0
1.345000E-1	3.845230E-3	1.964580E-4	9.121961E-1	0.000000E+0	0.000000E+0
1.350000E-1	3.858580E-3	1.945500E-4	9.160830E-1	0.000000E+0	0.000000E+0
1.355000E-1	3.856670E-3	2.002730E-4	9.194492E-1	0.000000E+0	0.000000E+0
1.360000E-1	3.854770E-3	1.926430E-4	9.225794E-1	0.000000E+0	0.000000E+0
1.365000E-1	3.864300E-3	1.964580E-4	9.261963E-1	0.000000E+0	0.000000E+0
1.370000E-1	3.856670E-3	2.098090E-4	9.295883E-1	0.000000E+0	0.000000E+0
1.375000E-1	3.849040E-3	2.021800E-4	9.327518E-1	0.000000E+0	0.000000E+0
1.380000E-1	3.862400E-3	1.983650E-4	9.363362E-1	0.000000E+0	0.000000E+0
1.385000E-1	3.871930E-3	2.136240E-4	9.399067E-1	0.000000E+0	0.000000E+0
1.390000E-1	3.858580E-3	2.231610E-4	9.431036E-1	0.000000E+0	0.000000E+0
1.395000E-1	3.850950E-3	2.079020E-4	9.463670E-1	0.000000E+0	0.000000E+0
1.400000E-1	3.866210E-3	1.964580E-4	9.500550E-1	0.000000E+0	0.000000E+0
1.405000E-1	3.868120E-3	1.983650E-4	9.534665E-1	0.000000E+0	0.000000E+0
1.410000E-1	3.862400E-3	1.945500E-4	9.567188E-1	0.000000E+0	0.000000E+0
1.415000E-1	3.871930E-3	1.926430E-4	9.602737E-1	0.000000E+0	0.000000E+0
1.420000E-1	3.873840E-3	2.040870E-4	9.636444E-1	0.000000E+0	0.000000E+0
1.425000E-1	3.860490E-3	1.964580E-4	9.667091E-1	0.000000E+0	0.000000E+0
1.430000E-1	3.871930E-3	1.640330E-4	9.696145E-1	0.000000E+0	0.000000E+0
1.435000E-1	3.892910E-3	1.487740E-4	9.734338E-1	0.000000E+0	0.000000E+0
1.440000E-1	3.921540E-3	1.659400E-4	9.763587E-1	0.000000E+0	0.000000E+0
1.445000E-1	3.932980E-3	1.716620E-4	9.803030E-1	0.000000E+0	0.000000E+0
1.450000E-1	3.908190E-3	2.098090E-4	9.863785E-1	0.000000E+0	0.000000E+0
1.455000E-1	3.870030E-3	2.231610E-4	9.877817E-1	0.000000E+0	0.000000E+0
1.460000E-1	3.839510E-3	2.212530E-4	9.908694E-1	0.000000E+0	0.000000E+0
1.465000E-1	3.839510E-3	2.079020E-4	9.941476E-1	0.000000E+0	0.000000E+0
1.470000E-1	3.850950E-3	2.079020E-4	9.978255E-1	0.000000E+0	0.000000E+0
1.475000E-1	3.843320E-3	2.059950E-4	1.001106E+0	0.000000E+0	0.000000E+0
1.480000E-1	3.847140E-3	1.907360E-4	1.004295E+0	0.000000E+0	0.000000E+0
1.485000E-1	3.866210E-3	1.907360E-4	1.007870E+0	0.000000E+0	0.000000E+0
1.490000E-1	3.870030E-3	2.098090E-4	1.011420E+0	0.000000E+0	0.000000E+0
1.495000E-1	3.854770E-3	2.079020E-4	1.014717E+0	0.000000E+0	0.000000E+0
1.500000E-1	3.854770E-3	1.888280E-4	1.018167E+0	5.522620E-1	6.508891E+0
1.505000E-1	3.883380E-3	2.136240E-4	1.021258E+0	0.000000E+0	0.000000E+0
1.510000E-1	3.877650E-3	2.288830E-4	1.025358E+0	0.000000E+0	0.000000E+0
1.515000E-1	3.858580E-3	2.326970E-4	1.028499E+0	0.000000E+0	0.000000E+0
1.520000E-1	3.856670E-3	2.155310E-4	1.031668E+0	0.000000E+0	0.000000E+0
1.525000E-1	3.866210E-3	2.117170E-4	1.035328E+0	0.000000E+0	0.000000E+0
1.530000E-1	3.858580E-3	2.174390E-4	1.038693E+0	0.000000E+0	0.000000E+0
1.535000E-1	3.852860E-3	2.040870E-4	1.041843E+0	0.000000E+0	0.000000E+0
1.540000E-1	3.864300E-3	2.002730E-4	1.045456E+0	0.000000E+0	0.000000E+0
1.545000E-1	3.862400E-3	2.117170E-4	1.049121E+0	0.000000E+0	0.000000E+0
1.550000E-1	3.850950E-3	2.079020E-4	1.052273E+0	0.000000E+0	0.000000E+0
1.555000E-1	3.856670E-3	1.964580E-4	1.055825E+0	0.000000E+0	0.000000E+0
1.560000E-1	3.854770E-3	2.002730E-4	1.059301E+0	0.000000E+0	0.000000E+0
1.565000E-1	3.841420E-3	1.945500E-4	1.062414E+0	0.000000E+0	0.000000E+0
1.570000E-1	3.852860E-3	1.773840E-4	1.065755E+0	0.000000E+0	0.000000E+0
1.575000E-1	3.870030E-3	1.811990E-4	1.069283E+0	0.000000E+0	0.000000E+0
1.580000E-1	3.864300E-3	1.964580E-4	1.072614E+0	0.000000E+0	0.000000E+0
1.585000E-1	3.852860E-3	1.907360E-4	1.075854E+0	0.000000E+0	0.000000E+0
1.590000E-1	3.864300E-3	1.869210E-4	1.079579E+0	0.000000E+0	0.000000E+0
1.595000E-1	3.868120E-3	1.983650E-4	1.083286E+0	0.000000E+0	0.000000E+0
1.600000E-1	3.866210E-3	1.964580E-4	1.086438E+0	0.000000E+0	0.000000E+0
1.605000E-1	3.871930E-3	2.021800E-4	1.089885E+0	0.000000E+0	0.000000E+0
1.610000E-1	3.864300E-3	2.098090E-4	1.093413E+0	0.000000E+0	0.000000E+0
1.615000E-1	3.850950E-3	1.964580E-4	1.096142E+0	0.000000E+0	0.000000E+0
1.620000E-1	3.858580E-3	1.850140E-4	1.099510E+0	0.000000E+0	0.000000E+0
1.625000E-1	3.864300E-3	1.964580E-4	1.103149E+0	0.000000E+0	0.000000E+0
1.630000E-1	3.850950E-3	2.040870E-4	1.106412E+0	0.000000E+0	0.000000E+0
1.635000E-1	3.845230E-3	1.945500E-4	1.109539E+0	0.000000E+0	0.000000E+0
1.640000E-1	3.852860E-3	1.964580E-4	1.113270E+0	0.000000E+0	0.000000E+0
1.645000E-1	3.841420E-3	2.021800E-4	1.116854E+0	0.000000E+0	0.000000E+0
1.650000E-1	3.833790E-3	1.888280E-4	1.119969E+0	0.000000E+0	0.000000E+0
1.655000E-1	3.852860E-3	1.792920E-4	1.123340E+0	0.000000E+0	0.000000E+0
1.660000E-1	3.862400E-3	1.926430E-4	1.126987E+0	0.000000E+0	0.000000E+0
1.665000E-1	3.850950E-3	2.040870E-4	1.130174E+0	0.000000E+0	0.000000E+0
1.670000E-1	3.849040E-3	1.964580E-4	1.133403E+0	0.000000E+0	0.000000E+0
1.675000E-1	3.862400E-3	1.964580E-4	1.137131E+0	0.000000E+0	0.000000E+0
1.680000E-1	3.856670E-3	2.059950E-4	1.140543E+0	0.000000E+0	0.000000E+0
1.685000E-1	3.852860E-3	1.926430E-4	1.143611E+0	0.000000E+0	0.000000E+0
1.690000E-1	3.862400E-3	1.869210E-4	1.147020E+0	0.000000E+0	0.000000E+0
1.695000E-1	3.864300E-3	2.040870E-4	1.150797E+0	0.000000E+0	0.000000E+0
1.700000E-1	3.856670E-3	2.079020E-4	1.153906E+0	0.000000E+0	0.000000E+0
1.705000E-1	3.868120E-3	2.040870E-4	1.157382E+0	0.000000E+0	0.000000E+0
1.710000E-1	3.885280E-3	2.174390E-4	1.160963E+0	0.000000E+0	0.000000E+0
1.715000E-1	3.873840E-3	2.307900E-4	1.164409E+0	0.000000E+0	0.000000E+0
1.720000E-1	3.856670E-3	2.136240E-4	1.167471E+0	0.000000E+0	0.000000E+0
1.725000E-1	3.860490E-3	1.964580E-4	1.171134E+0	0.000000E+0	0.000000E+0
1.730000E-1	3.856670E-3	1.983650E-4	1.174753E+0	0.000000E+0	0.000000E+0
1.735000E-1	3.843320E-3	1.945500E-4	1.177799E+0	0.000000E+0	0.000000E+0
1.740000E-1	3.856670E-3	1.850140E-4	1.181425E+0	0.000000E+0	0.000000E+0
1.745000E-1	3.875750E-3	1.945500E-4	1.185067E+0	0.000000E+0	0.000000E+0
1.750000E-1	3.870030E-3	2.021800E-4	1.188270E+0	0.000000E+0	0.000000E+0
1.755000E-1	3.870030E-3	1.945500E-4	1.191566E+0	0.000000E+0	0.000000E+0
1.760000E-1	3.883380E-3	1.964580E-4	1.195225E+0	0.000000E+0	0.000000E+0
1.765000E-1	3.875750E-3	2.098090E-4	1.198646E+0	0.000000E+0	0.000000E+0
1.770000E-1	3.854770E-3	1.964580E-4	1.201935E+0	0.000000E+0	0.000000E+0
1.775000E-1	3.854770E-3	1.792920E-4	1.205043E+0	0.000000E+0	0.000000E+0
1.780000E-1	3.864300E-3	1.850140E-4	1.208687E+0	0.000000E+0	0.000000E+0
1.785000E-1	3.854770E-3	2.002730E-4	1.212071E+0	0.000000E+0	0.000000E+0
1.790000E-1	3.841420E-3	1.907360E-4	1.215781E+0	0.000000E+0	0.000000E+0
1.795000E-1	3.841420E-3	1.659400E-4	1.219295E+0	0.000000E+0	0.000000E+0
1.800000E-1	3.839510E-3	1.487740E-4	1.222458E+0	0.000000E+0	0.000000E+0
1.805000E-1	3.829970E-3	1.716620E-4	1.225789E+0	0.000000E+0	0.000000E+0
1.810000E-1	3.828060E-3	2.117170E-4	1.229164E+0	0.000000E+0	0.000000E+0
1.815000E-1	3.837600E-3	2.517720E-4	1.232447E+0	0.000000E+0	0.000000E+0
1.820000E-1	3.854770E-3	2.746600E-4	1.236137E+0	0.000000E+0	0.000000E+0
1.825000E-1	3.873840E-3	2.536790E-4	1.239291E+0	0.000000E+0	0.000000E+0
1.830000E-1	3.862400E-3	2.212530E-4	1.242750E+0	0.000000E+0	0.000000E+0
1.835000E-1	3.837600E-3	2.231610E-4	1.246006E+0	0.000000E+0	0.000000E+0
1.840000E-1	3.829970E-3	2.536790E-4	1.249659E+0	0.000000E+0	0.000000E+0
1.845000E-1	3.849040E-3	2.708450E-4	1.253062E+0	0.000000E+0	0.000000E+0
1.850000E-1	3.881470E-3	2.460500E-4	1.256419E+0	0.000000E+0	0.000000E+0
1.855000E-1	3.900540E-3	2.040870E-4	1.260045E+0	0.000000E+0	0.000000E+0
1.860000E-1	3.877650E-3	1.773840E-4	1.263393E+0	0.000000E+0	0.000000E+0
1.865000E-1	3.847140E-3	1.964580E-4	1.266843E+0	0.000000E+0	0.000000E+0
1.870000E-1	3.849040E-3	2.193460E-4	1.270339E+0	0.000000E+0	0.000000E+0
1.875000E-1	3.854770E-3	2.059950E-4	1.273650E+0	0.000000E+0	0.000000E+0
1.880000E-1	3.833790E-3	1.945500E-4	1.276998E+0	0.000000E+0	0.000000E+0
1.885000E-1	3.820430E-3	2.059950E-4	1.280347E+0	0.000000E+0	0.000000E+0
1.890000E-1	3.839510E-3	2.002730E-4	1.283749E+0	0.000000E+0	0.000000E+0
1.895000E-1	3.870030E-3	1.773840E-4	1.287264E+0	0.000000E+0	0.000000E+0
1.900000E-1	3.883380E-3	1.506810E-4	1.290853E+0	0.000000E+0	0.000000E+0
1.905000E-1	3.860490E-3	1.449590E-4	1.293998E+0	0.000000E+0	0.000000E+0
1.910000E-1	3.843320E-3	1.678480E-4	1.297743E+0	0.000000E+0	0.000000E+0
1.915000E-1	3.839510E-3	1.583110E-4	1.301174E+0	0.000000E+0	0.000000E+0
1.920000E-1	3.843320E-3	1.335150E-4	1.304596E+0	0.000000E+0	0.000000E+0
1.925000E-1	3.843320E-3	1.201630E-4	1.308203E+0	0.000000E+0	0.000000E+0
1.930000E-1	3.820430E-3	1.316080E-4	1.311477E+0	0.000000E+0	0.000000E+0
1.935000E-1	3.799450E-3	1.583110E-4	1.314464E+0	0.000000E+0	0.000000E+0
1.940000E-1	3.805180E-3	2.021800E-4	1.318016E+0	0.000000E+0	0.000000E+0
1.945000E-1	3.828060E-3	2.460500E-4	1.321697E+0	0.000000E+0	0.000000E+0
1.950000E-1	3.862400E-3	2.632160E-4	1.325341E+0	0.000000E+0	0.000000E+0
1.955000E-1	3.892910E-3	2.384200E-4	1.328653E+0	0.000000E+0	0.000000E+0
1.960000E-1	3.891010E-3	1.964580E-4	1.332176E+0	0.000000E+0	0.000000E+0
1.965000E-1	3.858580E-3	1.792920E-4	1.335460E+0	0.000000E+0	0.000000E+0
1.970000E-1	3.828060E-3	1.907360E-4	1.338567E+0	0.000000E+0	0.000000E+0
1.975000E-1	3.833790E-3	2.212530E-4	1.342266E+0	0.000000E+0	0.000000E+0
1.980000E-1	3.868120E-3	2.250680E-4	1.345633E+0	0.000000E+0	0.000000E+0
1.985000E-1	3.868120E-3	2.098090E-4	1.349212E+0	0.000000E+0	0.000000E+0
1.990000E-1	3.843320E-3	2.117170E-4	1.352542E+0	0.000000E+0	0.000000E+0
1.995000E-1	3.824250E-3	2.346050E-4	1.355908E+0	0.000000E+0	0.000000E+0
2.000000E-1	3.828060E-3	2.574940E-4	1.359210E+0	5.529720E-1	6.567380E+0
