-2.000000E-1	4.636790E-3	2.212530E-4	-1.630885E+0	5.530910E-1	6.577249E+0
-1.995000E-1	4.619630E-3	2.460500E-4	-1.630154E+0	0.000000E+0	0.000000E+0
-1.990000E-1	4.606280E-3	2.613090E-4	-1.625854E+0	0.000000E+0	0.000000E+0
-1.985000E-1	4.598650E-3	2.479570E-4	-1.622052E+0	0.000000E+0	0.000000E+0
-1.980000E-1	4.617720E-3	2.346050E-4	-1.617392E+0	0.000000E+0	0.000000E+0
-1.975000E-1	4.619630E-3	2.365120E-4	-1.613090E+0	0.000000E+0	0.000000E+0
-1.970000E-1	4.608180E-3	2.231610E-4	-1.608762E+0	0.000000E+0	0.000000E+0
-1.965000E-1	4.623440E-3	2.155310E-4	-1.604323E+0	0.000000E+0	0.000000E+0
-1.960000E-1	4.632980E-3	2.365120E-4	-1.599939E+0	0.000000E+0	0.000000E+0
-1.955000E-1	4.613910E-3	2.555870E-4	-1.595906E+0	0.000000E+0	0.000000E+0
-1.950000E-1	4.594830E-3	2.479570E-4	-1.592198E+0	0.000000E+0	0.000000E+0
-1.945000E-1	4.604370E-3	2.403270E-4	-1.588008E+0	0.000000E+0	0.000000E+0
-1.940000E-1	4.608180E-3	2.498650E-4	-1.583560E+0	0.000000E+0	0.000000E+0
-1.935000E-1	4.594830E-3	2.403270E-4	-1.579998E+0	0.000000E+0	0.000000E+0
-1.930000E-1	4.604370E-3	2.288830E-4	-1.575606E+0	0.000000E+0	0.000000E+0
-1.925000E-1	4.608180E-3	2.441420E-4	-1.571268E+0	0.000000E+0	0.000000E+0
-1.920000E-1	4.596740E-3	2.498650E-4	-1.567023E+0	0.000000E+0	0.000000E+0
-1.915000E-1	4.604370E-3	2.288830E-4	-1.563296E+0	0.000000E+0	0.000000E+0
-1.910000E-1	4.631070E-3	2.250680E-4	-1.559151E+0	0.000000E+0	0.000000E+0
-1.905000E-1	4.634890E-3	2.441420E-4	-1.554962E+0	0.000000E+0	0.000000E+0
-1.900000E-1	4.610090E-3	2.536790E-4	-1.550985E+0	0.000000E+0	0.000000E+0
-1.895000E-1	4.598650E-3	2.403270E-4	-1.547120E+0	0.000000E+0	0.000000E+0
-1.890000E-1	4.613910E-3	2.460500E-4	-1.542745E+0	0.000000E+0	0.000000E+0
-1.885000E-1	4.617720E-3	2.632160E-4	-1.538712E+0	0.000000E+0	0.000000E+0
-1.880000E-1	4.610090E-3	2.498650E-4	-1.534791E+0	0.000000E+0	0.000000E+0
-1.875000E-1	4.625350E-3	2.307900E-4	-1.530463E+0	0.000000E+0	0.000000E+0
-1.870000E-1	4.638700E-3	2.365120E-4	-1.526015E+0	0.000000E+0	0.000000E+0
-1.865000E-1	4.625350E-3	2.403270E-4	-1.522056E+0	0.000000E+0	0.000000E+0
-1.860000E-1	4.623440E-3	2.231610E-4	-1.518189E+0	0.000000E+0	0.000000E+0
-1.855000E-1	4.644420E-3	2.250680E-4	-1.514120E+0	0.000000E+0	0.000000E+0
-1.850000E-1	4.642520E-3	2.498650E-4	-1.509588E+0	0.000000E+0	0.000000E+0
-1.845000E-1	4.619630E-3	2.517720E-4	-1.505861E+0	0.000000E+0	0.000000E+0
-1.840000E-1	4.619630E-3	2.365120E-4	-1.501736E+0	0.000000E+0	0.000000E+0
-1.835000E-1	4.636790E-3	2.365120E-4	-1.497251E+0	0.000000E+0	0.000000E+0
-1.830000E-1	4.634890E-3	2.460500E-4	-1.493208E+0	0.000000E+0	0.000000E+0
-1.825000E-1	4.627260E-3	2.231610E-4	-1.489047E+0	0.000000E+0	0.000000E+0
-1.820000E-1	4.636790E-3	2.002730E-4	-1.485098E+0	0.000000E+0	0.000000E+0
-1.815000E-1	4.646330E-3	2.136240E-4	-1.480917E+0	0.000000E+0	0.000000E+0
-1.810000E-1	4.627260E-3	2.307900E-4	-1.476801E+0	0.000000E+0	0.000000E+0
-1.805000E-1	4.610090E-3	2.231610E-4	-1.472834E+0	0.000000E+0	0.000000E+0
-1.800000E-1	4.619630E-3	2.212530E-4	-1.468552E+0	0.000000E+0	0.000000E+0
-1.795000E-1	4.623440E-3	2.384200E-4	-1.464223E+0	0.000000E+0	0.000000E+0
-1.790000E-1	4.608180E-3	2.384200E-4	-1.460043E+0	0.000000E+0	0.000000E+0
-1.785000E-1	4.608180E-3	2.231610E-4	-1.455973E+0	0.000000E+0	0.000000E+0
-1.780000E-1	4.621540E-3	2.307900E-4	-1.451516E+0	0.000000E+0	0.000000E+0
-1.775000E-1	4.610090E-3	2.365120E-4	-1.447382E+0	0.000000E+0	0.000000E+0
-1.770000E-1	4.612000E-3	2.212530E-4	-1.443580E+0	0.000000E+0	0.000000E+0
-1.765000E-1	4.634890E-3	2.193460E-4	-1.439187E+0	0.000000E+0	0.000000E+0
-1.760000E-1	4.638700E-3	2.384200E-4	-1.434998E+0	0.000000E+0	0.000000E+0
-1.755000E-1	4.619630E-3	2.403270E-4	-1.431196E+0	0.000000E+0	0.000000E+0
-1.750000E-1	4.615810E-3	2.231610E-4	-1.427506E+0	0.000000E+0	0.000000E+0
-1.745000E-1	4.631070E-3	2.269750E-4	-1.422993E+0	0.000000E+0	0.000000E+0
-1.740000E-1	4.619630E-3	2.441420E-4	-1.419043E+0	0.000000E+0	0.000000E+0
-1.735000E-1	4.602460E-3	2.326970E-4	-1.415094E+0	0.000000E+0	0.000000E+0
-1.730000E-1	4.610090E-3	2.269750E-4	-1.411071E+0	0.000000E+0	0.000000E+0
-1.725000E-1	4.615810E-3	2.479570E-4	-1.406391E+0	0.000000E+0	0.000000E+0
-1.720000E-1	4.598650E-3	2.517720E-4	-1.402331E+0	0.000000E+0	0.000000E+0
-1.715000E-1	4.594830E-3	2.307900E-4	-1.398372E+0	0.000000E+0	0.000000E+0
-1.710000E-1	4.619630E-3	2.212530E-4	-1.394220E+0	0.000000E+0	0.000000E+0
-1.705000E-1	4.634890E-3	2.365120E-4	-1.389901E+0	0.000000E+0	0.000000E+0
-1.700000E-1	4.625350E-3	2.384200E-4	-1.386072E+0	0.000000E+0	0.000000E+0
-1.695000E-1	4.627260E-3	2.231610E-4	-1.382243E+0	0.000000E+0	0.000000E+0
-1.690000E-1	4.646330E-3	2.269750E-4	-1.377868E+0	0.000000E+0	0.000000E+0
-1.685000E-1	4.646330E-3	2.536790E-4	-1.373799E+0	0.000000E+0	0.000000E+0
-1.680000E-1	4.619630E-3	2.594010E-4	-1.369507E+0	0.000000E+0	0.000000E+0
-1.675000E-1	4.596740E-3	2.288830E-4	-1.365761E+0	0.000000E+0	0.000000E+0
-1.670000E-1	4.608180E-3	2.098090E-4	-1.361461E+0	0.000000E+0	0.000000E+0
-1.665000E-1	4.613910E-3	2.212530E-4	-1.357132E+0	0.000000E+0	0.000000E+0
-1.660000E-1	4.594830E-3	2.269750E-4	-1.353109E+0	0.000000E+0	0.000000E+0
-1.655000E-1	4.589110E-3	2.098090E-4	-1.349345E+0	0.000000E+0	0.000000E+0
-1.650000E-1	4.610090E-3	2.098090E-4	-1.345405E+0	0.000000E+0	0.000000E+0
-1.645000E-1	4.623440E-3	2.326970E-4	-1.341103E+0	0.000000E+0	0.000000E+0
-1.640000E-1	4.610090E-3	2.460500E-4	-1.336850E+0	0.000000E+0	0.000000E+0
-1.635000E-1	4.606280E-3	2.288830E-4	-1.333040E+0	0.000000E+0	0.000000E+0
-1.630000E-1	4.634890E-3	2.155310E-4	-1.328674E+0	0.000000E+0	0.000000E+0
-1.625000E-1	4.655870E-3	2.288830E-4	-1.324291E+0	0.000000E+0	0.000000E+0
-1.620000E-1	4.640610E-3	2.441420E-4	-1.320341E+0	0.000000E+0	0.000000E+0
-1.615000E-1	4.619630E-3	2.269750E-4	-1.316364E+0	0.000000E+0	0.000000E+0
-1.610000E-1	4.632980E-3	2.079020E-4	-1.312498E+0	0.000000E+0	0.000000E+0
-1.605000E-1	4.659680E-3	2.212530E-4	-1.308373E+0	0.000000E+0	0.000000E+0
-1.600000E-1	4.659680E-3	2.574940E-4	-1.304035E+0	0.000000E+0	0.000000E+0
-1.595000E-1	4.623440E-3	2.784750E-4	-1.299864E+0	0.000000E+0	0.000000E+0
-1.590000E-1	4.596740E-3	2.632160E-4	-1.296202E+0	0.000000E+0	0.000000E+0
-1.585000E-1	4.610090E-3	2.346050E-4	-1.292262E+0	0.000000E+0	0.000000E+0
-1.580000E-1	4.636790E-3	2.365120E-4	-1.287582E+0	0.000000E+0	0.000000E+0
-1.575000E-1	4.631070E-3	2.574940E-4	-1.283550E+0	0.000000E+0	0.000000E+0
-1.570000E-1	4.610090E-3	2.536790E-4	-1.279933E+0	0.000000E+0	0.000000E+0
-1.565000E-1	4.617720E-3	2.365120E-4	-1.276077E+0	0.000000E+0	0.000000E+0
-1.560000E-1	4.629160E-3	2.365120E-4	-1.272054E+0	0.000000E+0	0.000000E+0
-1.555000E-1	4.619630E-3	2.269750E-4	-1.268077E+0	0.000000E+0	0.000000E+0
-1.550000E-1	4.625350E-3	2.193460E-4	-1.264016E+0	0.000000E+0	0.000000E+0
-1.545000E-1	4.638700E-3	2.384200E-4	-1.259632E+0	0.000000E+0	0.000000E+0
-1.540000E-1	4.631070E-3	2.574940E-4	-1.255628E+0	0.000000E+0	0.000000E+0
-1.535000E-1	4.631070E-3	2.479570E-4	-1.252020E+0	0.000000E+0	0.000000E+0
-1.530000E-1	4.646330E-3	2.498650E-4	-1.247526E+0	0.000000E+0	0.000000E+0
-1.525000E-1	4.650150E-3	2.689380E-4	-1.243345E+0	0.000000E+0	0.000000E+0
-1.520000E-1	4.627260E-3	2.689380E-4	-1.239433E+0	0.000000E+0	0.000000E+0
-1.515000E-1	4.619630E-3	2.441420E-4	-1.235585E+0	0.000000E+0	0.000000E+0
-1.510000E-1	4.627260E-3	2.384200E-4	-1.231128E+0	0.000000E+0	0.000000E+0
-1.505000E-1	4.613910E-3	2.498650E-4	-1.227114E+0	0.000000E+0	0.000000E+0
-1.500000E-1	4.594830E-3	2.384200E-4	-1.223433E+0	5.526810E-1	6.543327E+0
-1.495000E-1	4.619630E-3	1.983650E-4	-1.219475E+0	0.000000E+0	0.000000E+0
-1.490000E-1	4.632980E-3	1.945500E-4	-1.215350E+0	0.000000E+0	0.000000E+0
-1.485000E-1	4.650150E-3	2.174390E-4	-1.210697E+0	0.000000E+0	0.000000E+0
-1.480000E-1	4.640610E-3	2.536790E-4	-1.206434E+0	0.000000E+0	0.000000E+0
-1.475000E-1	4.610090E-3	2.651230E-4	-1.202660E+0	0.000000E+0	0.000000E+0
-1.470000E-1	4.610090E-3	2.574940E-4	-1.198739E+0	0.000000E+0	0.000000E+0
-1.465000E-1	4.632980E-3	2.708450E-4	-1.194475E+0	0.000000E+0	0.000000E+0
-1.460000E-1	4.634890E-3	2.899190E-4	-1.190258E+0	0.000000E+0	0.000000E+0
-1.455000E-1	4.613910E-3	2.803820E-4	-1.186299E+0	0.000000E+0	0.000000E+0
-1.450000E-1	4.612000E-3	2.517720E-4	-1.182544E+0	0.000000E+0	0.000000E+0
-1.445000E-1	4.625350E-3	2.498650E-4	-1.178031E+0	0.000000E+0	0.000000E+0
-1.440000E-1	4.623440E-3	2.613090E-4	-1.174073E+0	0.000000E+0	0.000000E+0
-1.435000E-1	4.619630E-3	2.441420E-4	-1.170096E+0	0.000000E+0	0.000000E+0
-1.430000E-1	4.638700E-3	2.326970E-4	-1.165942E+0	0.000000E+0	0.000000E+0
-1.425000E-1	4.650150E-3	2.498650E-4	-1.161623E+0	0.000000E+0	0.000000E+0
-1.420000E-1	4.632980E-3	2.632160E-4	-1.157702E+0	0.000000E+0	0.000000E+0
-1.415000E-1	4.615810E-3	2.479570E-4	-1.153836E+0	0.000000E+0	0.000000E+0
-1.410000E-1	4.631070E-3	2.365120E-4	-1.149665E+0	0.000000E+0	0.000000E+0
-1.405000E-1	4.638700E-3	2.479570E-4	-1.145447E+0	0.000000E+0	0.000000E+0
-1.400000E-1	4.619630E-3	2.498650E-4	-1.141433E+0	0.000000E+0	0.000000E+0
-1.395000E-1	4.612000E-3	2.288830E-4	-1.137744E+0	0.000000E+0	0.000000E+0
-1.390000E-1	4.627260E-3	2.250680E-4	-1.133396E+0	0.000000E+0	0.000000E+0
-1.385000E-1	4.629160E-3	2.460500E-4	-1.128892E+0	0.000000E+0	0.000000E+0
-1.380000E-1	4.608180E-3	2.479570E-4	-1.125035E+0	0.000000E+0	0.000000E+0
-1.375000E-1	4.610090E-3	2.250680E-4	-1.121271E+0	0.000000E+0	0.000000E+0
-1.370000E-1	4.629160E-3	2.250680E-4	-1.116795E+0	0.000000E+0	0.000000E+0
-1.365000E-1	4.623440E-3	2.422340E-4	-1.112596E+0	0.000000E+0	0.000000E+0
-1.360000E-1	4.602460E-3	2.403270E-4	-1.108767E+0	0.000000E+0	0.000000E+0
-1.355000E-1	4.604370E-3	2.212530E-4	-1.104854E+0	0.000000E+0	0.000000E+0
-1.350000E-1	4.629160E-3	2.231610E-4	-1.100720E+0	0.000000E+0	0.000000E+0
-1.345000E-1	4.632980E-3	2.460500E-4	-1.096383E+0	0.000000E+0	0.000000E+0
-1.340000E-1	4.610090E-3	2.498650E-4	-1.092573E+0	0.000000E+0	0.000000E+0
-1.335000E-1	4.596740E-3	2.250680E-4	-1.088290E+0	0.000000E+0	0.000000E+0
-1.330000E-1	4.613910E-3	1.983650E-4	-1.084545E+0	0.000000E+0	0.000000E+0
-1.325000E-1	4.636790E-3	2.098090E-4	-1.080087E+0	0.000000E+0	0.000000E+0
-1.320000E-1	4.632980E-3	2.288830E-4	-1.076101E+0	0.000000E+0	0.000000E+0
-1.315000E-1	4.625350E-3	2.231610E-4	-1.072337E+0	0.000000E+0	0.000000E+0
-1.310000E-1	4.636790E-3	2.212530E-4	-1.067953E+0	0.000000E+0	0.000000E+0
-1.305000E-1	4.636790E-3	2.403270E-4	-1.063865E+0	0.000000E+0	0.000000E+0
-1.300000E-1	4.619630E-3	2.460500E-4	-1.059814E+0	0.000000E+0	0.000000E+0
-1.295000E-1	4.619630E-3	2.288830E-4	-1.056068E+0	0.000000E+0	0.000000E+0
-1.290000E-1	4.638700E-3	2.326970E-4	-1.051841E+0	0.000000E+0	0.000000E+0
-1.285000E-1	4.646330E-3	2.574940E-4	-1.047152E+0	0.000000E+0	0.000000E+0
-1.280000E-1	4.625350E-3	2.670310E-4	-1.043351E+0	0.000000E+0	0.000000E+0
-1.275000E-1	4.615810E-3	2.422340E-4	-1.039966E+0	0.000000E+0	0.000000E+0
-1.270000E-1	4.634890E-3	2.269750E-4	-1.036063E+0	0.000000E+0	0.000000E+0
-1.265000E-1	4.646330E-3	2.441420E-4	-1.031624E+0	0.000000E+0	0.000000E+0
-1.260000E-1	4.629160E-3	2.574940E-4	-1.027600E+0	0.000000E+0	0.000000E+0
-1.255000E-1	4.613910E-3	2.365120E-4	-1.023864E+0	0.000000E+0	0.000000E+0
-1.250000E-1	4.632980E-3	2.117170E-4	-1.019962E+0	0.000000E+0	0.000000E+0
-1.245000E-1	4.661590E-3	2.212530E-4	-1.015614E+0	0.000000E+0	0.000000E+0
-1.240000E-1	4.669220E-3	2.555870E-4	-1.011221E+0	0.000000E+0	0.000000E+0
-1.235000E-1	4.638700E-3	2.765670E-4	-1.007021E+0	0.000000E+0	0.000000E+0
-1.230000E-1	4.608180E-3	2.632160E-4	-1.003554E+0	0.000000E+0	0.000000E+0
-1.225000E-1	4.610090E-3	2.498650E-4	-9.993614E-1	0.000000E+0	0.000000E+0
-1.220000E-1	4.612000E-3	2.670310E-4	-9.950684E-1	0.000000E+0	0.000000E+0
-1.215000E-1	4.594830E-3	2.861040E-4	-9.908578E-1	0.000000E+0	0.000000E+0
-1.210000E-1	4.579570E-3	2.651230E-4	-9.870865E-1	0.000000E+0	0.000000E+0
-1.205000E-1	4.594830E-3	2.365120E-4	-9.831043E-1	0.000000E+0	0.000000E+0
-1.200000E-1	4.619630E-3	2.384200E-4	-9.783904E-1	0.000000E+0	0.000000E+0
-1.195000E-1	4.612000E-3	2.517720E-4	-9.741687E-1	0.000000E+0	0.000000E+0
-1.190000E-1	4.594830E-3	2.365120E-4	-9.701190E-1	0.000000E+0	0.000000E+0
-1.185000E-1	4.602460E-3	2.059950E-4	-9.663309E-1	0.000000E+0	0.000000E+0
-1.180000E-1	4.629160E-3	2.021800E-4	-9.621268E-1	0.000000E+0	0.000000E+0
-1.175000E-1	4.629160E-3	2.288830E-4	-9.578422E-1	0.000000E+0	0.000000E+0
-1.170000E-1	4.602460E-3	2.403270E-4	-9.539294E-1	0.000000E+0	0.000000E+0
-1.165000E-1	4.583390E-3	2.231610E-4	-9.502626E-1	0.000000E+0	0.000000E+0
-1.160000E-1	4.602460E-3	2.117170E-4	-9.460261E-1	0.000000E+0	0.000000E+0
-1.155000E-1	4.615810E-3	2.307900E-4	-9.417424E-1	0.000000E+0	0.000000E+0
-1.150000E-1	4.604370E-3	2.384200E-4	-9.379674E-1	0.000000E+0	0.000000E+0
-1.145000E-1	4.606280E-3	2.346050E-4	-9.339010E-1	0.000000E+0	0.000000E+0
-1.140000E-1	4.623440E-3	2.460500E-4	-9.291890E-1	0.000000E+0	0.000000E+0
-1.135000E-1	4.619630E-3	2.536790E-4	-9.251865E-1	0.000000E+0	0.000000E+0
-1.130000E-1	4.619630E-3	2.403270E-4	-9.213079E-1	0.000000E+0	0.000000E+0
-1.125000E-1	4.636790E-3	2.422340E-4	-9.170232E-1	0.000000E+0	0.000000E+0
-1.120000E-1	4.629160E-3	2.555870E-4	-9.129837E-1	0.000000E+0	0.000000E+0
-1.115000E-1	4.613910E-3	2.479570E-4	-9.092670E-1	0.000000E+0	0.000000E+0
-1.110000E-1	4.625350E-3	2.422340E-4	-9.051479E-1	0.000000E+0	0.000000E+0
-1.105000E-1	4.632980E-3	2.613090E-4	-9.008595E-1	0.000000E+0	0.000000E+0
-1.100000E-1	4.619630E-3	2.689380E-4	-8.968950E-1	0.000000E+0	0.000000E+0
-1.095000E-1	4.615810E-3	2.517720E-4	-8.930783E-1	0.000000E+0	0.000000E+0
-1.090000E-1	4.632980E-3	2.498650E-4	-8.884727E-1	0.000000E+0	0.000000E+0
-1.085000E-1	4.632980E-3	2.708450E-4	-8.843241E-1	0.000000E+0	0.000000E+0
-1.080000E-1	4.610090E-3	2.765670E-4	-8.803103E-1	0.000000E+0	0.000000E+0
-1.075000E-1	4.598650E-3	2.498650E-4	-8.766261E-1	0.000000E+0	0.000000E+0
-1.070000E-1	4.613910E-3	2.326970E-4	-8.724394E-1	0.000000E+0	0.000000E+0
-1.065000E-1	4.619630E-3	2.441420E-4	-8.682389E-1	0.000000E+0	0.000000E+0
-1.060000E-1	4.606280E-3	2.613090E-4	-8.643992E-1	0.000000E+0	0.000000E+0
-1.055000E-1	4.613910E-3	2.784750E-4	-8.603847E-1	0.000000E+0	0.000000E+0
-1.050000E-1	4.629160E-3	2.498650E-4	-8.559271E-1	0.000000E+0	0.000000E+0
-1.045000E-1	4.619630E-3	2.174390E-4	-8.521437E-1	0.000000E+0	0.000000E+0
-1.040000E-1	4.619630E-3	2.346050E-4	-8.479248E-1	0.000000E+0	0.000000E+0
-1.035000E-1	4.638700E-3	2.670310E-4	-8.436577E-1	0.000000E+0	0.000000E+0
-1.030000E-1	4.665400E-3	2.632160E-4	-8.393702E-1	0.000000E+0	0.000000E+0
-1.025000E-1	4.657780E-3	2.250680E-4	-8.355462E-1	0.000000E+0	0.000000E+0
-1.020000E-1	4.621540E-3	2.136240E-4	-8.319081E-1	0.000000E+0	0.000000E+0
-1.015000E-1	4.602460E-3	2.460500E-4	-8.278428E-1	0.000000E+0	0.000000E+0
-1.010000E-1	4.610090E-3	2.880120E-4	-8.235942E-1	0.000000E+0	0.000000E+0
-1.005000E-1	4.632980E-3	2.956410E-4	-8.194871E-1	0.000000E+0	0.000000E+0
-1.000000E-1	4.619630E-3	2.727530E-4	-8.156557E-1	5.538740E-1	6.642655E+0
-9.950000E-2	4.600550E-3	2.498650E-4	-8.113359E-1	0.000000E+0	0.000000E+0
-9.900000E-2	4.581480E-3	2.422340E-4	-8.073315E-1	0.000000E+0	0.000000E+0
-9.850000E-2	4.583390E-3	2.574940E-4	-8.033133E-1	0.000000E+0	0.000000E+0
-9.800000E-2	4.619630E-3	2.422340E-4	-7.988926E-1	0.000000E+0	0.000000E+0
-9.750000E-2	4.640610E-3	2.155310E-4	-7.949910E-1	0.000000E+0	0.000000E+0
-9.700000E-2	4.625350E-3	2.269750E-4	-7.912464E-1	0.000000E+0	0.000000E+0
-9.650000E-2	4.623440E-3	2.574940E-4	-7.867740E-1	0.000000E+0	0.000000E+0
-9.600000E-2	4.629160E-3	2.422340E-4	-7.828853E-1	0.000000E+0	0.000000E+0
-9.550000E-2	4.606280E-3	2.212530E-4	-7.791122E-1	0.000000E+0	0.000000E+0
-9.500000E-2	4.587200E-3	2.403270E-4	-7.751040E-1	0.000000E+0	0.000000E+0
-9.450000E-2	4.604370E-3	2.651230E-4	-7.704568E-1	0.000000E+0	0.000000E+0
-9.400000E-2	4.617720E-3	2.536790E-4	-7.667633E-1	0.000000E+0	0.000000E+0
-9.350000E-2	4.612000E-3	2.613090E-4	-7.628162E-1	0.000000E+0	0.000000E+0
-9.300000E-2	4.612000E-3	2.784750E-4	-7.582975E-1	0.000000E+0	0.000000E+0
-9.250000E-2	4.629160E-3	2.632160E-4	-7.542968E-1	0.000000E+0	0.000000E+0
-9.200000E-2	4.619630E-3	2.479570E-4	-7.503729E-1	0.000000E+0	0.000000E+0
-9.150000E-2	4.631070E-3	2.460500E-4	-7.461355E-1	0.000000E+0	0.000000E+0
-9.100000E-2	4.621540E-3	2.269750E-4	-7.422708E-1	0.000000E+0	0.000000E+0
-9.050000E-2	4.598650E-3	2.231610E-4	-7.384689E-1	0.000000E+0	0.000000E+0
-9.000000E-2	4.608180E-3	2.288830E-4	-7.343045E-1	0.000000E+0	0.000000E+0
-8.950000E-2	4.606280E-3	2.155310E-4	-7.300236E-1	0.000000E+0	0.000000E+0
-8.900000E-2	4.594830E-3	2.193460E-4	-7.262088E-1	0.000000E+0	0.000000E+0
-8.850000E-2	4.627260E-3	2.212530E-4	-7.221961E-1	0.000000E+0	0.000000E+0
-8.800000E-2	4.674940E-3	2.079020E-4	-7.173352E-1	0.000000E+0	0.000000E+0
-8.750000E-2	4.701640E-3	1.792920E-4	-7.138728E-1	0.000000E+0	0.000000E+0
-8.700000E-2	4.690200E-3	1.564040E-4	-7.096039E-1	0.000000E+0	0.000000E+0
-8.650000E-2	4.652050E-3	1.659400E-4	-7.059233E-1	0.000000E+0	0.000000E+0
-8.600000E-2	4.646330E-3	2.098090E-4	-7.015970E-1	0.000000E+0	0.000000E+0
-8.550000E-2	4.659680E-3	2.403270E-4	-6.976038E-1	0.000000E+0	0.000000E+0
-8.500000E-2	4.661590E-3	2.212530E-4	-6.934698E-1	0.000000E+0	0.000000E+0
-8.450000E-2	4.638700E-3	1.926430E-4	-6.892139E-1	0.000000E+0	0.000000E+0
-8.400000E-2	4.610090E-3	2.098090E-4	-6.850920E-1	0.000000E+0	0.000000E+0
-8.350000E-2	4.615810E-3	2.384200E-4	-6.808073E-1	0.000000E+0	0.000000E+0
-8.300000E-2	4.604370E-3	2.346050E-4	-6.771452E-1	0.000000E+0	0.000000E+0
-8.250000E-2	4.591020E-3	2.384200E-4	-6.734025E-1	0.000000E+0	0.000000E+0
-8.200000E-2	4.617720E-3	2.403270E-4	-6.687313E-1	0.000000E+0	0.000000E+0
-8.150000E-2	4.632980E-3	2.212530E-4	-6.651043E-1	0.000000E+0	0.000000E+0
-8.100000E-2	4.629160E-3	2.250680E-4	-6.613348E-1	0.000000E+0	0.000000E+0
-8.050000E-2	4.655870E-3	2.250680E-4	-6.568152E-1	0.000000E+0	0.000000E+0
-8.000000E-2	4.684480E-3	2.193460E-4	-6.515585E-1	0.000000E+0	0.000000E+0
-7.950000E-2	4.659680E-3	2.231610E-4	-6.476780E-1	0.000000E+0	0.000000E+0
-7.900000E-2	4.632980E-3	2.498650E-4	-6.434562E-1	0.000000E+0	0.000000E+0
-7.850000E-2	4.642520E-3	2.689380E-4	-6.394796E-1	0.000000E+0	0.000000E+0
-7.800000E-2	4.659680E-3	2.517720E-4	-6.351663E-1	0.000000E+0	0.000000E+0
-7.750000E-2	4.638700E-3	2.365120E-4	-6.313377E-1	0.000000E+0	0.000000E+0
-7.700000E-2	4.627260E-3	2.555870E-4	-6.271454E-1	0.000000E+0	0.000000E+0
-7.650000E-2	4.638700E-3	2.670310E-4	-6.231253E-1	0.000000E+0	0.000000E+0
-7.600000E-2	4.621540E-3	2.517720E-4	-6.192126E-1	0.000000E+0	0.000000E+0
-7.550000E-2	4.600550E-3	2.536790E-4	-6.150463E-1	0.000000E+0	0.000000E+0
-7.500000E-2	4.615810E-3	2.498650E-4	-6.105295E-1	0.000000E+0	0.000000E+0
-7.450000E-2	4.613910E-3	2.365120E-4	-6.068387E-1	0.000000E+0	0.000000E+0
-7.400000E-2	4.623440E-3	2.498650E-4	-6.026049E-1	0.000000E+0	0.000000E+0
-7.350000E-2	4.646330E-3	2.517720E-4	-5.983943E-1	0.000000E+0	0.000000E+0
-7.300000E-2	4.640610E-3	2.479570E-4	-5.946128E-1	0.000000E+0	0.000000E+0
-7.250000E-2	4.644420E-3	2.536790E-4	-5.900737E-1	0.000000E+0	0.000000E+0
-7.200000E-2	4.644420E-3	2.384200E-4	-5.864061E-1	0.000000E+0	0.000000E+0
-7.150000E-2	4.629160E-3	2.479570E-4	-5.821279E-1	0.000000E+0	0.000000E+0
-7.100000E-2	4.632980E-3	2.498650E-4	-5.779940E-1	0.000000E+0	0.000000E+0
-7.050000E-2	4.617720E-3	2.479570E-4	-5.741543E-1	0.000000E+0	0.000000E+0
-7.000000E-2	4.621540E-3	2.651230E-4	-5.696291E-1	0.000000E+0	0.000000E+0
-6.950000E-2	4.640610E-3	2.613090E-4	-5.655008E-1	0.000000E+0	0.000000E+0
-6.900000E-2	4.634890E-3	2.479570E-4	-5.616638E-1	0.000000E+0	0.000000E+0
-6.850000E-2	4.640610E-3	2.498650E-4	-5.573154E-1	0.000000E+0	0.000000E+0
-6.800000E-2	4.640610E-3	2.250680E-4	-5.534802E-1	0.000000E+0	0.000000E+0
-6.750000E-2	4.619630E-3	2.079020E-4	-5.496544E-1	0.000000E+0	0.000000E+0
-6.700000E-2	4.592930E-3	2.365120E-4	-5.456500E-1	0.000000E+0	0.000000E+0
-6.650000E-2	4.594830E-3	2.727530E-4	-5.413663E-1	0.000000E+0	0.000000E+0
-6.600000E-2	4.619630E-3	2.536790E-4	-5.372342E-1	0.000000E+0	0.000000E+0
-6.550000E-2	4.625350E-3	2.250680E-4	-5.335776E-1	0.000000E+0	0.000000E+0
-6.500000E-2	4.623440E-3	2.269750E-4	-5.289156E-1	0.000000E+0	0.000000E+0
-6.450000E-2	4.615810E-3	2.098090E-4	-5.250740E-1	0.000000E+0	0.000000E+0
-6.400000E-2	4.583390E-3	2.098090E-4	-5.210419E-1	0.000000E+0	0.000000E+0
-6.350000E-2	4.564320E-3	2.365120E-4	-5.171106E-1	0.000000E+0	0.000000E+0
-6.300000E-2	4.585300E-3	2.670310E-4	-5.132439E-1	0.000000E+0	0.000000E+0
-6.250000E-2	4.631070E-3	2.632160E-4	-5.086337E-1	0.000000E+0	0.000000E+0
-6.200000E-2	4.646330E-3	2.250680E-4	-5.048088E-1	0.000000E+0	0.000000E+0
-6.150000E-2	4.613910E-3	2.021800E-4	-5.008174E-1	0.000000E+0	0.000000E+0
-6.100000E-2	4.577670E-3	2.098090E-4	-4.970035E-1	0.000000E+0	0.000000E+0
-6.050000E-2	4.579570E-3	2.365120E-4	-4.927976E-1	0.000000E+0	0.000000E+0
-6.000000E-2	4.606280E-3	2.307900E-4	-4.883389E-1	0.000000E+0	0.000000E+0
-5.950000E-2	4.608180E-3	2.136240E-4	-4.842310E-1	0.000000E+0	0.000000E+0
-5.900000E-2	4.617720E-3	2.269750E-4	-4.801619E-1	0.000000E+0	0.000000E+0
-5.850000E-2	4.636790E-3	2.136240E-4	-4.757302E-1	0.000000E+0	0.000000E+0
-5.800000E-2	4.644420E-3	1.792920E-4	-4.716684E-1	0.000000E+0	0.000000E+0
-5.750000E-2	4.627260E-3	1.678480E-4	-4.679480E-1	0.000000E+0	0.000000E+0
-5.700000E-2	4.631070E-3	1.945500E-4	-4.635598E-1	0.000000E+0	0.000000E+0
-5.650000E-2	4.632980E-3	1.964580E-4	-4.596876E-1	0.000000E+0	0.000000E+0
-5.600000E-2	4.612000E-3	2.002730E-4	-4.558414E-1	0.000000E+0	0.000000E+0
-5.550000E-2	4.600550E-3	2.288830E-4	-4.512913E-1	0.000000E+0	0.000000E+0
-5.500000E-2	4.615810E-3	2.346050E-4	-4.472388E-1	0.000000E+0	0.000000E+0
-5.450000E-2	4.600550E-3	2.346050E-4	-4.434953E-1	0.000000E+0	0.000000E+0
-5.400000E-2	4.581480E-3	2.517720E-4	-4.394530E-1	0.000000E+0	0.000000E+0
-5.350000E-2	4.594830E-3	2.746600E-4	-4.354967E-1	0.000000E+0	0.000000E+0
-5.300000E-2	4.634890E-3	2.784750E-4	-4.308309E-1	0.000000E+0	0.000000E+0
-5.250000E-2	4.667310E-3	2.536790E-4	-4.269699E-1	0.000000E+0	0.000000E+0
-5.200000E-2	4.655870E-3	2.403270E-4	-4.232005E-1	0.000000E+0	0.000000E+0
-5.150000E-2	4.648240E-3	2.536790E-4	-4.190629E-1	0.000000E+0	0.000000E+0
-5.100000E-2	4.669220E-3	2.498650E-4	-4.149392E-1	0.000000E+0	0.000000E+0
-5.050000E-2	4.674940E-3	2.117170E-4	-4.104233E-1	0.000000E+0	0.000000E+0
-5.000000E-2	4.659680E-3	1.850140E-4	-4.066770E-1	5.544340E-1	6.689942E+0
-4.950000E-2	4.625350E-3	2.365120E-4	-4.026939E-1	0.000000E+0	0.000000E+0
-4.900000E-2	4.619630E-3	2.212530E-4	-3.990225E-1	0.000000E+0	0.000000E+0
-4.850000E-2	4.636790E-3	2.212530E-4	-3.944335E-1	0.000000E+0	0.000000E+0
-4.800000E-2	4.652050E-3	2.098090E-4	-3.905966E-1	0.000000E+0	0.000000E+0
-4.750000E-2	4.646330E-3	2.231610E-4	-3.864192E-1	0.000000E+0	0.000000E+0
-4.700000E-2	4.650150E-3	2.288830E-4	-3.823075E-1	0.000000E+0	0.000000E+0
-4.650000E-2	4.632980E-3	2.288830E-4	-3.785862E-1	0.000000E+0	0.000000E+0
-4.600000E-2	4.632980E-3	2.460500E-4	-3.743691E-1	0.000000E+0	0.000000E+0
-4.550000E-2	4.646330E-3	2.269750E-4	-3.700243E-1	0.000000E+0	0.000000E+0
-4.500000E-2	4.642520E-3	1.926430E-4	-3.657988E-1	0.000000E+0	0.000000E+0
-4.450000E-2	4.619630E-3	1.869210E-4	-3.622347E-1	0.000000E+0	0.000000E+0
-4.400000E-2	4.631070E-3	2.117170E-4	-3.576781E-1	0.000000E+0	0.000000E+0
-4.350000E-2	4.663500E-3	2.117170E-4	-3.534536E-1	0.000000E+0	0.000000E+0
-4.300000E-2	4.663500E-3	1.945500E-4	-3.495584E-1	0.000000E+0	0.000000E+0
-4.250000E-2	4.632980E-3	2.040870E-4	-3.456622E-1	0.000000E+0	0.000000E+0
-4.200000E-2	4.619630E-3	2.326970E-4	-3.412833E-1	0.000000E+0	0.000000E+0
-4.150000E-2	4.627260E-3	2.307900E-4	-3.374176E-1	0.000000E+0	0.000000E+0
-4.100000E-2	4.612000E-3	2.403270E-4	-3.332726E-1	0.000000E+0	0.000000E+0
-4.050000E-2	4.615810E-3	2.632160E-4	-3.288474E-1	0.000000E+0	0.000000E+0
-4.000000E-2	4.627260E-3	2.460500E-4	-3.248023E-1	0.000000E+0	0.000000E+0
-3.950000E-2	4.617720E-3	2.231610E-4	-3.209653E-1	0.000000E+0	0.000000E+0
-3.900000E-2	4.619630E-3	2.288830E-4	-3.165558E-1	0.000000E+0	0.000000E+0
-3.850000E-2	4.627260E-3	2.117170E-4	-3.125385E-1	0.000000E+0	0.000000E+0
-3.800000E-2	4.619630E-3	2.002730E-4	-3.089707E-1	0.000000E+0	0.000000E+0
-3.750000E-2	4.632980E-3	2.250680E-4	-3.045713E-1	0.000000E+0	0.000000E+0
-3.700000E-2	4.663500E-3	2.288830E-4	-3.003764E-1	0.000000E+0	0.000000E+0
-3.650000E-2	4.665400E-3	2.136240E-4	-2.965006E-1	0.000000E+0	0.000000E+0
-3.600000E-2	4.648240E-3	2.326970E-4	-2.924333E-1	0.000000E+0	0.000000E+0
-3.550000E-2	4.655870E-3	2.670310E-4	-2.880857E-1	0.000000E+0	0.000000E+0
-3.500000E-2	4.682570E-3	2.784750E-4	-2.837585E-1	0.000000E+0	0.000000E+0
-3.450000E-2	4.695920E-3	2.498650E-4	-2.797662E-1	0.000000E+0	0.000000E+0
-3.400000E-2	4.676850E-3	2.193460E-4	-2.761753E-1	0.000000E+0	0.000000E+0
-3.350000E-2	4.669220E-3	2.365120E-4	-2.719007E-1	0.000000E+0	0.000000E+0
-3.300000E-2	4.678760E-3	2.479570E-4	-2.676272E-1	0.000000E+0	0.000000E+0
-3.250000E-2	4.659680E-3	2.422340E-4	-2.639845E-1	0.000000E+0	0.000000E+0
-3.200000E-2	4.653960E-3	2.613090E-4	-2.596333E-1	0.000000E+0	0.000000E+0
-3.150000E-2	4.676850E-3	2.613090E-4	-2.552478E-1	0.000000E+0	0.000000E+0
-3.100000E-2	4.680660E-3	2.365120E-4	-2.512508E-1	0.000000E+0	0.000000E+0
-3.050000E-2	4.655870E-3	2.346050E-4	-2.472076E-1	0.000000E+0	0.000000E+0
-3.000000E-2	4.659680E-3	2.441420E-4	-2.431180E-1	0.000000E+0	0.000000E+0
-2.950000E-2	4.655870E-3	2.346050E-4	-2.390906E-1	0.000000E+0	0.000000E+0
-2.900000E-2	4.636790E-3	2.422340E-4	-2.352916E-1	0.000000E+0	0.000000E+0
-2.850000E-2	4.652050E-3	2.613090E-4	-2.307608E-1	0.000000E+0	0.000000E+0
-2.800000E-2	4.676850E-3	2.441420E-4	-2.267010E-1	0.000000E+0	0.000000E+0
-2.750000E-2	4.661590E-3	2.155310E-4	-2.229620E-1	0.000000E+0	0.000000E+0
-2.700000E-2	4.632980E-3	2.193460E-4	-2.187430E-1	0.000000E+0	0.000000E+0
-2.650000E-2	4.640610E-3	2.288830E-4	-2.144741E-1	0.000000E+0	0.000000E+0
-2.600000E-2	4.642520E-3	2.212530E-4	-2.104577E-1	0.000000E+0	0.000000E+0
-2.550000E-2	4.631070E-3	2.307900E-4	-2.061018E-1	0.000000E+0	0.000000E+0
-2.500000E-2	4.632980E-3	2.231610E-4	-2.021474E-1	0.000000E+0	0.000000E+0
-2.450000E-2	4.621540E-3	2.288830E-4	-1.982124E-1	0.000000E+0	0.000000E+0
-2.400000E-2	4.636790E-3	2.346050E-4	-1.939231E-1	0.000000E+0	0.000000E+0
-2.350000E-2	4.634890E-3	2.250680E-4	-1.902665E-1	0.000000E+0	0.000000E+0
-2.300000E-2	4.636790E-3	2.441420E-4	-1.860586E-1	0.000000E+0	0.000000E+0
-2.250000E-2	4.642520E-3	2.403270E-4	-1.822374E-1	0.000000E+0	0.000000E+0
-2.200000E-2	4.625350E-3	2.498650E-4	-1.783182E-1	0.000000E+0	0.000000E+0
-2.150000E-2	4.625350E-3	2.670310E-4	-1.739262E-1	0.000000E+0	0.000000E+0
-2.100000E-2	4.636790E-3	2.479570E-4	-1.698043E-1	0.000000E+0	0.000000E+0
-2.050000E-2	4.625350E-3	2.117170E-4	-1.657029E-1	0.000000E+0	0.000000E+0
-2.000000E-2	4.606280E-3	1.983650E-4	-1.617632E-1	0.000000E+0	0.000000E+0
-1.950000E-2	4.617720E-3	2.155310E-4	-1.574286E-1	0.000000E+0	0.000000E+0
-1.900000E-2	4.629160E-3	2.059950E-4	-1.535297E-1	0.000000E+0	0.000000E+0
-1.850000E-2	4.612000E-3	2.040870E-4	-1.496196E-1	0.000000E+0	0.000000E+0
-1.800000E-2	4.602460E-3	2.365120E-4	-1.455810E-1	0.000000E+0	0.000000E+0
-1.750000E-2	4.631070E-3	2.632160E-4	-1.412409E-1	0.000000E+0	0.000000E+0
-1.700000E-2	4.652050E-3	2.517720E-4	-1.374067E-1	0.000000E+0	0.000000E+0
-1.650000E-2	4.652050E-3	2.651230E-4	-1.329777E-1	0.000000E+0	0.000000E+0
-1.600000E-2	4.663500E-3	2.746600E-4	-1.285812E-1	0.000000E+0	0.000000E+0
-1.550000E-2	4.655870E-3	2.555870E-4	-1.249421E-1	0.000000E+0	0.000000E+0
-1.500000E-2	4.648240E-3	2.632160E-4	-1.207869E-1	0.000000E+0	0.000000E+0
-1.450000E-2	4.661590E-3	2.651230E-4	-1.165218E-1	0.000000E+0	0.000000E+0
-1.400000E-2	4.653960E-3	2.441420E-4	-1.128458E-1	0.000000E+0	0.000000E+0
-1.350000E-2	4.648240E-3	2.479570E-4	-1.084769E-1	0.000000E+0	0.000000E+0
-1.300000E-2	4.659680E-3	2.365120E-4	-1.045595E-1	0.000000E+0	0.000000E+0
-1.250000E-2	4.642520E-3	2.326970E-4	-1.006939E-1	0.000000E+0	0.000000E+0
-1.200000E-2	4.642520E-3	2.422340E-4	-9.625875E-2	0.000000E+0	0.000000E+0
-1.150000E-2	4.650150E-3	2.307900E-4	-9.202047E-2	0.000000E+0	0.000000E+0
-1.100000E-2	4.632980E-3	2.384200E-4	-8.819359E-2	0.000000E+0	0.000000E+0
-1.050000E-2	4.634890E-3	2.651230E-4	-8.376045E-2	0.000000E+0	0.000000E+0
-1.000000E-2	4.655870E-3	2.651230E-4	-7.980025E-2	0.000000E+0	0.000000E+0
-9.500000E-3	4.650150E-3	2.422340E-4	-7.596635E-2	0.000000E+0	0.000000E+0
-9.000000E-3	4.646330E-3	2.498650E-4	-7.161753E-2	0.000000E+0	0.000000E+0
-8.500000E-3	4.653960E-3	2.479570E-4	-6.750034E-2	0.000000E+0	0.000000E+0
-8.000000E-3	4.648240E-3	2.326970E-4	-6.361116E-2	0.000000E+0	0.000000E+0
-7.500000E-3	4.663500E-3	2.288830E-4	-5.931076E-2	0.000000E+0	0.000000E+0
-7.000000E-3	4.665400E-3	2.136240E-4	-5.559238E-2	0.000000E+0	0.000000E+0
-6.500000E-3	4.646330E-3	2.174390E-4	-5.133105E-2	0.000000E+0	0.000000E+0
-6.000000E-3	4.663500E-3	2.212530E-4	-4.701565E-2	0.000000E+0	0.000000E+0
-5.500000E-3	4.694010E-3	2.098090E-4	-4.270100E-2	0.000000E+0	0.000000E+0
-5.000000E-3	4.688290E-3	1.888280E-4	-3.902632E-2	0.000000E+0	0.000000E+0
-4.500000E-3	4.642520E-3	1.869210E-4	-3.519703E-2	0.000000E+0	0.000000E+0
-4.000000E-3	4.600550E-3	2.098090E-4	-3.094365E-2	0.000000E+0	0.000000E+0
-3.500000E-3	4.610090E-3	2.288830E-4	-2.667593E-2	0.000000E+0	0.000000E+0
-3.000000E-3	4.634890E-3	2.193460E-4	-2.304940E-2	0.000000E+0	0.000000E+0
-2.500000E-3	4.671130E-3	2.365120E-4	-1.906301E-2	0.000000E+0	0.000000E+0
-2.000000E-3	4.709270E-3	2.555870E-4	-1.449192E-2	0.000000E+0	0.000000E+0
-1.500000E-3	4.724530E-3	2.460500E-4	-1.017819E-2	0.000000E+0	0.000000E+0
-1.000000E-3	4.695920E-3	2.307900E-4	-6.339842E-3	0.000000E+0	0.000000E+0
-5.000000E-4	4.680660E-3	2.403270E-4	-2.171914E-3	0.000000E+0	0.000000E+0
0.000000E+0	4.669220E-3	2.288830E-4	2.263651E-3	5.515530E-1	6.451145E+0
5.000000E-4	4.642520E-3	2.346050E-4	5.880193E-3	0.000000E+0	0.000000E+0
1.000000E-3	4.673030E-3	2.117170E-4	1.061810E-2	0.000000E+0	0.000000E+0
1.500000E-3	4.686390E-3	1.869210E-4	1.441276E-2	0.000000E+0	0.000000E+0
2.000000E-3	4.663500E-3	2.079020E-4	1.809847E-2	0.000000E+0	0.000000E+0
2.500000E-3	4.659680E-3	2.384200E-4	2.214233E-2	0.000000E+0	0.000000E+0
3.000000E-3	4.659680E-3	2.326970E-4	2.661567E-2	0.000000E+0	0.000000E+0
3.500000E-3	4.636790E-3	2.231610E-4	3.031998E-2	0.000000E+0	0.000000E+0
4.000000E-3	4.634890E-3	2.422340E-4	3.437385E-2	0.000000E+0	0.000000E+0
4.500000E-3	4.667310E-3	2.422340E-4	3.868360E-2	0.000000E+0	0.000000E+0
5.000000E-3	4.676850E-3	2.117170E-4	4.283300E-2	0.000000E+0	0.000000E+0
5.500000E-3	4.648240E-3	1.964580E-4	4.674616E-2	0.000000E+0	0.000000E+0
6.000000E-3	4.623440E-3	2.346050E-4	5.092454E-2	0.000000E+0	0.000000E+0
6.500000E-3	4.619630E-3	2.880120E-4	5.478790E-2	0.000000E+0	0.000000E+0
7.000000E-3	4.636790E-3	3.242510E-4	5.883130E-2	0.000000E+0	0.000000E+0
7.500000E-3	4.671130E-3	3.070850E-4	6.337388E-2	0.000000E+0	0.000000E+0
8.000000E-3	4.665400E-3	2.479570E-4	6.762763E-2	0.000000E+0	0.000000E+0
8.500000E-3	4.632980E-3	2.098090E-4	7.149820E-2	0.000000E+0	0.000000E+0
9.000000E-3	4.623440E-3	2.212530E-4	7.554883E-2	0.000000E+0	0.000000E+0
9.500000E-3	4.652050E-3	2.155310E-4	7.984858E-2	0.000000E+0	0.000000E+0
1.000000E-2	4.653960E-3	1.945500E-4	8.391318E-2	0.000000E+0	0.000000E+0
1.050000E-2	4.625350E-3	2.002730E-4	8.775478E-2	0.000000E+0	0.000000E+0
1.100000E-2	4.619630E-3	2.384200E-4	9.177506E-2	0.000000E+0	0.000000E+0
1.150000E-2	4.657780E-3	2.632160E-4	9.590974E-2	0.000000E+0	0.000000E+0
1.200000E-2	4.699740E-3	2.555870E-4	1.005087E-1	0.000000E+0	0.000000E+0
1.250000E-2	4.705460E-3	2.193460E-4	1.044434E-1	0.000000E+0	0.000000E+0
1.300000E-2	4.669220E-3	2.059950E-4	1.085709E-1	0.000000E+0	0.000000E+0
1.350000E-2	4.648240E-3	2.346050E-4	1.124940E-1	0.000000E+0	0.000000E+0
1.400000E-2	4.663500E-3	2.670310E-4	1.167790E-1	0.000000E+0	0.000000E+0
1.450000E-2	4.682570E-3	2.536790E-4	1.211779E-1	0.000000E+0	0.000000E+0
1.500000E-2	4.663500E-3	2.193460E-4	1.251212E-1	0.000000E+0	0.000000E+0
1.550000E-2	4.625350E-3	2.098090E-4	1.290192E-1	0.000000E+0	0.000000E+0
1.600000E-2	4.610090E-3	2.441420E-4	1.332465E-1	0.000000E+0	0.000000E+0
1.650000E-2	4.634890E-3	2.727530E-4	1.376357E-1	0.000000E+0	0.000000E+0
1.700000E-2	4.652050E-3	2.613090E-4	1.412026E-1	0.000000E+0	0.000000E+0
1.750000E-2	4.646330E-3	2.670310E-4	1.452236E-1	0.000000E+0	0.000000E+0
1.800000E-2	4.659680E-3	2.803820E-4	1.496905E-1	0.000000E+0	0.000000E+0
1.850000E-2	4.682570E-3	2.613090E-4	1.540149E-1	0.000000E+0	0.000000E+0
1.900000E-2	4.673030E-3	2.231610E-4	1.579397E-1	0.000000E+0	0.000000E+0
1.950000E-2	4.638700E-3	2.212530E-4	1.618220E-1	0.000000E+0	0.000000E+0
2.000000E-2	4.631070E-3	2.517720E-4	1.657024E-1	0.000000E+0	0.000000E+0
2.050000E-2	4.663500E-3	2.708450E-4	1.698187E-1	0.000000E+0	0.000000E+0
2.100000E-2	4.705460E-3	2.632160E-4	1.741616E-1	0.000000E+0	0.000000E+0
2.150000E-2	4.709270E-3	2.269750E-4	1.783288E-1	0.000000E+0	0.000000E+0
2.200000E-2	4.669220E-3	2.117170E-4	1.821621E-1	0.000000E+0	0.000000E+0
2.250000E-2	4.632980E-3	2.403270E-4	1.861693E-1	0.000000E+0	0.000000E+0
2.300000E-2	4.615810E-3	2.880120E-4	1.904715E-1	0.000000E+0	0.000000E+0
2.350000E-2	4.625350E-3	3.280660E-4	1.944657E-1	0.000000E+0	0.000000E+0
2.400000E-2	4.652050E-3	3.528610E-4	1.984460E-1	0.000000E+0	0.000000E+0
2.450000E-2	4.686390E-3	3.528610E-4	2.029990E-1	0.000000E+0	0.000000E+0
2.500000E-2	4.705460E-3	3.128070E-4	2.069691E-1	0.000000E+0	0.000000E+0
2.550000E-2	4.678760E-3	2.784750E-4	2.108440E-1	0.000000E+0	0.000000E+0
2.600000E-2	4.646330E-3	2.880120E-4	2.148873E-1	0.000000E+0	0.000000E+0
2.650000E-2	4.640610E-3	3.128070E-4	2.189730E-1	0.000000E+0	0.000000E+0
2.700000E-2	4.673030E-3	3.070850E-4	2.234640E-1	0.000000E+0	0.000000E+0
2.750000E-2	4.695920E-3	2.594010E-4	2.280076E-1	0.000000E+0	0.000000E+0
2.800000E-2	4.686390E-3	2.136240E-4	2.319962E-1	0.000000E+0	0.000000E+0
2.850000E-2	4.653960E-3	2.250680E-4	2.360201E-1	0.000000E+0	0.000000E+0
2.900000E-2	4.634890E-3	2.613090E-4	2.398922E-1	0.000000E+0	0.000000E+0
2.950000E-2	4.657780E-3	2.651230E-4	2.443711E-1	0.000000E+0	0.000000E+0
3.000000E-2	4.667310E-3	2.326970E-4	2.484957E-1	0.000000E+0	0.000000E+0
3.050000E-2	4.650150E-3	1.907360E-4	2.526962E-1	0.000000E+0	0.000000E+0
3.100000E-2	4.615810E-3	1.697550E-4	2.566654E-1	0.000000E+0	0.000000E+0
3.150000E-2	4.591020E-3	1.926430E-4	2.603775E-1	0.000000E+0	0.000000E+0
3.200000E-2	4.610090E-3	2.365120E-4	2.645216E-1	0.000000E+0	0.000000E+0
3.250000E-2	4.657780E-3	2.460500E-4	2.692197E-1	0.000000E+0	0.000000E+0
3.300000E-2	4.671130E-3	2.193460E-4	2.733776E-1	0.000000E+0	0.000000E+0
3.350000E-2	4.644420E-3	2.117170E-4	2.772525E-1	0.000000E+0	0.000000E+0
3.400000E-2	4.631070E-3	2.422340E-4	2.811376E-1	0.000000E+0	0.000000E+0
3.450000E-2	4.659680E-3	2.632160E-4	2.850412E-1	0.000000E+0	0.000000E+0
3.500000E-2	4.697830E-3	2.365120E-4	2.892139E-1	0.000000E+0	0.000000E+0
3.550000E-2	4.707370E-3	1.945500E-4	2.935531E-1	0.000000E+0	0.000000E+0
3.600000E-2	4.674940E-3	1.792920E-4	2.973188E-1	0.000000E+0	0.000000E+0
3.650000E-2	4.652050E-3	2.059950E-4	3.014397E-1	0.000000E+0	0.000000E+0
3.700000E-2	4.669220E-3	2.136240E-4	3.057023E-1	0.000000E+0	0.000000E+0
3.750000E-2	4.692110E-3	1.888280E-4	3.101376E-1	0.000000E+0	0.000000E+0
3.800000E-2	4.686390E-3	1.583110E-4	3.142512E-1	0.000000E+0	0.000000E+0
3.850000E-2	4.657780E-3	1.449590E-4	3.182269E-1	0.000000E+0	0.000000E+0
3.900000E-2	4.631070E-3	1.792920E-4	3.221073E-1	0.000000E+0	0.000000E+0
3.950000E-2	4.644420E-3	2.326970E-4	3.265788E-1	0.000000E+0	0.000000E+0
4.000000E-2	4.678760E-3	2.498650E-4	3.308190E-1	0.000000E+0	0.000000E+0
4.050000E-2	4.690200E-3	2.288830E-4	3.348327E-1	0.000000E+0	0.000000E+0
4.100000E-2	4.701640E-3	2.231610E-4	3.388685E-1	0.000000E+0	0.000000E+0
4.150000E-2	4.684480E-3	2.231610E-4	3.426149E-1	0.000000E+0	0.000000E+0
4.200000E-2	4.674940E-3	2.613090E-4	3.469143E-1	0.000000E+0	0.000000E+0
4.250000E-2	4.678760E-3	2.918260E-4	3.512859E-1	0.000000E+0	0.000000E+0
4.300000E-2	4.676850E-3	2.746600E-4	3.549036E-1	0.000000E+0	0.000000E+0
4.350000E-2	4.663500E-3	2.765670E-4	3.588303E-1	0.000000E+0	0.000000E+0
4.400000E-2	4.674940E-3	2.918260E-4	3.629911E-1	0.000000E+0	0.000000E+0
4.450000E-2	4.699740E-3	2.708450E-4	3.673876E-1	0.000000E+0	0.000000E+0
4.500000E-2	4.688290E-3	2.307900E-4	3.715742E-1	0.000000E+0	0.000000E+0
4.550000E-2	4.653960E-3	2.307900E-4	3.755380E-1	0.000000E+0	0.000000E+0
4.600000E-2	4.642520E-3	2.517720E-4	3.796144E-1	0.000000E+0	0.000000E+0
4.650000E-2	4.659680E-3	2.365120E-4	3.837178E-1	0.000000E+0	0.000000E+0
4.700000E-2	4.678760E-3	1.964580E-4	3.883910E-1	0.000000E+0	0.000000E+0
4.750000E-2	4.661590E-3	1.811990E-4	3.923602E-1	0.000000E+0	0.000000E+0
4.800000E-2	4.642520E-3	2.098090E-4	3.962351E-1	0.000000E+0	0.000000E+0
4.850000E-2	4.657780E-3	2.498650E-4	4.005216E-1	0.000000E+0	0.000000E+0
4.900000E-2	4.688290E-3	2.460500E-4	4.047831E-1	0.000000E+0	0.000000E+0
4.950000E-2	4.695920E-3	2.098090E-4	4.088624E-1	0.000000E+0	0.000000E+0
5.000000E-2	4.671130E-3	1.831060E-4	4.130037E-1	5.530580E-1	6.574510E+0
5.050000E-2	4.657780E-3	2.288830E-4	4.166890E-1	0.000000E+0	0.000000E+0
5.100000E-2	4.684480E-3	2.117170E-4	4.212881E-1	0.000000E+0	0.000000E+0
5.150000E-2	4.684480E-3	1.773840E-4	4.254470E-1	0.000000E+0	0.000000E+0
5.200000E-2	4.659680E-3	1.583110E-4	4.296207E-1	0.000000E+0	0.000000E+0
5.250000E-2	4.642520E-3	1.850140E-4	4.335279E-1	0.000000E+0	0.000000E+0
5.300000E-2	4.673030E-3	2.155310E-4	4.375952E-1	0.000000E+0	0.000000E+0
5.350000E-2	4.716900E-3	2.231610E-4	4.417771E-1	0.000000E+0	0.000000E+0
5.400000E-2	4.743610E-3	2.117170E-4	4.461386E-1	0.000000E+0	0.000000E+0
5.450000E-2	4.728350E-3	1.831060E-4	4.502975E-1	0.000000E+0	0.000000E+0
5.500000E-2	4.684480E-3	1.659400E-4	4.543008E-1	0.000000E+0	0.000000E+0
5.550000E-2	4.632980E-3	1.831060E-4	4.583885E-1	0.000000E+0	0.000000E+0
5.600000E-2	4.594830E-3	2.231610E-4	4.625262E-1	0.000000E+0	0.000000E+0
5.650000E-2	4.591020E-3	2.708450E-4	4.666618E-1	0.000000E+0	0.000000E+0
5.700000E-2	4.631070E-3	3.032700E-4	4.710048E-1	0.000000E+0	0.000000E+0
5.750000E-2	4.676850E-3	2.994560E-4	4.752016E-1	0.000000E+0	0.000000E+0
5.800000E-2	4.678760E-3	2.632160E-4	4.792984E-1	0.000000E+0	0.000000E+0
5.850000E-2	4.648240E-3	2.517720E-4	4.830800E-1	0.000000E+0	0.000000E+0
5.900000E-2	4.644420E-3	2.784750E-4	4.872638E-1	0.000000E+0	0.000000E+0
5.950000E-2	4.667310E-3	3.051780E-4	4.912145E-1	0.000000E+0	0.000000E+0
6.000000E-2	4.707370E-3	2.994560E-4	4.953826E-1	0.000000E+0	0.000000E+0
6.050000E-2	4.745510E-3	2.670310E-4	4.995109E-1	0.000000E+0	0.000000E+0
6.100000E-2	4.758860E-3	2.231610E-4	5.038538E-1	0.000000E+0	0.000000E+0
6.150000E-2	4.724530E-3	1.907360E-4	5.078656E-1	0.000000E+0	0.000000E+0
6.200000E-2	4.665400E-3	2.002730E-4	5.122196E-1	0.000000E+0	0.000000E+0
6.250000E-2	4.623440E-3	2.422340E-4	5.162703E-1	0.000000E+0	0.000000E+0
6.300000E-2	4.612000E-3	2.880120E-4	5.201738E-1	0.000000E+0	0.000000E+0
6.350000E-2	4.646330E-3	3.051780E-4	5.245232E-1	0.000000E+0	0.000000E+0
6.400000E-2	4.682570E-3	2.841970E-4	5.286951E-1	0.000000E+0	0.000000E+0
6.450000E-2	4.669220E-3	2.708450E-4	5.326781E-1	0.000000E+0	0.000000E+0
6.500000E-2	4.659680E-3	2.861040E-4	5.365762E-1	0.000000E+0	0.000000E+0
6.550000E-2	4.688290E-3	2.899190E-4	5.408747E-1	0.000000E+0	0.000000E+0
6.600000E-2	4.718810E-3	2.555870E-4	5.450927E-1	0.000000E+0	0.000000E+0
6.650000E-2	4.730250E-3	2.059950E-4	5.491776E-1	0.000000E+0	0.000000E+0
6.700000E-2	4.722630E-3	1.583110E-4	5.537037E-1	0.000000E+0	0.000000E+0
6.750000E-2	4.695920E-3	1.373300E-4	5.579264E-1	0.000000E+0	0.000000E+0
6.800000E-2	4.653960E-3	1.564040E-4	5.619955E-1	0.000000E+0	0.000000E+0
6.850000E-2	4.617720E-3	1.964580E-4	5.658371E-1	0.000000E+0	0.000000E+0
6.900000E-2	4.617720E-3	2.498650E-4	5.699396E-1	0.000000E+0	0.000000E+0
6.950000E-2	4.652050E-3	2.861040E-4	5.741020E-1	0.000000E+0	0.000000E+0
7.000000E-2	4.699740E-3	2.765670E-4	5.782646E-1	0.000000E+0	0.000000E+0
7.050000E-2	4.732160E-3	2.346050E-4	5.825835E-1	0.000000E+0	0.000000E+0
7.100000E-2	4.722630E-3	1.869210E-4	5.868414E-1	0.000000E+0	0.000000E+0
7.150000E-2	4.686390E-3	1.621260E-4	5.910049E-1	0.000000E+0	0.000000E+0
7.200000E-2	4.646330E-3	1.850140E-4	5.948658E-1	0.000000E+0	0.000000E+0
7.250000E-2	4.644420E-3	2.384200E-4	5.989183E-1	0.000000E+0	0.000000E+0
7.300000E-2	4.673030E-3	2.803820E-4	6.031817E-1	0.000000E+0	0.000000E+0
7.350000E-2	4.703550E-3	2.746600E-4	6.074479E-1	0.000000E+0	0.000000E+0
7.400000E-2	4.705460E-3	2.326970E-4	6.117270E-1	0.000000E+0	0.000000E+0
7.450000E-2	4.684480E-3	1.888280E-4	6.157351E-1	0.000000E+0	0.000000E+0
7.500000E-2	4.650150E-3	1.697550E-4	6.197505E-1	0.000000E+0	0.000000E+0
7.550000E-2	4.617720E-3	1.964580E-4	6.237724E-1	0.000000E+0	0.000000E+0
7.600000E-2	4.608180E-3	2.460500E-4	6.279601E-1	0.000000E+0	0.000000E+0
7.650000E-2	4.638700E-3	2.765670E-4	6.326091E-1	0.000000E+0	0.000000E+0
7.700000E-2	4.653960E-3	2.536790E-4	6.365877E-1	0.000000E+0	0.000000E+0
7.750000E-2	4.652050E-3	2.403270E-4	6.402886E-1	0.000000E+0	0.000000E+0
7.800000E-2	4.673030E-3	2.574940E-4	6.444808E-1	0.000000E+0	0.000000E+0
7.850000E-2	4.713090E-3	2.689380E-4	6.487469E-1	0.000000E+0	0.000000E+0
7.900000E-2	4.726440E-3	2.441420E-4	6.531592E-1	0.000000E+0	0.000000E+0
7.950000E-2	4.699740E-3	2.250680E-4	6.567862E-1	0.000000E+0	0.000000E+0
8.000000E-2	4.688290E-3	2.498650E-4	6.609183E-1	0.000000E+0	0.000000E+0
8.050000E-2	4.701640E-3	2.918260E-4	6.650262E-1	0.000000E+0	0.000000E+0
8.100000E-2	4.730250E-3	3.204360E-4	6.692868E-1	0.000000E+0	0.000000E+0
8.150000E-2	4.753140E-3	3.089920E-4	6.740090E-1	0.000000E+0	0.000000E+0
8.200000E-2	4.739790E-3	2.536790E-4	6.783612E-1	0.000000E+0	0.000000E+0
8.250000E-2	4.709270E-3	2.117170E-4	6.820251E-1	0.000000E+0	0.000000E+0
8.300000E-2	4.688290E-3	2.326970E-4	6.860989E-1	0.000000E+0	0.000000E+0
8.350000E-2	4.697830E-3	2.765670E-4	6.902643E-1	0.000000E+0	0.000000E+0
8.400000E-2	4.715000E-3	2.841970E-4	6.948080E-1	0.000000E+0	0.000000E+0
8.450000E-2	4.695920E-3	2.670310E-4	6.985404E-1	0.000000E+0	0.000000E+0
8.500000E-2	4.661590E-3	2.746600E-4	7.026280E-1	0.000000E+0	0.000000E+0
8.550000E-2	4.650150E-3	2.975480E-4	7.065353E-1	0.000000E+0	0.000000E+0
8.600000E-2	4.682570E-3	3.147140E-4	7.106349E-1	0.000000E+0	0.000000E+0
8.650000E-2	4.732160E-3	3.032700E-4	7.156004E-1	0.000000E+0	0.000000E+0
8.700000E-2	4.749330E-3	2.555870E-4	7.195122E-1	0.000000E+0	0.000000E+0
8.750000E-2	4.720720E-3	2.117170E-4	7.236767E-1	0.000000E+0	0.000000E+0
8.800000E-2	4.673030E-3	1.888280E-4	7.277818E-1	0.000000E+0	0.000000E+0
8.850000E-2	4.644420E-3	1.964580E-4	7.314200E-1	0.000000E+0	0.000000E+0
8.900000E-2	4.663500E-3	2.326970E-4	7.355797E-1	0.000000E+0	0.000000E+0
8.950000E-2	4.713090E-3	2.555870E-4	7.403010E-1	0.000000E+0	0.000000E+0
9.000000E-2	4.734070E-3	2.479570E-4	7.441426E-1	0.000000E+0	0.000000E+0
9.050000E-2	4.709270E-3	2.536790E-4	7.479888E-1	0.000000E+0	0.000000E+0
9.100000E-2	4.695920E-3	2.841970E-4	7.524612E-1	0.000000E+0	0.000000E+0
9.150000E-2	4.715000E-3	2.841970E-4	7.569253E-1	0.000000E+0	0.000000E+0
9.200000E-2	4.724530E-3	2.460500E-4	7.614116E-1	0.000000E+0	0.000000E+0
9.250000E-2	4.695920E-3	2.117170E-4	7.656463E-1	0.000000E+0	0.000000E+0
9.300000E-2	4.652050E-3	2.002730E-4	7.696849E-1	0.000000E+0	0.000000E+0
9.350000E-2	4.615810E-3	2.098090E-4	7.737023E-1	0.000000E+0	0.000000E+0
9.400000E-2	4.608180E-3	2.307900E-4	7.777104E-1	0.000000E+0	0.000000E+0
9.450000E-2	4.653960E-3	2.422340E-4	7.819793E-1	0.000000E+0	0.000000E+0
9.500000E-2	4.694010E-3	2.212530E-4	7.863084E-1	0.000000E+0	0.000000E+0
9.550000E-2	4.686390E-3	2.002730E-4	7.902739E-1	0.000000E+0	0.000000E+0
9.600000E-2	4.667310E-3	2.231610E-4	7.946964E-1	0.000000E+0	0.000000E+0
9.650000E-2	4.686390E-3	2.594010E-4	7.992946E-1	0.000000E+0	0.000000E+0
9.700000E-2	4.715000E-3	2.536790E-4	8.032425E-1	0.000000E+0	0.000000E+0
9.750000E-2	4.699740E-3	2.288830E-4	8.073542E-1	0.000000E+0	0.000000E+0
9.800000E-2	4.667310E-3	2.250680E-4	8.113087E-1	0.000000E+0	0.000000E+0
9.850000E-2	4.655870E-3	2.632160E-4	8.152770E-1	0.000000E+0	0.000000E+0
9.900000E-2	4.673030E-3	2.956410E-4	8.194136E-1	0.000000E+0	0.000000E+0
9.950000E-2	4.694010E-3	2.727530E-4	8.237214E-1	0.000000E+0	0.000000E+0
1.000000E-1	4.678760E-3	2.403270E-4	8.277840E-1	5.523520E-1	6.516269E+0
1.005000E-1	4.686390E-3	2.574940E-4	8.315498E-1	0.000000E+0	0.000000E+0
1.010000E-1	4.722630E-3	2.555870E-4	8.362525E-1	0.000000E+0	0.000000E+0
1.015000E-1	4.762680E-3	2.479570E-4	8.408222E-1	0.000000E+0	0.000000E+0
1.020000E-1	4.777940E-3	2.307900E-4	8.447812E-1	0.000000E+0	0.000000E+0
1.025000E-1	4.743610E-3	2.174390E-4	8.489271E-1	0.000000E+0	0.000000E+0
1.030000E-1	4.686390E-3	2.193460E-4	8.529823E-1	0.000000E+0	0.000000E+0
1.035000E-1	4.640610E-3	2.403270E-4	8.567896E-1	0.000000E+0	0.000000E+0
1.040000E-1	4.646330E-3	2.765670E-4	8.609476E-1	0.000000E+0	0.000000E+0
1.045000E-1	4.688290E-3	2.765670E-4	8.653146E-1	0.000000E+0	0.000000E+0
1.050000E-1	4.713090E-3	2.422340E-4	8.695863E-1	0.000000E+0	0.000000E+0
1.055000E-1	4.690200E-3	2.212530E-4	8.735602E-1	0.000000E+0	0.000000E+0
1.060000E-1	4.671130E-3	2.403270E-4	8.778115E-1	0.000000E+0	0.000000E+0
1.065000E-1	4.695920E-3	2.632160E-4	8.819917E-1	0.000000E+0	0.000000E+0
1.070000E-1	4.732160E-3	2.460500E-4	8.865270E-1	0.000000E+0	0.000000E+0
1.075000E-1	4.728350E-3	2.117170E-4	8.908329E-1	0.000000E+0	0.000000E+0
1.080000E-1	4.699740E-3	2.193460E-4	8.946616E-1	0.000000E+0	0.000000E+0
1.085000E-1	4.699740E-3	2.517720E-4	8.987474E-1	0.000000E+0	0.000000E+0
1.090000E-1	4.730250E-3	2.536790E-4	9.031226E-1	0.000000E+0	0.000000E+0
1.095000E-1	4.739790E-3	2.231610E-4	9.074119E-1	0.000000E+0	0.000000E+0
1.100000E-1	4.707370E-3	2.079020E-4	9.113636E-1	0.000000E+0	0.000000E+0
1.105000E-1	4.674940E-3	2.365120E-4	9.157658E-1	0.000000E+0	0.000000E+0
1.110000E-1	4.671130E-3	2.803820E-4	9.197729E-1	0.000000E+0	0.000000E+0
1.115000E-1	4.707370E-3	2.956410E-4	9.242528E-1	0.000000E+0	0.000000E+0
1.120000E-1	4.737880E-3	2.594010E-4	9.284985E-1	0.000000E+0	0.000000E+0
1.125000E-1	4.720720E-3	2.231610E-4	9.324623E-1	0.000000E+0	0.000000E+0
1.130000E-1	4.680660E-3	2.326970E-4	9.366266E-1	0.000000E+0	0.000000E+0
1.135000E-1	4.659680E-3	2.632160E-4	9.404127E-1	0.000000E+0	0.000000E+0
1.140000E-1	4.686390E-3	2.899190E-4	9.445891E-1	0.000000E+0	0.000000E+0
1.145000E-1	4.722630E-3	2.708450E-4	9.491041E-1	0.000000E+0	0.000000E+0
1.150000E-1	4.722630E-3	2.269750E-4	9.534610E-1	0.000000E+0	0.000000E+0
1.155000E-1	4.690200E-3	2.117170E-4	9.575809E-1	0.000000E+0	0.000000E+0
1.160000E-1	4.686390E-3	2.441420E-4	9.616390E-1	0.000000E+0	0.000000E+0
1.165000E-1	4.713090E-3	2.880120E-4	9.658264E-1	0.000000E+0	0.000000E+0
1.170000E-1	4.753140E-3	3.147140E-4	9.699261E-1	0.000000E+0	0.000000E+0
1.175000E-1	4.777940E-3	2.899190E-4	9.743506E-1	0.000000E+0	0.000000E+0
1.180000E-1	4.766490E-3	2.326970E-4	9.784974E-1	0.000000E+0	0.000000E+0
1.185000E-1	4.726440E-3	1.888280E-4	9.826553E-1	0.000000E+0	0.000000E+0
1.190000E-1	4.680660E-3	1.983650E-4	9.865570E-1	0.000000E+0	0.000000E+0
1.195000E-1	4.678760E-3	2.441420E-4	9.907214E-1	0.000000E+0	0.000000E+0
1.200000E-1	4.720720E-3	2.651230E-4	9.949201E-1	0.000000E+0	0.000000E+0
1.205000E-1	4.768400E-3	2.594010E-4	9.994479E-1	0.000000E+0	0.000000E+0
1.210000E-1	4.791290E-3	2.288830E-4	1.003818E+0	0.000000E+0	0.000000E+0
1.215000E-1	4.774120E-3	2.002730E-4	1.007731E+0	0.000000E+0	0.000000E+0
1.220000E-1	4.735980E-3	2.193460E-4	1.011774E+0	0.000000E+0	0.000000E+0
1.225000E-1	4.720720E-3	2.613090E-4	1.016098E+0	0.000000E+0	0.000000E+0
1.230000E-1	4.743610E-3	2.689380E-4	1.020265E+0	0.000000E+0	0.000000E+0
1.235000E-1	4.753140E-3	2.422340E-4	1.024506E+0	0.000000E+0	0.000000E+0
1.240000E-1	4.726440E-3	2.365120E-4	1.028369E+0	0.000000E+0	0.000000E+0
1.245000E-1	4.718810E-3	2.651230E-4	1.032563E+0	0.000000E+0	0.000000E+0
1.250000E-1	4.739790E-3	2.899190E-4	1.036724E+0	0.000000E+0	0.000000E+0
1.255000E-1	4.777940E-3	2.746600E-4	1.041193E+0	0.000000E+0	0.000000E+0
1.260000E-1	4.804640E-3	2.346050E-4	1.045427E+0	0.000000E+0	0.000000E+0
1.265000E-1	4.806550E-3	1.926430E-4	1.049837E+0	0.000000E+0	0.000000E+0
1.270000E-1	4.768400E-3	1.811990E-4	1.053496E+0	0.000000E+0	0.000000E+0
1.275000E-1	4.747420E-3	2.098090E-4	1.057947E+0	0.000000E+0	0.000000E+0
1.280000E-1	4.758860E-3	2.231610E-4	1.062058E+0	0.000000E+0	0.000000E+0
1.285000E-1	4.755050E-3	2.098090E-4	1.066427E+0	0.000000E+0	0.000000E+0
1.290000E-1	4.726440E-3	2.059950E-4	1.070163E+0	0.000000E+0	0.000000E+0
1.295000E-1	4.732160E-3	2.288830E-4	1.074374E+0	0.000000E+0	0.000000E+0
1.300000E-1	4.764590E-3	2.307900E-4	1.078698E+0	0.000000E+0	0.000000E+0
1.305000E-1	4.781750E-3	2.098090E-4	1.083391E+0	0.000000E+0	0.000000E+0
1.310000E-1	4.753140E-3	1.888280E-4	1.087496E+0	0.000000E+0	0.000000E+0
1.315000E-1	4.703550E-3	2.117170E-4	1.091446E+0	0.000000E+0	0.000000E+0
1.320000E-1	4.694010E-3	2.555870E-4	1.095609E+0	0.000000E+0	0.000000E+0
1.325000E-1	4.726440E-3	2.689380E-4	1.099780E+0	0.000000E+0	0.000000E+0
1.330000E-1	4.766490E-3	2.555870E-4	1.104034E+0	0.000000E+0	0.000000E+0
1.335000E-1	4.787470E-3	2.193460E-4	1.108366E+0	0.000000E+0	0.000000E+0
1.340000E-1	4.762680E-3	1.869210E-4	1.112529E+0	0.000000E+0	0.000000E+0
1.345000E-1	4.713090E-3	2.021800E-4	1.116516E+0	0.000000E+0	0.000000E+0
1.350000E-1	4.701640E-3	2.498650E-4	1.121154E+0	0.000000E+0	0.000000E+0
1.355000E-1	4.724530E-3	2.651230E-4	1.125382E+0	0.000000E+0	0.000000E+0
1.360000E-1	4.713090E-3	2.594010E-4	1.129281E+0	0.000000E+0	0.000000E+0
1.365000E-1	4.695920E-3	2.727530E-4	1.133264E+0	0.000000E+0	0.000000E+0
1.370000E-1	4.713090E-3	2.937340E-4	1.138076E+0	0.000000E+0	0.000000E+0
1.375000E-1	4.739790E-3	2.841970E-4	1.142137E+0	0.000000E+0	0.000000E+0
1.380000E-1	4.726440E-3	2.708450E-4	1.146141E+0	0.000000E+0	0.000000E+0
1.385000E-1	4.705460E-3	2.861040E-4	1.150205E+0	0.000000E+0	0.000000E+0
1.390000E-1	4.705460E-3	3.051780E-4	1.154188E+0	0.000000E+0	0.000000E+0
1.395000E-1	4.735980E-3	3.032700E-4	1.158887E+0	0.000000E+0	0.000000E+0
1.400000E-1	4.753140E-3	2.670310E-4	1.163078E+0	0.000000E+0	0.000000E+0
1.405000E-1	4.737880E-3	2.632160E-4	1.166987E+0	0.000000E+0	0.000000E+0
1.410000E-1	4.734070E-3	2.784750E-4	1.171453E+0	0.000000E+0	0.000000E+0
1.415000E-1	4.749330E-3	2.746600E-4	1.175539E+0	0.000000E+0	0.000000E+0
1.420000E-1	4.730250E-3	2.479570E-4	1.179870E+0	0.000000E+0	0.000000E+0
1.425000E-1	4.692110E-3	2.269750E-4	1.183971E+0	0.000000E+0	0.000000E+0
1.430000E-1	4.673030E-3	2.460500E-4	1.187764E+0	0.000000E+0	0.000000E+0
1.435000E-1	4.707370E-3	2.727530E-4	1.192370E+0	0.000000E+0	0.000000E+0
1.440000E-1	4.739790E-3	2.651230E-4	1.196253E+0	0.000000E+0	0.000000E+0
1.445000E-1	4.726440E-3	2.632160E-4	1.200428E+0	0.000000E+0	0.000000E+0
1.450000E-1	4.716900E-3	2.765670E-4	1.204738E+0	0.000000E+0	0.000000E+0
1.455000E-1	4.726440E-3	2.555870E-4	1.209085E+0	0.000000E+0	0.000000E+0
1.460000E-1	4.713090E-3	2.193460E-4	1.213357E+0	0.000000E+0	0.000000E+0
1.465000E-1	4.682570E-3	2.231610E-4	1.217446E+0	0.000000E+0	0.000000E+0
1.470000E-1	4.665400E-3	2.574940E-4	1.221311E+0	0.000000E+0	0.000000E+0
1.475000E-1	4.695920E-3	2.899190E-4	1.225409E+0	0.000000E+0	0.000000E+0
1.480000E-1	4.745510E-3	2.765670E-4	1.229718E+0	0.000000E+0	0.000000E+0
1.485000E-1	4.783660E-3	2.365120E-4	1.233733E+0	0.000000E+0	0.000000E+0
1.490000E-1	4.804640E-3	1.926430E-4	1.238413E+0	0.000000E+0	0.000000E+0
1.495000E-1	4.798920E-3	1.602180E-4	1.242501E+0	0.000000E+0	0.000000E+0
1.500000E-1	4.764590E-3	1.621260E-4	1.246570E+0	5.536320E-1	6.622352E+0
1.505000E-1	4.718810E-3	2.307900E-4	1.251000E+0	0.000000E+0	0.000000E+0
1.510000E-1	4.701640E-3	2.212530E-4	1.255069E+0	0.000000E+0	0.000000E+0
1.515000E-1	4.707370E-3	2.365120E-4	1.259333E+0	0.000000E+0	0.000000E+0
1.520000E-1	4.730250E-3	2.346050E-4	1.263653E+0	0.000000E+0	0.000000E+0
1.525000E-1	4.722630E-3	2.231610E-4	1.267638E+0	0.000000E+0	0.000000E+0
1.530000E-1	4.711180E-3	2.346050E-4	1.271588E+0	0.000000E+0	0.000000E+0
1.535000E-1	4.734070E-3	2.384200E-4	1.276027E+0	0.000000E+0	0.000000E+0
1.540000E-1	4.749330E-3	2.136240E-4	1.280365E+0	0.000000E+0	0.000000E+0
1.545000E-1	4.739790E-3	1.831060E-4	1.284647E+0	0.000000E+0	0.000000E+0
1.550000E-1	4.707370E-3	1.907360E-4	1.288633E+0	0.000000E+0	0.000000E+0
1.555000E-1	4.701640E-3	2.307900E-4	1.292740E+0	0.000000E+0	0.000000E+0
1.560000E-1	4.734070E-3	2.555870E-4	1.296994E+0	0.000000E+0	0.000000E+0
1.565000E-1	4.758860E-3	2.365120E-4	1.301535E+0	0.000000E+0	0.000000E+0
1.570000E-1	4.739790E-3	2.155310E-4	1.305669E+0	0.000000E+0	0.000000E+0
1.575000E-1	4.709270E-3	2.346050E-4	1.309424E+0	0.000000E+0	0.000000E+0
1.580000E-1	4.716900E-3	2.689380E-4	1.313503E+0	0.000000E+0	0.000000E+0
1.585000E-1	4.747420E-3	2.689380E-4	1.317979E+0	0.000000E+0	0.000000E+0
1.590000E-1	4.758860E-3	2.231610E-4	1.322641E+0	0.000000E+0	0.000000E+0
1.595000E-1	4.749330E-3	1.831060E-4	1.326775E+0	0.000000E+0	0.000000E+0
1.600000E-1	4.718810E-3	1.869210E-4	1.330696E+0	0.000000E+0	0.000000E+0
1.605000E-1	4.716900E-3	2.307900E-4	1.334886E+0	0.000000E+0	0.000000E+0
1.610000E-1	4.753140E-3	2.632160E-4	1.338937E+0	0.000000E+0	0.000000E+0
1.615000E-1	4.791290E-3	2.651230E-4	1.343691E+0	0.000000E+0	0.000000E+0
1.620000E-1	4.800830E-3	2.288830E-4	1.348213E+0	0.000000E+0	0.000000E+0
1.625000E-1	4.783660E-3	1.964580E-4	1.352190E+0	0.000000E+0	0.000000E+0
1.630000E-1	4.762680E-3	2.155310E-4	1.356398E+0	0.000000E+0	0.000000E+0
1.635000E-1	4.770310E-3	2.422340E-4	1.360709E+0	0.000000E+0	0.000000E+0
1.640000E-1	4.762680E-3	2.460500E-4	1.364565E+0	0.000000E+0	0.000000E+0
1.645000E-1	4.745510E-3	2.727530E-4	1.369115E+0	0.000000E+0	0.000000E+0
1.650000E-1	4.741700E-3	3.032700E-4	1.373611E+0	0.000000E+0	0.000000E+0
1.655000E-1	4.764590E-3	3.032700E-4	1.378087E+0	0.000000E+0	0.000000E+0
1.660000E-1	4.772220E-3	2.651230E-4	1.382230E+0	0.000000E+0	0.000000E+0
1.665000E-1	4.739790E-3	2.384200E-4	1.385976E+0	0.000000E+0	0.000000E+0
1.670000E-1	4.701640E-3	2.536790E-4	1.390165E+0	0.000000E+0	0.000000E+0
1.675000E-1	4.688290E-3	2.918260E-4	1.394087E+0	0.000000E+0	0.000000E+0
1.680000E-1	4.715000E-3	3.166220E-4	1.398369E+0	0.000000E+0	0.000000E+0
1.685000E-1	4.756960E-3	3.109000E-4	1.402698E+0	0.000000E+0	0.000000E+0
1.690000E-1	4.791290E-3	2.632160E-4	1.406952E+0	0.000000E+0	0.000000E+0
1.695000E-1	4.800830E-3	2.002730E-4	1.411716E+0	0.000000E+0	0.000000E+0
1.700000E-1	4.781750E-3	1.583110E-4	1.415729E+0	0.000000E+0	0.000000E+0
1.705000E-1	4.739790E-3	1.602180E-4	1.419595E+0	0.000000E+0	0.000000E+0
1.710000E-1	4.711180E-3	2.040870E-4	1.423969E+0	0.000000E+0	0.000000E+0
1.715000E-1	4.726440E-3	2.422340E-4	1.428326E+0	0.000000E+0	0.000000E+0
1.720000E-1	4.751240E-3	2.365120E-4	1.432931E+0	0.000000E+0	0.000000E+0
1.725000E-1	4.741700E-3	2.155310E-4	1.436789E+0	0.000000E+0	0.000000E+0
1.730000E-1	4.713090E-3	2.288830E-4	1.440877E+0	0.000000E+0	0.000000E+0
1.735000E-1	4.694010E-3	2.670310E-4	1.444890E+0	0.000000E+0	0.000000E+0
1.740000E-1	4.718810E-3	3.013630E-4	1.449810E+0	0.000000E+0	0.000000E+0
1.745000E-1	4.764590E-3	2.918260E-4	1.453796E+0	0.000000E+0	0.000000E+0
1.750000E-1	4.798920E-3	2.536790E-4	1.458116E+0	0.000000E+0	0.000000E+0
1.755000E-1	4.817990E-3	2.059950E-4	1.462214E+0	0.000000E+0	0.000000E+0
1.760000E-1	4.817990E-3	1.583110E-4	1.466163E+0	0.000000E+0	0.000000E+0
1.765000E-1	4.800830E-3	1.316080E-4	1.470370E+0	0.000000E+0	0.000000E+0
1.770000E-1	4.776030E-3	1.182560E-4	1.474468E+0	0.000000E+0	0.000000E+0
1.775000E-1	4.747420E-3	1.258860E-4	1.478500E+0	0.000000E+0	0.000000E+0
1.780000E-1	4.724530E-3	1.621260E-4	1.482745E+0	0.000000E+0	0.000000E+0
1.785000E-1	4.753140E-3	1.945500E-4	1.487388E+0	0.000000E+0	0.000000E+0
1.790000E-1	4.777940E-3	1.869210E-4	1.491421E+0	0.000000E+0	0.000000E+0
1.795000E-1	4.766490E-3	1.831060E-4	1.495148E+0	0.000000E+0	0.000000E+0
1.800000E-1	4.743610E-3	2.117170E-4	1.499301E+0	0.000000E+0	0.000000E+0
1.805000E-1	4.756960E-3	2.479570E-4	1.503306E+0	0.000000E+0	0.000000E+0
1.810000E-1	4.756960E-3	2.422340E-4	1.507699E+0	0.000000E+0	0.000000E+0
1.815000E-1	4.726440E-3	2.384200E-4	1.511916E+0	0.000000E+0	0.000000E+0
1.820000E-1	4.703550E-3	2.670310E-4	1.515523E+0	0.000000E+0	0.000000E+0
1.825000E-1	4.709270E-3	3.032700E-4	1.519602E+0	0.000000E+0	0.000000E+0
1.830000E-1	4.751240E-3	2.994560E-4	1.524300E+0	0.000000E+0	0.000000E+0
1.835000E-1	4.772220E-3	2.632160E-4	1.528092E+0	0.000000E+0	0.000000E+0
1.840000E-1	4.753140E-3	2.632160E-4	1.532402E+0	0.000000E+0	0.000000E+0
1.845000E-1	4.741700E-3	2.975480E-4	1.536323E+0	0.000000E+0	0.000000E+0
1.850000E-1	4.756960E-3	3.223440E-4	1.540560E+0	0.000000E+0	0.000000E+0
1.855000E-1	4.791290E-3	3.070850E-4	1.545248E+0	0.000000E+0	0.000000E+0
1.860000E-1	4.806550E-3	2.784750E-4	1.549281E+0	0.000000E+0	0.000000E+0
1.865000E-1	4.779850E-3	2.727530E-4	1.553119E+0	0.000000E+0	0.000000E+0
1.870000E-1	4.756960E-3	2.994560E-4	1.557170E+0	0.000000E+0	0.000000E+0
1.875000E-1	4.762680E-3	3.242510E-4	1.561471E+0	0.000000E+0	0.000000E+0
1.880000E-1	4.791290E-3	3.051780E-4	1.566077E+0	0.000000E+0	0.000000E+0
1.885000E-1	4.797010E-3	2.498650E-4	1.569961E+0	0.000000E+0	0.000000E+0
1.890000E-1	4.774120E-3	2.212530E-4	1.574234E+0	0.000000E+0	0.000000E+0
1.895000E-1	4.768400E-3	2.269750E-4	1.578636E+0	0.000000E+0	0.000000E+0
1.900000E-1	4.764590E-3	2.250680E-4	1.582761E+0	0.000000E+0	0.000000E+0
1.905000E-1	4.753140E-3	2.460500E-4	1.586516E+0	0.000000E+0	0.000000E+0
1.910000E-1	4.770310E-3	2.460500E-4	1.591030E+0	0.000000E+0	0.000000E+0
1.915000E-1	4.777940E-3	2.136240E-4	1.595007E+0	0.000000E+0	0.000000E+0
1.920000E-1	4.768400E-3	1.697550E-4	1.599446E+0	0.000000E+0	0.000000E+0
1.925000E-1	4.745510E-3	1.506810E-4	1.603266E+0	0.000000E+0	0.000000E+0
1.930000E-1	4.747420E-3	1.831060E-4	1.607326E+0	0.000000E+0	0.000000E+0
1.935000E-1	4.783660E-3	2.269750E-4	1.612191E+0	0.000000E+0	0.000000E+0
1.940000E-1	4.814180E-3	2.460500E-4	1.616676E+0	0.000000E+0	0.000000E+0
1.945000E-1	4.795100E-3	2.460500E-4	1.620561E+0	0.000000E+0	0.000000E+0
1.950000E-1	4.791290E-3	2.632160E-4	1.624676E+0	0.000000E+0	0.000000E+0
1.955000E-1	4.808460E-3	2.594010E-4	1.628996E+0	0.000000E+0	0.000000E+0
1.960000E-1	4.795100E-3	2.231610E-4	1.633167E+0	0.000000E+0	0.000000E+0
1.965000E-1	4.749330E-3	2.098090E-4	1.637393E+0	0.000000E+0	0.000000E+0
1.970000E-1	4.699740E-3	2.307900E-4	1.641352E+0	0.000000E+0	0.000000E+0
1.975000E-1	4.695920E-3	2.651230E-4	1.645578E+0	0.000000E+0	0.000000E+0
1.980000E-1	4.715000E-3	2.574940E-4	1.650314E+0	0.000000E+0	0.000000E+0
1.985000E-1	4.715000E-3	2.384200E-4	1.654531E+0	0.000000E+0	0.000000E+0
1.990000E-1	4.730250E-3	2.555870E-4	1.658508E+0	0.000000E+0	0.000000E+0
1.995000E-1	4.766490E-3	2.670310E-4	1.662596E+0	0.000000E+0	0.000000E+0
2.000000E-1	4.810360E-3	2.613090E-4	1.667433E+0	5.528160E-1	6.554472E+0
