0.000000E+0
2.500000E-3
5.000000E-3
7.500000E-3
1.000000E-2
1.250000E-2
1.500000E-2
1.750000E-2
2.000000E-2
2.250000E-2
2.500000E-2
2.750000E-2
3.000000E-2
3.250000E-2
3.500000E-2
3.750000E-2
4.000000E-2
4.250000E-2
4.500000E-2
4.750000E-2
5.000000E-2
5.250000E-2
5.500000E-2
5.750000E-2
6.000000E-2
6.250000E-2
6.500000E-2
6.750000E-2
7.000000E-2
7.250000E-2
7.500000E-2
7.750000E-2
8.000000E-2
8.250000E-2
8.500000E-2
8.750000E-2
9.000000E-2
9.250000E-2
9.500000E-2
9.750000E-2
1.000000E-1
1.025000E-1
1.050000E-1
1.075000E-1
1.100000E-1
1.125000E-1
1.150000E-1
1.175000E-1
1.200000E-1
1.225000E-1
1.250000E-1
1.275000E-1
1.300000E-1
1.325000E-1
1.350000E-1
1.375000E-1
1.400000E-1
1.425000E-1
1.450000E-1
1.475000E-1
1.500000E-1
