9.252930E-2
9.235224E-2
9.235804E-2
9.216755E-2
9.250401E-2
9.269628E-2
9.199758E-2
9.194816E-2
9.255035E-2
9.261960E-2
9.256391E-2
9.254818E-2
9.277760E-2
9.291915E-2
9.284624E-2
9.283581E-2
9.226910E-2
9.261694E-2
9.231719E-2
9.256234E-2
9.292061E-2
9.254793E-2
9.254007E-2
9.283108E-2
9.283690E-2
9.246178E-2
9.206620E-2
9.228082E-2
9.253789E-2
9.249445E-2
9.220449E-2
9.199589E-2
9.203990E-2
9.210697E-2
9.209177E-2
9.237025E-2
9.349579E-2
9.203062E-2
9.226125E-2
9.241002E-2
9.228686E-2
9.220498E-2
9.228421E-2
9.236215E-2
9.235079E-2
9.224567E-2
9.193671E-2
9.206342E-2
9.220896E-2
9.187767E-2
9.215259E-2
9.280694E-2
9.249154E-2
9.217105E-2
9.204859E-2
9.222623E-2
9.209720E-2
9.197950E-2
9.205438E-2
9.207211E-2
9.246626E-2
