9.187081E-2
9.221850E-2
9.187659E-2
9.191092E-2
9.209575E-2
9.186141E-2
9.209382E-2
9.211711E-2
9.207524E-2
9.185888E-2
9.179169E-2
9.180337E-2
9.187466E-2
9.196829E-2
9.188623E-2
9.180831E-2
9.165260E-2
9.175341E-2
9.169578E-2
9.182167E-2
9.199469E-2
9.208731E-2
9.186647E-2
9.178110E-2
9.208779E-2
9.191827E-2
9.183913E-2
9.177965E-2
9.166306E-2
9.194129E-2
9.165344E-2
9.186093E-2
9.192767E-2
9.158695E-2
9.167870E-2
9.192430E-2
9.177364E-2
9.212350E-2
9.193273E-2
9.205064E-2
9.175510E-2
9.178748E-2
9.168940E-2
9.192249E-2
9.169566E-2
9.212519E-2
9.179795E-2
9.189972E-2
9.196684E-2
9.212447E-2
9.186587E-2
9.177544E-2
9.211687E-2
9.195828E-2
9.162698E-2
9.183997E-2
9.150403E-2
9.187020E-2
9.198673E-2
9.168291E-2
9.169843E-2
9.159404E-2
9.179506E-2
9.160354E-2
9.170829E-2
9.183997E-2
9.177400E-2
9.172044E-2
9.173873E-2
9.169758E-2
9.170841E-2
9.190538E-2
9.188261E-2
9.190731E-2
9.172068E-2
9.212447E-2
9.196093E-2
9.200337E-2
9.179976E-2
9.201169E-2
9.182841E-2
9.189454E-2
9.191201E-2
