-2.000000E-1	8.869230E-3	-2.460500E-4	-1.503595E+0
-1.998000E-1	8.880670E-3	-4.959130E-5	-1.501506E+0
-1.996000E-1	8.773860E-3	-2.212530E-4	-1.501182E+0
-1.994000E-1	8.991300E-3	-1.335150E-4	-1.499174E+0
-1.992000E-1	8.892120E-3	2.098100E-5	-1.497972E+0
-1.990000E-1	8.773860E-3	-2.346050E-4	-1.496983E+0
-1.988000E-1	8.981760E-3	-1.335150E-4	-1.494716E+0
-1.986000E-1	8.806290E-3	3.814730E-6	-1.494050E+0
-1.984000E-1	8.779590E-3	-2.193460E-4	-1.493505E+0
-1.982000E-1	9.004650E-3	-2.689380E-4	-1.491803E+0
-1.980000E-1	8.937900E-3	-6.294300E-5	-1.490554E+0
-1.978000E-1	8.764330E-3	-2.288830E-4	-1.489399E+0
-1.976000E-1	9.002750E-3	-1.697550E-4	-1.487530E+0
-1.974000E-1	8.897840E-3	-1.907360E-6	-1.485689E+0
-1.972000E-1	8.726180E-3	-1.525890E-4	-1.484959E+0
-1.970000E-1	8.991300E-3	-2.594010E-4	-1.483036E+0
-1.968000E-1	8.977950E-3	-1.525890E-5	-1.481990E+0
-1.966000E-1	8.792940E-3	-1.754770E-4	-1.481242E+0
-1.964000E-1	8.960780E-3	-2.765670E-4	-1.479456E+0
-1.962000E-1	8.935990E-3	-3.051780E-5	-1.477634E+0
-1.960000E-1	8.747160E-3	-1.716620E-4	-1.476579E+0
-1.958000E-1	8.962690E-3	-2.040870E-4	-1.474730E+0
-1.956000E-1	8.947430E-3	-7.629450E-6	-1.473214E+0
-1.954000E-1	8.760510E-3	-1.659400E-4	-1.472834E+0
-1.952000E-1	9.016100E-3	-2.250680E-4	-1.471188E+0
-1.950000E-1	8.958880E-3	-5.722080E-6	-1.469376E+0
-1.948000E-1	8.752880E-3	-1.373300E-4	-1.468681E+0
-1.946000E-1	8.979860E-3	-2.384200E-4	-1.467239E+0
-1.944000E-1	9.012280E-3	-1.525890E-5	-1.465564E+0
-1.942000E-1	8.762420E-3	-5.340600E-5	-1.464833E+0
-1.940000E-1	8.968410E-3	-2.651230E-4	-1.463604E+0
-1.938000E-1	8.968410E-3	-1.335150E-5	-1.461625E+0
-1.936000E-1	8.783400E-3	-1.850140E-4	-1.461245E+0
-1.934000E-1	9.046610E-3	-1.602180E-4	-1.459497E+0
-1.932000E-1	8.956970E-3	-5.722080E-6	-1.458323E+0
-1.930000E-1	8.792940E-3	-8.964590E-5	-1.457564E+0
-1.928000E-1	8.991300E-3	-2.517720E-4	-1.456270E+0
-1.926000E-1	8.987490E-3	-5.912800E-5	-1.454059E+0
-1.924000E-1	8.729990E-3	-1.354230E-4	-1.453430E+0
-1.922000E-1	8.905470E-3	-2.517720E-4	-1.452043E+0
-1.920000E-1	8.964600E-3	-4.577660E-5	-1.450415E+0
-1.918000E-1	8.777680E-3	-7.247970E-5	-1.449732E+0
-1.916000E-1	8.941710E-3	-2.346050E-4	-1.448038E+0
-1.914000E-1	8.977950E-3	-4.386930E-5	-1.446281E+0
-1.912000E-1	8.777680E-3	-8.964590E-5	-1.445624E+0
-1.910000E-1	8.873050E-3	-2.632160E-4	-1.443978E+0
-1.908000E-1	8.985580E-3	-4.005460E-5	-1.442396E+0
-1.906000E-1	8.743350E-3	-9.155320E-5	-1.441980E+0
-1.904000E-1	8.943620E-3	-2.250680E-4	-1.440279E+0
-1.902000E-1	9.048520E-3	-1.525890E-5	-1.438327E+0
-1.900000E-1	8.827270E-3	-1.239790E-4	-1.437745E+0
-1.898000E-1	8.977950E-3	-2.250680E-4	-1.435710E+0
-1.896000E-1	8.972230E-3	-4.386930E-5	-1.434322E+0
-1.894000E-1	8.812010E-3	-8.010910E-5	-1.433324E+0
-1.892000E-1	8.976040E-3	-2.250680E-4	-1.432316E+0
-1.890000E-1	9.035170E-3	-8.010910E-5	-1.430188E+0
-1.888000E-1	8.813920E-3	-2.479560E-5	-1.429198E+0
-1.886000E-1	8.894030E-3	-2.384200E-4	-1.427793E+0
-1.884000E-1	9.069500E-3	-4.005460E-5	-1.425481E+0
-1.882000E-1	8.855880E-3	-4.196190E-5	-1.425147E+0
-1.880000E-1	8.821550E-3	-1.621260E-4	-1.424075E+0
-1.878000E-1	8.993210E-3	-2.288830E-4	-1.422401E+0
-1.876000E-1	8.991300E-3	1.525890E-5	-1.420736E+0
-1.874000E-1	8.832990E-3	-1.697550E-4	-1.419793E+0
-1.872000E-1	8.951250E-3	-2.441420E-4	-1.418406E+0
-1.870000E-1	9.023730E-3	5.531330E-5	-1.417305E+0
-1.868000E-1	8.787210E-3	-7.820180E-5	-1.416602E+0
-1.866000E-1	8.977950E-3	-1.964580E-4	-1.415067E+0
-1.864000E-1	9.016100E-3	2.670300E-5	-1.413411E+0
-1.862000E-1	8.764330E-3	-4.386930E-5	-1.413031E+0
-1.860000E-1	8.987490E-3	-2.117170E-4	-1.411468E+0
-1.858000E-1	8.956970E-3	3.623990E-5	-1.409628E+0
-1.856000E-1	8.825360E-3	-1.964580E-4	-1.408815E+0
-1.854000E-1	9.037080E-3	-1.773840E-4	-1.407307E+0
-1.852000E-1	9.012280E-3	7.629450E-6	-1.405318E+0
-1.850000E-1	8.867320E-3	-1.850140E-4	-1.404920E+0
-1.848000E-1	9.065690E-3	-2.059950E-4	-1.402507E+0
-1.846000E-1	8.981760E-3	1.907360E-5	-1.400971E+0
-1.844000E-1	8.806290E-3	-1.583110E-4	-1.400389E+0
-1.842000E-1	9.010370E-3	-2.403270E-4	-1.398511E+0
-1.840000E-1	9.042800E-3	-1.144420E-5	-1.397281E+0
-1.838000E-1	8.815820E-3	-1.316080E-4	-1.396587E+0
-1.836000E-1	9.002750E-3	-2.651230E-4	-1.394904E+0
-1.834000E-1	9.056150E-3	-7.438710E-5	-1.393285E+0
-1.832000E-1	8.865420E-3	-4.959130E-5	-1.392139E+0
-1.830000E-1	8.911190E-3	-2.784750E-4	-1.391029E+0
-1.828000E-1	9.021820E-3	-9.536790E-5	-1.388938E+0
-1.826000E-1	8.831080E-3	1.144420E-5	-1.387848E+0
-1.824000E-1	8.922640E-3	-2.193460E-4	-1.387006E+0
-1.822000E-1	9.042800E-3	-9.727520E-5	-1.384990E+0
-1.820000E-1	8.905470E-3	1.716630E-5	-1.383695E+0
-1.818000E-1	8.899750E-3	-2.670310E-4	-1.382482E+0
-1.816000E-1	9.111460E-3	-8.964590E-5	-1.380411E+0
-1.814000E-1	8.882580E-3	7.629450E-6	-1.379338E+0
-1.812000E-1	8.903560E-3	-2.384200E-4	-1.378423E+0
-1.810000E-1	9.058060E-3	-1.411450E-4	-1.376656E+0
-1.808000E-1	8.853970E-3	-2.861030E-5	-1.375953E+0
-1.806000E-1	8.832990E-3	-2.231610E-4	-1.374862E+0
-1.804000E-1	9.082850E-3	-1.583110E-4	-1.373262E+0
-1.802000E-1	9.016100E-3	3.242520E-5	-1.371662E+0
-1.800000E-1	8.853970E-3	-2.040870E-4	-1.370885E+0
-1.798000E-1	9.067600E-3	-2.079020E-4	-1.369165E+0
-1.796000E-1	8.997020E-3	3.814720E-5	-1.367852E+0
-1.794000E-1	8.832990E-3	-1.125340E-4	-1.367621E+0
-1.792000E-1	8.916910E-3	-2.746600E-4	-1.365521E+0
-1.790000E-1	9.077130E-3	-1.411450E-4	-1.363366E+0
-1.788000E-1	8.928360E-3	-4.196190E-5	-1.362256E+0
-1.786000E-1	8.892120E-3	-2.441420E-4	-1.361526E+0
-1.784000E-1	9.044710E-3	-2.079020E-4	-1.360111E+0
-1.782000E-1	8.977950E-3	1.907360E-5	-1.358418E+0
-1.780000E-1	8.844440E-3	-1.678480E-4	-1.357771E+0
-1.778000E-1	9.052340E-3	-1.640330E-4	-1.355736E+0
-1.776000E-1	9.019910E-3	5.722080E-6	-1.354330E+0
-1.774000E-1	8.863510E-3	-2.384200E-4	-1.353415E+0
-1.772000E-1	9.082850E-3	-1.773840E-4	-1.351888E+0
-1.770000E-1	9.056150E-3	-4.196190E-5	-1.350362E+0
-1.768000E-1	8.840620E-3	-1.087190E-4	-1.349715E+0
-1.766000E-1	9.025630E-3	-2.212530E-4	-1.347939E+0
-1.764000E-1	9.073320E-3	1.335150E-5	-1.346108E+0
-1.762000E-1	8.808200E-3	-9.346050E-5	-1.345294E+0
-1.760000E-1	9.012280E-3	-1.792920E-4	-1.344212E+0
-1.758000E-1	9.084760E-3	-1.907360E-5	-1.342566E+0
-1.756000E-1	8.873050E-3	-5.722070E-5	-1.341872E+0
-1.754000E-1	8.970320E-3	-2.803820E-4	-1.340670E+0
-1.752000E-1	9.077130E-3	-9.346050E-5	-1.338598E+0
-1.750000E-1	8.974130E-3	2.288830E-5	-1.337507E+0
-1.748000E-1	8.905470E-3	-2.212530E-4	-1.336619E+0
-1.746000E-1	9.103830E-3	-1.945500E-4	-1.334575E+0
-1.744000E-1	8.949340E-3	5.722080E-6	-1.333705E+0
-1.742000E-1	8.834900E-3	-1.831060E-4	-1.332522E+0
-1.740000E-1	9.082850E-3	-2.098090E-4	-1.330644E+0
-1.738000E-1	9.107650E-3	-7.629440E-5	-1.329053E+0
-1.736000E-1	8.829180E-3	-4.386930E-5	-1.327971E+0
-1.734000E-1	8.911190E-3	-2.059950E-4	-1.326935E+0
-1.732000E-1	9.122910E-3	-1.583110E-4	-1.324799E+0
-1.730000E-1	9.086670E-3	5.722080E-6	-1.322875E+0
-1.728000E-1	8.848250E-3	-1.716620E-4	-1.322699E+0
-1.726000E-1	9.033260E-3	-2.460500E-4	-1.320942E+0
-1.724000E-1	9.178220E-3	-1.487740E-4	-1.318658E+0
-1.722000E-1	8.977950E-3	-2.670300E-5	-1.318020E+0
-1.720000E-1	8.926450E-3	-2.651230E-4	-1.317030E+0
-1.718000E-1	9.103830E-3	-1.678480E-4	-1.315199E+0
-1.716000E-1	8.974130E-3	1.335150E-5	-1.313839E+0
-1.714000E-1	8.884490E-3	-2.136240E-4	-1.313330E+0
-1.712000E-1	9.090480E-3	-1.697550E-4	-1.311555E+0
-1.710000E-1	9.014190E-3	-3.051780E-5	-1.310639E+0
-1.708000E-1	8.821550E-3	-1.239790E-4	-1.309659E+0
-1.706000E-1	9.027540E-3	-2.994560E-4	-1.307892E+0
-1.704000E-1	9.141980E-3	-7.438710E-5	-1.305950E+0
-1.702000E-1	8.894030E-3	-5.531330E-5	-1.305192E+0
-1.700000E-1	8.983670E-3	-2.708450E-4	-1.303611E+0
-1.698000E-1	9.122910E-3	-1.335150E-4	-1.301834E+0
-1.696000E-1	9.052340E-3	-2.670300E-5	-1.300364E+0
-1.694000E-1	8.808200E-3	-1.277930E-4	-1.299596E+0
-1.692000E-1	9.121000E-3	-1.945500E-4	-1.297886E+0
-1.690000E-1	9.000840E-3	-2.479560E-5	-1.296803E+0
-1.688000E-1	8.861600E-3	-1.983650E-4	-1.295850E+0
-1.686000E-1	8.995120E-3	-2.899190E-4	-1.294389E+0
-1.684000E-1	9.109560E-3	-1.525890E-5	-1.292382E+0
-1.682000E-1	8.876860E-3	-9.536790E-5	-1.291800E+0
-1.680000E-1	9.018000E-3	-2.822890E-4	-1.290236E+0
-1.678000E-1	9.113370E-3	-6.866500E-5	-1.289043E+0
-1.676000E-1	8.899750E-3	5.149860E-5	-1.288313E+0
-1.674000E-1	8.918820E-3	-2.746600E-4	-1.287369E+0
-1.672000E-1	9.136260E-3	-5.340600E-5	-1.285446E+0
-1.670000E-1	8.916910E-3	-4.768390E-5	-1.284678E+0
-1.668000E-1	8.817730E-3	-1.449590E-4	-1.283799E+0
-1.666000E-1	9.033260E-3	-2.536790E-4	-1.281718E+0
-1.664000E-1	9.018000E-3	1.716630E-5	-1.280405E+0
-1.662000E-1	8.894030E-3	-2.212530E-4	-1.279711E+0
-1.660000E-1	9.069500E-3	-2.231610E-4	-1.277899E+0
-1.658000E-1	9.082850E-3	-3.051780E-5	-1.275864E+0
-1.656000E-1	8.863510E-3	-5.722070E-5	-1.275097E+0
-1.654000E-1	9.061870E-3	-2.365120E-4	-1.273597E+0
-1.652000E-1	9.105740E-3	5.722080E-6	-1.271841E+0
-1.650000E-1	8.888300E-3	-9.346050E-5	-1.270842E+0
-1.648000E-1	9.067600E-3	-3.128070E-4	-1.269759E+0
-1.646000E-1	9.151520E-3	-6.866500E-5	-1.268095E+0
-1.644000E-1	8.924540E-3	-8.583120E-5	-1.267522E+0
-1.642000E-1	8.976040E-3	-2.384200E-4	-1.266125E+0
-1.640000E-1	9.203020E-3	-1.125340E-4	-1.264636E+0
-1.638000E-1	9.067600E-3	5.531330E-5	-1.263471E+0
-1.636000E-1	8.871140E-3	-1.602180E-4	-1.262129E+0
-1.634000E-1	9.143890E-3	-1.945500E-4	-1.260613E+0
-1.632000E-1	9.109560E-3	-5.531330E-5	-1.258634E+0
-1.630000E-1	8.939800E-3	-1.201630E-4	-1.257755E+0
-1.628000E-1	9.019910E-3	-2.727530E-4	-1.256266E+0
-1.626000E-1	9.130540E-3	-9.536790E-5	-1.253658E+0
-1.624000E-1	8.918820E-3	-3.051780E-5	-1.253011E+0
-1.622000E-1	8.972230E-3	-2.670310E-4	-1.252160E+0
-1.620000E-1	9.147700E-3	-1.392370E-4	-1.250467E+0
-1.618000E-1	9.018000E-3	-1.525890E-5	-1.249320E+0
-1.616000E-1	8.943620E-3	-1.850140E-4	-1.248497E+0
-1.614000E-1	9.208740E-3	-1.468670E-4	-1.246518E+0
-1.612000E-1	8.998930E-3	1.335150E-5	-1.245232E+0
-1.610000E-1	8.924540E-3	-2.460500E-4	-1.244409E+0
-1.608000E-1	9.090480E-3	-1.010900E-4	-1.242466E+0
-1.606000E-1	9.021820E-3	6.103560E-5	-1.241366E+0
-1.604000E-1	8.897840E-3	-1.621260E-4	-1.240275E+0
-1.602000E-1	9.111460E-3	-1.697550E-4	-1.238268E+0
-1.600000E-1	9.082850E-3	1.716630E-5	-1.237066E+0
-1.598000E-1	8.943620E-3	-1.735700E-4	-1.236612E+0
-1.596000E-1	9.090480E-3	-2.479570E-4	-1.234818E+0
-1.594000E-1	9.101930E-3	-4.959130E-5	-1.233329E+0
-1.592000E-1	8.859690E-3	-9.346050E-5	-1.232543E+0
-1.590000E-1	9.086670E-3	-1.640330E-4	-1.230952E+0
-1.588000E-1	9.122910E-3	3.051780E-5	-1.229204E+0
-1.586000E-1	8.932170E-3	-9.727520E-5	-1.228825E+0
-1.584000E-1	9.086670E-3	-2.117170E-4	-1.227123E+0
-1.582000E-1	9.176310E-3	-4.768390E-5	-1.225061E+0
-1.580000E-1	8.922640E-3	-4.005460E-5	-1.223988E+0
-1.578000E-1	9.002750E-3	-2.269750E-4	-1.222905E+0
-1.576000E-1	9.126720E-3	-5.340600E-5	-1.220770E+0
-1.574000E-1	8.899750E-3	9.536800E-6	-1.219910E+0
-1.572000E-1	9.016100E-3	-2.536790E-4	-1.218512E+0
-1.570000E-1	9.145800E-3	-8.964590E-5	-1.216718E+0
-1.568000E-1	9.012280E-3	-1.335150E-5	-1.215617E+0
-1.566000E-1	8.956970E-3	-1.735700E-4	-1.214915E+0
-1.564000E-1	9.183940E-3	-1.983650E-4	-1.213398E+0
-1.562000E-1	9.122910E-3	3.242520E-5	-1.211779E+0
-1.560000E-1	8.884490E-3	-1.029970E-4	-1.210910E+0
-1.558000E-1	9.069500E-3	-2.441420E-4	-1.209505E+0
-1.556000E-1	9.176310E-3	-1.163490E-4	-1.207580E+0
-1.554000E-1	8.979860E-3	-3.242520E-5	-1.206989E+0
-1.552000E-1	9.023730E-3	-2.594010E-4	-1.205980E+0
-1.550000E-1	9.164870E-3	-1.087190E-4	-1.203668E+0
-1.548000E-1	8.884490E-3	-2.670300E-5	-1.202762E+0
-1.546000E-1	8.964600E-3	-2.002730E-4	-1.201356E+0
-1.544000E-1	9.174410E-3	-1.850140E-4	-1.199146E+0
-1.542000E-1	9.168680E-3	-5.722080E-6	-1.197648E+0
-1.540000E-1	8.916910E-3	-2.479560E-5	-1.197093E+0
-1.538000E-1	8.989390E-3	-2.536790E-4	-1.196057E+0
-1.536000E-1	9.161060E-3	-6.675770E-5	-1.194503E+0
-1.534000E-1	8.913100E-3	-3.814730E-6	-1.193300E+0
-1.532000E-1	8.998930E-3	-2.384200E-4	-1.192311E+0
-1.530000E-1	9.214460E-3	-9.346050E-5	-1.190193E+0
-1.528000E-1	9.046610E-3	3.623990E-5	-1.189055E+0
-1.526000E-1	8.968410E-3	-1.850140E-4	-1.187751E+0
-1.524000E-1	9.176310E-3	-1.983650E-4	-1.186281E+0
-1.522000E-1	9.086670E-3	-1.335150E-5	-1.184866E+0
-1.520000E-1	8.924540E-3	-1.335150E-4	-1.184154E+0
-1.518000E-1	9.069500E-3	-2.689380E-4	-1.182424E+0
-1.516000E-1	9.176310E-3	-4.196190E-5	-1.180723E+0
-1.514000E-1	8.937900E-3	-4.196190E-5	-1.179871E+0
-1.512000E-1	9.010370E-3	-2.460500E-4	-1.178753E+0
-1.510000E-1	9.174410E-3	-1.544960E-4	-1.176606E+0
-1.508000E-1	9.033260E-3	-5.722080E-6	-1.176014E+0
-1.506000E-1	8.846340E-3	-1.392370E-4	-1.174683E+0
-1.504000E-1	9.113370E-3	-2.517720E-4	-1.173018E+0
-1.502000E-1	9.056150E-3	1.525890E-5	-1.171677E+0
-1.500000E-1	8.909290E-3	-1.049050E-4	-1.171067E+0
-1.498000E-1	9.100020E-3	-2.136240E-4	-1.169540E+0
-1.496000E-1	9.151520E-3	-5.531330E-5	-1.167580E+0
-1.494000E-1	8.941710E-3	-4.196190E-5	-1.166942E+0
-1.492000E-1	9.056150E-3	-2.460500E-4	-1.165619E+0
-1.490000E-1	9.203020E-3	-7.820180E-5	-1.163797E+0
-1.488000E-1	8.937900E-3	1.907360E-6	-1.162382E+0
-1.486000E-1	9.046610E-3	-2.326970E-4	-1.161328E+0
-1.484000E-1	9.206830E-3	-8.583120E-5	-1.158896E+0
-1.482000E-1	8.960780E-3	-3.433250E-5	-1.158285E+0
-1.480000E-1	9.042800E-3	-3.128070E-4	-1.157508E+0
-1.478000E-1	9.166780E-3	-1.125340E-4	-1.155371E+0
-1.476000E-1	8.922640E-3	-3.814730E-6	-1.154298E+0
-1.474000E-1	8.991300E-3	-2.594010E-4	-1.153189E+0
-1.472000E-1	9.161060E-3	-2.517720E-4	-1.151700E+0
-1.470000E-1	9.126720E-3	3.814720E-5	-1.149591E+0
-1.468000E-1	8.907380E-3	-4.959130E-5	-1.149212E+0
-1.466000E-1	9.031360E-3	-2.613090E-4	-1.147630E+0
-1.464000E-1	9.178220E-3	-1.068120E-4	-1.145900E+0
-1.462000E-1	8.998930E-3	-2.861030E-5	-1.144874E+0
-1.460000E-1	9.000840E-3	-2.346050E-4	-1.143569E+0
-1.458000E-1	9.195390E-3	-1.487740E-4	-1.141776E+0
-1.456000E-1	9.094300E-3	2.098100E-5	-1.140287E+0
-1.454000E-1	8.924540E-3	-1.277930E-4	-1.139649E+0
-1.452000E-1	9.149610E-3	-2.117170E-4	-1.138261E+0
-1.450000E-1	9.105740E-3	0.000000E+0	-1.136763E+0
-1.448000E-1	8.951250E-3	-2.765670E-4	-1.136449E+0
-1.446000E-1	9.189670E-3	-2.079020E-4	-1.134118E+0
-1.444000E-1	9.029450E-3	1.525890E-5	-1.133165E+0
-1.442000E-1	8.964600E-3	-1.907360E-4	-1.132851E+0
-1.440000E-1	9.178220E-3	-1.983650E-4	-1.130853E+0
-1.438000E-1	9.149610E-3	2.479560E-5	-1.129096E+0
-1.436000E-1	8.894030E-3	-1.182560E-4	-1.128457E+0
-1.434000E-1	9.159150E-3	-2.002730E-4	-1.126461E+0
-1.432000E-1	9.132440E-3	5.149860E-5	-1.124740E+0
-1.430000E-1	8.907380E-3	-8.773850E-5	-1.124508E+0
-1.428000E-1	9.096210E-3	-2.517720E-4	-1.122548E+0
-1.426000E-1	9.189670E-3	-2.021800E-4	-1.120874E+0
-1.424000E-1	9.098110E-3	2.670300E-5	-1.119856E+0
-1.422000E-1	8.976040E-3	-2.136240E-4	-1.119745E+0
-1.420000E-1	9.183940E-3	-2.250680E-4	-1.118016E+0
-1.418000E-1	9.153430E-3	-1.907360E-6	-1.115889E+0
-1.416000E-1	8.966510E-3	-2.288830E-4	-1.115657E+0
-1.414000E-1	9.195390E-3	-2.307900E-4	-1.113724E+0
-1.412000E-1	9.187760E-3	-6.294300E-5	-1.112134E+0
-1.410000E-1	8.941710E-3	-5.340600E-5	-1.111209E+0
-1.408000E-1	9.096210E-3	-2.746600E-4	-1.109886E+0
-1.406000E-1	9.161060E-3	-1.220710E-4	-1.108231E+0
-1.404000E-1	8.962690E-3	3.051780E-5	-1.107131E+0
-1.402000E-1	9.019910E-3	-2.403270E-4	-1.106363E+0
-1.400000E-1	9.153430E-3	-5.722070E-5	-1.104171E+0
-1.398000E-1	9.004650E-3	5.722080E-6	-1.103366E+0
-1.396000E-1	8.972230E-3	-2.346050E-4	-1.102506E+0
-1.394000E-1	9.204920E-3	-1.316080E-4	-1.100721E+0
-1.392000E-1	9.107650E-3	5.722080E-6	-1.099389E+0
-1.390000E-1	8.989390E-3	7.820180E-5	-1.097881E+0
-1.388000E-1	9.029450E-3	-1.983650E-4	-1.096384E+0
-1.386000E-1	9.225900E-3	-1.201630E-4	-1.094663E+0
-1.384000E-1	9.042800E-3	2.479560E-5	-1.093821E+0
-1.382000E-1	9.038980E-3	-1.983650E-4	-1.093701E+0
-1.380000E-1	9.203020E-3	-1.888280E-4	-1.091426E+0
-1.378000E-1	9.071410E-3	-2.098100E-5	-1.090168E+0
-1.376000E-1	8.918820E-3	-1.354230E-4	-1.089280E+0
-1.374000E-1	9.061870E-3	-2.918260E-4	-1.087764E+0
-1.372000E-1	9.212550E-3	-1.602180E-4	-1.086422E+0
-1.370000E-1	9.079040E-3	3.433250E-5	-1.084795E+0
-1.368000E-1	8.949340E-3	-1.544960E-4	-1.083500E+0
-1.366000E-1	9.212550E-3	-1.640330E-4	-1.081927E+0
-1.364000E-1	9.159150E-3	5.149860E-5	-1.080697E+0
-1.362000E-1	9.002750E-3	-1.659400E-4	-1.079949E+0
-1.360000E-1	9.193480E-3	-2.250680E-4	-1.077904E+0
-1.358000E-1	9.107650E-3	-5.912800E-5	-1.075805E+0
-1.356000E-1	8.911190E-3	-1.297010E-4	-1.075250E+0
-1.354000E-1	9.122910E-3	-1.964580E-4	-1.073446E+0
-1.352000E-1	9.185850E-3	-3.814730E-6	-1.071902E+0
-1.350000E-1	8.955060E-3	-8.583120E-5	-1.071181E+0
-1.348000E-1	9.155330E-3	-2.651230E-4	-1.070016E+0
-1.346000E-1	9.170590E-3	0.000000E+0	-1.068535E+0
-1.344000E-1	8.939800E-3	-1.373300E-4	-1.067674E+0
-1.342000E-1	9.172500E-3	-2.708450E-4	-1.065890E+0
-1.340000E-1	9.231630E-3	-4.005460E-5	-1.064161E+0
-1.338000E-1	8.949340E-3	-5.912800E-5	-1.063162E+0
-1.336000E-1	9.119090E-3	-2.670310E-4	-1.061663E+0
-1.334000E-1	9.187760E-3	-7.629440E-5	-1.059657E+0
-1.332000E-1	8.964600E-3	-1.907360E-5	-1.059083E+0
-1.330000E-1	9.038980E-3	-2.346050E-4	-1.057853E+0
-1.328000E-1	9.216370E-3	-6.675770E-5	-1.055624E+0
-1.326000E-1	9.077130E-3	1.144420E-5	-1.054634E+0
-1.324000E-1	8.991300E-3	-2.212530E-4	-1.053737E+0
-1.322000E-1	9.126720E-3	-2.193460E-4	-1.051776E+0
-1.320000E-1	9.216370E-3	-4.386930E-5	-1.050066E+0
-1.318000E-1	8.964600E-3	-1.716630E-5	-1.049742E+0
-1.316000E-1	9.086670E-3	-2.021800E-4	-1.048891E+0
-1.314000E-1	9.256420E-3	-1.659400E-4	-1.046635E+0
-1.312000E-1	9.136260E-3	-3.051780E-5	-1.045358E+0
-1.310000E-1	8.964600E-3	-1.487740E-4	-1.044396E+0
-1.308000E-1	9.178220E-3	-2.212530E-4	-1.042749E+0
-1.306000E-1	9.145800E-3	-1.335150E-5	-1.041279E+0
-1.304000E-1	8.998930E-3	-1.831060E-4	-1.040798E+0
-1.302000E-1	9.122910E-3	-2.384200E-4	-1.038579E+0
-1.300000E-1	9.203020E-3	-8.010910E-5	-1.036627E+0
-1.298000E-1	8.985580E-3	-5.340600E-5	-1.036072E+0
-1.296000E-1	9.031360E-3	-1.850140E-4	-1.035036E+0
-1.294000E-1	9.285030E-3	-1.773840E-4	-1.033131E+0
-1.292000E-1	9.084760E-3	6.103560E-5	-1.031762E+0
-1.290000E-1	8.974130E-3	-1.487740E-4	-1.030819E+0
-1.288000E-1	9.107650E-3	-2.574940E-4	-1.029339E+0
-1.286000E-1	9.246890E-3	-1.106270E-4	-1.027480E+0
-1.284000E-1	9.018000E-3	-3.433250E-5	-1.026638E+0
-1.282000E-1	9.023730E-3	-2.326970E-4	-1.025797E+0
-1.280000E-1	9.203020E-3	-1.602180E-4	-1.023410E+0
-1.278000E-1	9.143890E-3	9.536800E-6	-1.021783E+0
-1.276000E-1	8.983670E-3	-2.269750E-4	-1.021237E+0
-1.274000E-1	9.189670E-3	-2.307900E-4	-1.019424E+0
-1.272000E-1	9.256420E-3	-1.716620E-4	-1.017805E+0
-1.270000E-1	9.027540E-3	0.000000E+0	-1.017048E+0
-1.268000E-1	9.107650E-3	-2.765670E-4	-1.016114E+0
-1.266000E-1	9.281220E-3	-9.918260E-5	-1.014283E+0
-1.264000E-1	9.025630E-3	1.144420E-5	-1.013015E+0
-1.262000E-1	8.985580E-3	-1.792920E-4	-1.012127E+0
-1.260000E-1	9.203020E-3	-1.487740E-4	-1.010019E+0
-1.258000E-1	9.145800E-3	-1.907360E-6	-1.008271E+0
-1.256000E-1	8.983670E-3	-1.201630E-4	-1.007392E+0
-1.254000E-1	9.208740E-3	-2.250680E-4	-1.006060E+0
-1.252000E-1	9.185850E-3	3.814720E-5	-1.004515E+0
-1.250000E-1	8.989390E-3	-1.602180E-4	-1.004247E+0
-1.248000E-1	9.172500E-3	-2.727530E-4	-1.002185E+0
-1.246000E-1	9.141980E-3	-8.583120E-5	-1.000547E+0
-1.244000E-1	9.029450E-3	-8.773850E-5	-1.000233E+0
-1.242000E-1	8.981760E-3	-2.269750E-4	-9.988545E-1
-1.240000E-1	9.201110E-3	-1.716620E-4	-9.967705E-1
-1.238000E-1	9.094300E-3	5.149860E-5	-9.954347E-1
-1.236000E-1	8.983670E-3	-1.144410E-4	-9.946105E-1
-1.234000E-1	9.092390E-3	-2.765670E-4	-9.933627E-1
-1.232000E-1	9.244980E-3	-6.675770E-5	-9.913396E-1
-1.230000E-1	9.008470E-3	-4.768390E-5	-9.908337E-1
-1.228000E-1	9.077130E-3	-2.841970E-4	-9.892269E-1
-1.226000E-1	9.246890E-3	-8.010910E-5	-9.870522E-1
-1.224000E-1	9.082850E-3	7.629450E-6	-9.857637E-1
-1.222000E-1	8.970320E-3	-1.735700E-4	-9.849349E-1
-1.220000E-1	9.195390E-3	-1.239790E-4	-9.832005E-1
-1.218000E-1	9.174410E-3	3.814730E-6	-9.817796E-1
-1.216000E-1	9.006560E-3	-2.117170E-4	-9.813745E-1
-1.214000E-1	9.168680E-3	-2.746600E-4	-9.794208E-1
-1.212000E-1	9.187760E-3	-4.005460E-5	-9.776458E-1
-1.210000E-1	8.956970E-3	-1.087190E-4	-9.769844E-1
-1.208000E-1	9.077130E-3	-2.479570E-4	-9.753148E-1
-1.206000E-1	9.277400E-3	-2.365120E-4	-9.735544E-1
-1.204000E-1	9.174410E-3	-1.144420E-5	-9.718154E-1
-1.202000E-1	8.981760E-3	-9.346050E-5	-9.711892E-1
-1.200000E-1	9.143890E-3	-3.337880E-4	-9.699821E-1
-1.198000E-1	9.189670E-3	-9.346050E-5	-9.679702E-1
-1.196000E-1	9.033260E-3	4.768390E-5	-9.671386E-1
-1.194000E-1	8.945520E-3	-2.269750E-4	-9.664254E-1
-1.192000E-1	9.166780E-3	-1.583110E-4	-9.641581E-1
-1.190000E-1	9.153430E-3	4.005460E-5	-9.622092E-1
-1.188000E-1	9.061870E-3	5.722080E-6	-9.615071E-1
-1.186000E-1	9.018000E-3	-2.460500E-4	-9.605016E-1
-1.184000E-1	9.233530E-3	-2.193460E-4	-9.585683E-1
-1.182000E-1	9.145800E-3	-3.242520E-5	-9.572890E-1
-1.180000E-1	8.977950E-3	-1.716620E-4	-9.560023E-1
-1.178000E-1	9.128630E-3	-2.765670E-4	-9.542467E-1
-1.176000E-1	9.203020E-3	-4.196190E-5	-9.525390E-1
-1.174000E-1	8.918820E-3	-1.297010E-4	-9.520554E-1
-1.172000E-1	9.079040E-3	-2.193460E-4	-9.505115E-1
-1.170000E-1	9.191570E-3	-3.623990E-5	-9.483432E-1
-1.168000E-1	8.970320E-3	-5.340600E-5	-9.473923E-1
-1.166000E-1	9.084760E-3	-2.269750E-4	-9.459909E-1
-1.164000E-1	9.225900E-3	-9.536790E-5	-9.443398E-1
-1.162000E-1	9.069500E-3	8.773850E-5	-9.433112E-1
-1.160000E-1	8.995120E-3	-1.678480E-4	-9.425230E-1
-1.158000E-1	9.227810E-3	-2.288830E-4	-9.403993E-1
-1.156000E-1	9.220180E-3	2.479560E-5	-9.389340E-1
-1.154000E-1	9.052340E-3	5.149860E-5	-9.380053E-1
-1.152000E-1	8.937900E-3	-1.335150E-4	-9.368463E-1
-1.150000E-1	9.033260E-3	-2.574940E-4	-9.357131E-1
-1.148000E-1	9.227810E-3	-1.926430E-4	-9.336790E-1
-1.146000E-1	9.195390E-3	-3.814720E-5	-9.321287E-1
-1.144000E-1	9.019910E-3	9.155320E-5	-9.310890E-1
-1.142000E-1	8.943620E-3	-1.277930E-4	-9.300854E-1
-1.140000E-1	9.035170E-3	-3.318810E-4	-9.284407E-1
-1.138000E-1	9.273590E-3	-1.125340E-4	-9.266027E-1
-1.136000E-1	9.180130E-3	-1.525890E-5	-9.257193E-1
-1.134000E-1	8.966510E-3	-5.912800E-5	-9.249496E-1
-1.132000E-1	8.991300E-3	-2.403270E-4	-9.235945E-1
-1.130000E-1	9.277400E-3	-2.250680E-4	-9.217001E-1
-1.128000E-1	9.061870E-3	-4.005460E-5	-9.207732E-1
-1.126000E-1	8.964600E-3	-1.659400E-4	-9.198741E-1
-1.124000E-1	9.037080E-3	-2.288830E-4	-9.185375E-1
-1.122000E-1	9.264050E-3	-1.831060E-4	-9.165117E-1
-1.120000E-1	9.201110E-3	2.670300E-5	-9.148957E-1
-1.118000E-1	8.939800E-3	-3.242520E-5	-9.144128E-1
-1.116000E-1	9.018000E-3	-3.223440E-4	-9.128449E-1
-1.114000E-1	9.159150E-3	-2.861040E-4	-9.108090E-1
-1.112000E-1	9.206830E-3	-4.959130E-5	-9.093234E-1
-1.110000E-1	8.991300E-3	-2.098100E-5	-9.083503E-1
-1.108000E-1	8.985580E-3	-2.689380E-4	-9.075399E-1
-1.106000E-1	9.204920E-3	-2.288830E-4	-9.056372E-1
-1.104000E-1	9.182040E-3	-7.057240E-5	-9.045532E-1
-1.102000E-1	9.100020E-3	1.907360E-6	-9.027836E-1
-1.100000E-1	8.956970E-3	-7.247970E-5	-9.018761E-1
-1.098000E-1	9.048520E-3	-2.613090E-4	-9.003989E-1
-1.096000E-1	9.189670E-3	-1.640330E-4	-8.985618E-1
-1.094000E-1	9.244980E-3	1.144420E-5	-8.968755E-1
-1.092000E-1	9.035170E-3	-6.675770E-5	-8.963029E-1
-1.090000E-1	8.981760E-3	-2.117170E-4	-8.946148E-1
-1.088000E-1	9.082850E-3	-2.708450E-4	-8.931107E-1
-1.086000E-1	9.218280E-3	-9.536790E-5	-8.913883E-1
-1.084000E-1	9.115280E-3	3.433250E-5	-8.901535E-1
-1.082000E-1	8.976040E-3	-4.577660E-5	-8.892395E-1
-1.080000E-1	8.995120E-3	-2.250680E-4	-8.877956E-1
-1.078000E-1	9.151520E-3	-3.185290E-4	-8.860879E-1
-1.076000E-1	9.233530E-3	-1.144410E-4	-8.849012E-1
-1.074000E-1	9.185850E-3	-1.907360E-6	-8.835424E-1
-1.072000E-1	9.058060E-3	-1.907360E-6	-8.824370E-1
-1.070000E-1	8.897840E-3	-1.335150E-4	-8.817922E-1
-1.068000E-1	9.082850E-3	-2.498650E-4	-8.801383E-1
-1.066000E-1	9.285030E-3	-2.250680E-4	-8.780857E-1
-1.064000E-1	9.229720E-3	-6.866500E-5	-8.765891E-1
-1.062000E-1	9.016100E-3	5.149860E-5	-8.759129E-1
-1.060000E-1	8.911190E-3	-6.675770E-5	-8.749860E-1
-1.058000E-1	9.004650E-3	-2.403270E-4	-8.733127E-1
-1.056000E-1	9.208740E-3	-2.384200E-4	-8.713192E-1
-1.054000E-1	9.246890E-3	-8.964590E-5	-8.698911E-1
-1.052000E-1	9.018000E-3	4.768390E-5	-8.691335E-1
-1.050000E-1	8.970320E-3	-1.773840E-4	-8.676840E-1
-1.048000E-1	9.096210E-3	-2.784750E-4	-8.660180E-1
-1.046000E-1	9.189670E-3	-9.536790E-5	-8.644621E-1
-1.044000E-1	8.998930E-3	5.722080E-6	-8.636398E-1
-1.042000E-1	8.977950E-3	-2.651230E-4	-8.625946E-1
-1.040000E-1	9.216370E-3	-1.106270E-4	-8.603819E-1
-1.038000E-1	9.029450E-3	4.577660E-5	-8.594966E-1
-1.036000E-1	9.023730E-3	-1.907360E-4	-8.583256E-1
-1.034000E-1	9.222090E-3	-1.831060E-4	-8.564506E-1
-1.032000E-1	9.098110E-3	5.531330E-5	-8.550825E-1
-1.030000E-1	8.935990E-3	-1.640330E-4	-8.547800E-1
-1.028000E-1	9.159150E-3	-1.831060E-4	-8.528014E-1
-1.026000E-1	9.195390E-3	2.479560E-5	-8.512206E-1
-1.024000E-1	8.956970E-3	-5.340600E-5	-8.503760E-1
-1.022000E-1	9.031360E-3	-2.498650E-4	-8.494242E-1
-1.020000E-1	9.174410E-3	-2.040870E-4	-8.475298E-1
-1.018000E-1	9.101930E-3	-1.335150E-5	-8.459536E-1
-1.016000E-1	8.987490E-3	-1.430520E-4	-8.452737E-1
-1.014000E-1	9.203020E-3	-2.403270E-4	-8.434616E-1
-1.012000E-1	9.187760E-3	-5.722070E-5	-8.422470E-1
-1.010000E-1	9.014190E-3	5.722080E-6	-8.415052E-1
-1.008000E-1	9.002750E-3	-1.773840E-4	-8.401602E-1
-1.006000E-1	9.145800E-3	-2.307900E-4	-8.386163E-1
-1.004000E-1	9.250700E-3	-1.888280E-4	-8.368662E-1
-1.002000E-1	9.185850E-3	-2.288830E-5	-8.353696E-1
-1.000000E-1	8.962690E-3	-5.912800E-5	-8.342013E-1
-9.980000E-2	9.105740E-3	-2.651230E-4	-8.329081E-1
-9.960000E-2	9.283130E-3	-1.869210E-4	-8.307371E-1
-9.940000E-2	9.334620E-3	2.479560E-5	-8.293376E-1
-9.920000E-2	9.126720E-3	7.629440E-5	-8.286521E-1
-9.900000E-2	8.964600E-3	-6.675770E-5	-8.275939E-1
-9.880000E-2	8.991300E-3	-2.441420E-4	-8.261130E-1
-9.860000E-2	9.216370E-3	-1.811990E-4	-8.240659E-1
-9.840000E-2	9.210650E-3	-4.196190E-5	-8.228569E-1
-9.820000E-2	9.096210E-3	5.149860E-5	-8.216229E-1
-9.800000E-2	8.941710E-3	-7.438710E-5	-8.207460E-1
-9.780000E-2	9.048520E-3	-3.051780E-4	-8.193280E-1
-9.760000E-2	9.224000E-3	-1.277930E-4	-8.174493E-1
-9.740000E-2	9.168680E-3	0.000000E+0	-8.160960E-1
-9.720000E-2	8.989390E-3	-1.049050E-4	-8.152663E-1
-9.700000E-2	9.117190E-3	-2.555870E-4	-8.136780E-1
-9.680000E-2	9.321270E-3	-1.335150E-4	-8.117216E-1
-9.660000E-2	9.115280E-3	-2.670300E-5	-8.112415E-1
-9.640000E-2	8.960780E-3	-1.468670E-4	-8.103766E-1
-9.620000E-2	9.094300E-3	-2.746600E-4	-8.087689E-1
-9.600000E-2	9.283130E-3	-1.373300E-4	-8.068617E-1
-9.580000E-2	9.214460E-3	1.907360E-5	-8.052715E-1
-9.560000E-2	9.038980E-3	-9.346050E-5	-8.046721E-1
-9.540000E-2	9.155330E-3	-2.613090E-4	-8.030487E-1
-9.520000E-2	9.273590E-3	-2.384200E-4	-8.010479E-1
-9.500000E-2	9.285030E-3	0.000000E+0	-7.998389E-1
-9.480000E-2	9.025630E-3	-1.277930E-4	-7.992636E-1
-9.460000E-2	9.056150E-3	-2.422340E-4	-7.979500E-1
-9.440000E-2	9.252610E-3	-2.269750E-4	-7.962951E-1
-9.420000E-2	9.330810E-3	-3.433250E-5	-7.949012E-1
-9.400000E-2	9.191570E-3	-5.722080E-6	-7.942573E-1
-9.380000E-2	8.998930E-3	-1.449590E-4	-7.930678E-1
-9.360000E-2	9.117190E-3	-3.318810E-4	-7.911105E-1
-9.340000E-2	9.315550E-3	-1.220710E-4	-7.893141E-1
-9.320000E-2	9.237350E-3	-5.722080E-6	-7.881236E-1
-9.300000E-2	9.004650E-3	-1.277930E-4	-7.875381E-1
-9.280000E-2	9.149610E-3	-3.109000E-4	-7.859970E-1
-9.260000E-2	9.365140E-3	-2.117170E-4	-7.837131E-1
-9.240000E-2	9.342250E-3	5.722080E-6	-7.823367E-1
-9.220000E-2	9.063780E-3	-4.768390E-5	-7.814126E-1
-9.200000E-2	9.071410E-3	-2.613090E-4	-7.803924E-1
-9.180000E-2	9.204920E-3	-2.670310E-4	-7.786090E-1
-9.160000E-2	9.357510E-3	-1.850140E-4	-7.772972E-1
-9.140000E-2	9.409010E-3	-6.866500E-5	-7.760402E-1
-9.120000E-2	9.224000E-3	9.536800E-6	-7.748552E-1
-9.100000E-2	9.109560E-3	-6.103560E-5	-7.741826E-1
-9.080000E-2	9.201110E-3	-3.185290E-4	-7.727481E-1
-9.060000E-2	9.367050E-3	-2.574940E-4	-7.709674E-1
-9.040000E-2	9.275500E-3	-1.716630E-5	-7.696696E-1
-9.020000E-2	9.122910E-3	-1.354230E-4	-7.686743E-1
-9.000000E-2	9.195390E-3	-2.441420E-4	-7.672895E-1
-8.980000E-2	9.407100E-3	-1.201630E-4	-7.653738E-1
-8.960000E-2	9.323180E-3	8.964590E-5	-7.637856E-1
-8.940000E-2	9.149610E-3	-7.057240E-5	-7.629244E-1
-8.920000E-2	9.254520E-3	-2.384200E-4	-7.612788E-1
-8.900000E-2	9.361330E-3	-2.956410E-4	-7.595546E-1
-8.880000E-2	9.409010E-3	-1.068120E-4	-7.578007E-1
-8.860000E-2	9.204920E-3	-1.068120E-4	-7.570737E-1
-8.840000E-2	9.294570E-3	-2.250680E-4	-7.556195E-1
-8.820000E-2	9.426180E-3	-1.621260E-4	-7.537233E-1
-8.800000E-2	9.510100E-3	-5.340600E-5	-7.523783E-1
-8.780000E-2	9.294570E-3	0.000000E+0	-7.508021E-1
-8.760000E-2	9.269770E-3	-2.403270E-4	-7.504192E-1
-8.740000E-2	9.433810E-3	-2.670310E-4	-7.482334E-1
-8.720000E-2	9.464320E-3	-3.242520E-5	-7.464426E-1
-8.700000E-2	9.182040E-3	-1.144410E-4	-7.451170E-1
-8.680000E-2	9.315550E-3	-3.013630E-4	-7.432559E-1
-8.660000E-2	9.513910E-3	-2.994560E-4	-7.416695E-1
-8.640000E-2	9.489120E-3	-4.005460E-5	-7.404752E-1
-8.620000E-2	9.347980E-3	7.247970E-5	-7.390831E-1
-8.600000E-2	9.239260E-3	-1.201630E-4	-7.382886E-1
-8.580000E-2	9.397570E-3	-2.765670E-4	-7.366522E-1
-8.560000E-2	9.519640E-3	-1.983650E-4	-7.346061E-1
-8.540000E-2	9.540620E-3	-2.670300E-5	-7.331760E-1
-8.520000E-2	9.361330E-3	-1.602180E-4	-7.324332E-1
-8.500000E-2	9.468140E-3	-2.632160E-4	-7.309402E-1
-8.480000E-2	9.620730E-3	-1.468670E-4	-7.287563E-1
-8.460000E-2	9.544430E-3	3.051780E-5	-7.276916E-1
-8.440000E-2	9.325090E-3	-4.959130E-5	-7.275213E-1
-8.420000E-2	9.302200E-3	-8.583120E-5	-7.255307E-1
-8.400000E-2	9.491030E-3	-2.574940E-4	-7.240776E-1
-8.380000E-2	9.624540E-3	-2.670310E-4	-7.220842E-1
-8.360000E-2	9.605470E-3	-1.907360E-5	-7.210953E-1
-8.340000E-2	9.489120E-3	3.051780E-5	-7.202415E-1
-8.320000E-2	9.405200E-3	-1.449590E-4	-7.191833E-1
-8.300000E-2	9.510100E-3	-3.204360E-4	-7.176062E-1
-8.280000E-2	9.704650E-3	-1.487740E-4	-7.161354E-1
-8.260000E-2	9.744700E-3	6.485030E-5	-7.146304E-1
-8.240000E-2	9.473860E-3	-3.623990E-5	-7.139256E-1
-8.220000E-2	9.409010E-3	-2.155310E-4	-7.123095E-1
-8.200000E-2	9.452880E-3	-3.376030E-4	-7.108212E-1
-8.180000E-2	9.771410E-3	-2.250680E-4	-7.087742E-1
-8.160000E-2	9.822910E-3	-4.959130E-5	-7.073876E-1
-8.140000E-2	9.677950E-3	5.149860E-5	-7.062637E-1
-8.120000E-2	9.578760E-3	-3.051780E-5	-7.049446E-1
-8.100000E-2	9.584490E-3	-2.594010E-4	-7.040436E-1
-8.080000E-2	9.716090E-3	-2.784750E-4	-7.025627E-1
-8.060000E-2	9.807650E-3	-1.754770E-4	-7.006488E-1
-8.040000E-2	9.796200E-3	7.629450E-6	-6.992216E-1
-8.020000E-2	9.532990E-3	-4.005460E-5	-6.980690E-1
-8.000000E-2	9.632170E-3	-2.536790E-4	-6.968406E-1
-7.980000E-2	9.933530E-3	-2.651230E-4	-6.946696E-1
-7.960000E-2	9.944980E-3	-1.068120E-4	-6.932515E-1
-7.940000E-2	9.809550E-3	4.196190E-5	-6.916143E-1
-7.920000E-2	9.649340E-3	-4.959130E-5	-6.905283E-1
-7.900000E-2	9.679850E-3	-1.945500E-4	-6.894043E-1
-7.880000E-2	9.897290E-3	-2.880120E-4	-6.874656E-1
-7.860000E-2	1.001750E-2	-2.861030E-5	-6.859615E-1
-7.840000E-2	9.826720E-3	4.386930E-5	-6.848894E-1
-7.820000E-2	9.718000E-3	-1.449590E-4	-6.840504E-1
-7.800000E-2	9.765680E-3	-2.498650E-4	-6.822022E-1
-7.780000E-2	9.998380E-3	-2.765670E-4	-6.802311E-1
-7.760000E-2	9.967860E-3	-6.866500E-5	-6.787048E-1
-7.740000E-2	9.777130E-3	-3.623990E-5	-6.774875E-1
-7.720000E-2	9.754240E-3	-1.869210E-4	-6.759870E-1
-7.700000E-2	9.994570E-3	-3.032700E-4	-6.742721E-1
-7.680000E-2	1.013950E-2	-1.182560E-4	-6.721732E-1
-7.660000E-2	9.994570E-3	5.340600E-5	-6.708005E-1
-7.640000E-2	9.821000E-3	-8.201650E-5	-6.703435E-1
-7.620000E-2	9.889660E-3	-2.861040E-4	-6.687664E-1
-7.600000E-2	1.016620E-2	-8.773850E-5	-6.663641E-1
-7.580000E-2	1.004610E-2	5.149860E-5	-6.654280E-1
-7.560000E-2	9.876310E-3	-1.811990E-4	-6.648545E-1
-7.540000E-2	9.901110E-3	-2.613090E-4	-6.630211E-1
-7.520000E-2	1.025400E-2	-2.689380E-4	-6.607012E-1
-7.500000E-2	1.036270E-2	-8.773850E-5	-6.593896E-1
-7.480000E-2	1.007280E-2	1.335150E-5	-6.586663E-1
-7.460000E-2	9.922090E-3	-1.945500E-4	-6.571862E-1
-7.440000E-2	1.015860E-2	-2.994560E-4	-6.552122E-1
-7.420000E-2	1.034930E-2	-2.079020E-4	-6.531642E-1
-7.400000E-2	1.021770E-2	2.288830E-5	-6.518656E-1
-7.380000E-2	1.006130E-2	-2.098100E-5	-6.509553E-1
-7.360000E-2	1.017960E-2	-3.147140E-4	-6.489637E-1
-7.340000E-2	1.028640E-2	-3.662130E-4	-6.473311E-1
-7.320000E-2	1.042750E-2	-2.326970E-4	-6.460157E-1
-7.300000E-2	1.034170E-2	3.242520E-5	-6.440038E-1
-7.280000E-2	1.015670E-2	2.670300E-5	-6.430168E-1
-7.260000E-2	1.010140E-2	-2.594010E-4	-6.414406E-1
-7.240000E-2	1.030740E-2	-3.395100E-4	-6.389699E-1
-7.220000E-2	1.044090E-2	-1.602180E-4	-6.367647E-1
-7.200000E-2	1.045040E-2	-2.288830E-5	-6.350109E-1
-7.180000E-2	1.024060E-2	-1.716630E-5	-6.336992E-1
-7.160000E-2	1.015860E-2	-2.059950E-4	-6.326678E-1
-7.140000E-2	1.033030E-2	-3.051780E-4	-6.313829E-1
-7.120000E-2	1.043900E-2	-1.850140E-4	-6.293748E-1
-7.100000E-2	1.054960E-2	-2.098100E-5	-6.278938E-1
-7.080000E-2	1.025590E-2	-1.087190E-4	-6.266071E-1
-7.060000E-2	1.023300E-2	-3.032700E-4	-6.249477E-1
-7.040000E-2	1.048280E-2	-2.918260E-4	-6.231448E-1
-7.020000E-2	1.059540E-2	-1.487740E-4	-6.216490E-1
-7.000000E-2	1.057820E-2	-2.098100E-5	-6.201894E-1
-6.980000E-2	1.032450E-2	1.144420E-5	-6.195418E-1
-6.960000E-2	1.032640E-2	-2.765670E-4	-6.178463E-1
-6.940000E-2	1.049620E-2	-3.128070E-4	-6.162765E-1
-6.920000E-2	1.065070E-2	-2.365120E-4	-6.144534E-1
-6.900000E-2	1.071550E-2	-2.861030E-5	-6.127097E-1
-6.880000E-2	1.052100E-2	5.722070E-5	-6.117902E-1
-6.860000E-2	1.036080E-2	-1.468670E-4	-6.106396E-1
-6.840000E-2	1.049050E-2	-3.166220E-4	-6.089033E-1
-6.820000E-2	1.071550E-2	-1.850140E-4	-6.064253E-1
-6.800000E-2	1.073840E-2	-1.144420E-5	-6.044429E-1
-6.780000E-2	1.043710E-2	3.814730E-6	-6.034383E-1
-6.760000E-2	1.054770E-2	-3.318810E-4	-6.023560E-1
-6.740000E-2	1.069650E-2	-1.907360E-4	-6.003479E-1
-6.720000E-2	1.081470E-2	-1.926430E-4	-5.987125E-1
-6.700000E-2	1.084520E-2	-4.959130E-5	-5.964601E-1
-6.680000E-2	1.057630E-2	5.722080E-6	-5.949680E-1
-6.660000E-2	1.042940E-2	-2.079020E-4	-5.937830E-1
-6.640000E-2	1.041800E-2	-2.632160E-4	-5.923696E-1
-6.620000E-2	1.062970E-2	-4.100820E-4	-5.905806E-1
-6.600000E-2	1.086050E-2	-1.773840E-4	-5.887510E-1
-6.580000E-2	1.083950E-2	-2.288830E-5	-5.872950E-1
-6.560000E-2	1.073460E-2	9.346050E-5	-5.856577E-1
-6.540000E-2	1.054390E-2	-1.468670E-4	-5.850593E-1
-6.520000E-2	1.063930E-2	-3.223440E-4	-5.834229E-1
-6.500000E-2	1.078800E-2	-2.899190E-4	-5.811668E-1
-6.480000E-2	1.090820E-2	-2.517720E-4	-5.795175E-1
-6.460000E-2	1.092340E-2	7.629450E-6	-5.776943E-1
-6.440000E-2	1.070410E-2	6.294300E-5	-5.762975E-1
-6.420000E-2	1.053630E-2	-1.697550E-4	-5.758535E-1
-6.400000E-2	1.074610E-2	-3.585830E-4	-5.737917E-1
-6.380000E-2	1.100740E-2	-1.525890E-4	-5.721979E-1
-6.360000E-2	1.087770E-2	7.057240E-5	-5.707428E-1
-6.340000E-2	1.065260E-2	-6.294300E-5	-5.698603E-1
-6.320000E-2	1.077850E-2	-3.261580E-4	-5.677606E-1
-6.300000E-2	1.099210E-2	-2.288830E-4	-5.660123E-1
-6.280000E-2	1.103220E-2	-2.288830E-5	-5.635776E-1
-6.260000E-2	1.078990E-2	0.000000E+0	-5.625500E-1
-6.240000E-2	1.082620E-2	-2.594010E-4	-5.611856E-1
-6.220000E-2	1.104930E-2	-2.861040E-4	-5.588278E-1
-6.200000E-2	1.103790E-2	-4.577660E-5	-5.566336E-1
-6.180000E-2	1.083760E-2	4.959130E-5	-5.559056E-1
-6.160000E-2	1.077280E-2	-1.678480E-4	-5.551767E-1
-6.140000E-2	1.107030E-2	-3.528610E-4	-5.533970E-1
-6.120000E-2	1.099590E-2	6.675770E-5	-5.512649E-1
-6.100000E-2	1.082430E-2	-7.629450E-6	-5.503509E-1
-6.080000E-2	1.087190E-2	-1.316080E-4	-5.481429E-1
-6.060000E-2	1.107220E-2	-2.956410E-4	-5.461541E-1
-6.040000E-2	1.126100E-2	-2.117170E-4	-5.440765E-1
-6.020000E-2	1.110270E-2	1.335150E-5	-5.423523E-1
-6.000000E-2	1.097880E-2	-1.525890E-5	-5.410286E-1
-5.980000E-2	1.087000E-2	-2.307900E-4	-5.398058E-1
-5.960000E-2	1.109130E-2	-3.604910E-4	-5.380011E-1
-5.940000E-2	1.121530E-2	-8.583120E-5	-5.355146E-1
-5.920000E-2	1.102260E-2	4.005460E-5	-5.340522E-1
-5.900000E-2	1.091770E-2	-1.792920E-4	-5.329680E-1
-5.880000E-2	1.123630E-2	-2.803820E-4	-5.306130E-1
-5.860000E-2	1.133350E-2	-1.258860E-4	-5.286992E-1
-5.840000E-2	1.117710E-2	6.294300E-5	-5.271627E-1
-5.820000E-2	1.098450E-2	0.000000E+0	-5.260360E-1
-5.800000E-2	1.130110E-2	-2.384200E-4	-5.242766E-1
-5.780000E-2	1.128970E-2	-1.239790E-4	-5.218540E-1
-5.760000E-2	1.127250E-2	4.386930E-5	-5.207422E-1
-5.740000E-2	1.109510E-2	-4.768390E-5	-5.199985E-1
-5.720000E-2	1.120190E-2	-3.128070E-4	-5.181152E-1
-5.700000E-2	1.146700E-2	-2.574940E-4	-5.154881E-1
-5.680000E-2	1.143460E-2	0.000000E+0	-5.140071E-1
-5.660000E-2	1.114280E-2	-1.525890E-5	-5.129804E-1
-5.640000E-2	1.117710E-2	-2.231610E-4	-5.111711E-1
-5.620000E-2	1.135450E-2	-3.852860E-4	-5.090796E-1
-5.600000E-2	1.157960E-2	-2.326970E-4	-5.070289E-1
-5.580000E-2	1.148610E-2	2.098100E-5	-5.045563E-1
-5.560000E-2	1.122290E-2	1.335150E-5	-5.036683E-1
-5.540000E-2	1.128010E-2	-2.899190E-4	-5.021152E-1
-5.520000E-2	1.150900E-2	-3.719350E-4	-4.999230E-1
-5.500000E-2	1.149180E-2	-1.087190E-4	-4.983310E-1
-5.480000E-2	1.124200E-2	-6.485030E-5	-4.975660E-1
-5.460000E-2	1.132210E-2	-2.651230E-4	-4.960037E-1
-5.440000E-2	1.144610E-2	-2.975480E-4	-4.945310E-1
-5.420000E-2	1.165210E-2	-1.316080E-4	-4.924285E-1
-5.400000E-2	1.162730E-2	2.670300E-5	-4.904628E-1
-5.380000E-2	1.141740E-2	1.049050E-4	-4.895609E-1
-5.360000E-2	1.131250E-2	-2.231610E-4	-4.881299E-1
-5.340000E-2	1.150140E-2	-3.452320E-4	-4.858359E-1
-5.320000E-2	1.172450E-2	-1.945500E-4	-4.834234E-1
-5.300000E-2	1.177600E-2	-3.814720E-5	-4.818241E-1
-5.280000E-2	1.139840E-2	-4.005460E-5	-4.803784E-1
-5.260000E-2	1.129920E-2	-1.716620E-4	-4.786486E-1
-5.240000E-2	1.164440E-2	-2.880120E-4	-4.764008E-1
-5.220000E-2	1.184280E-2	-7.820180E-5	-4.739587E-1
-5.200000E-2	1.169780E-2	6.485030E-5	-4.723446E-1
-5.180000E-2	1.149950E-2	-6.103560E-5	-4.712614E-1
-5.160000E-2	1.168450E-2	-2.803820E-4	-4.696519E-1
-5.140000E-2	1.185610E-2	-2.746600E-4	-4.674124E-1
-5.120000E-2	1.191150E-2	-8.392380E-5	-4.655254E-1
-5.100000E-2	1.177030E-2	6.485030E-5	-4.637919E-1
-5.080000E-2	1.157960E-2	-1.068120E-4	-4.630417E-1
-5.060000E-2	1.164060E-2	-3.643050E-4	-4.614266E-1
-5.040000E-2	1.188470E-2	-3.261580E-4	-4.591909E-1
-5.020000E-2	1.201830E-2	-5.340600E-5	-4.571643E-1
-5.000000E-2	1.200490E-2	2.861030E-5	-4.549321E-1
-4.980000E-2	1.177220E-2	1.716630E-5	-4.535807E-1
-4.960000E-2	1.169400E-2	-1.850140E-4	-4.519647E-1
-4.940000E-2	1.190380E-2	-3.948230E-4	-4.500629E-1
-4.920000E-2	1.201250E-2	-4.596730E-4	-4.479770E-1
-4.900000E-2	1.217280E-2	-2.307900E-4	-4.462648E-1
-4.880000E-2	1.206210E-2	3.814720E-5	-4.448468E-1
-4.860000E-2	1.196490E-2	4.959130E-5	-4.436331E-1
-4.840000E-2	1.192480E-2	-3.376030E-4	-4.415999E-1
-4.820000E-2	1.207930E-2	-3.643050E-4	-4.395464E-1
-4.800000E-2	1.227380E-2	-1.106270E-4	-4.365318E-1
-4.780000E-2	1.207170E-2	7.820180E-5	-4.357677E-1
-4.760000E-2	1.196100E-2	-5.340600E-5	-4.342460E-1
-4.740000E-2	1.200110E-2	-2.918260E-4	-4.322111E-1
-4.720000E-2	1.231390E-2	-3.948230E-4	-4.297293E-1
-4.700000E-2	1.237880E-2	-7.629450E-6	-4.276017E-1
-4.680000E-2	1.214030E-2	7.820180E-5	-4.265121E-1
-4.660000E-2	1.210600E-2	-2.689380E-4	-4.253281E-1
-4.640000E-2	1.238260E-2	-2.460500E-4	-4.229397E-1
-4.620000E-2	1.250270E-2	-7.629440E-5	-4.209693E-1
-4.600000E-2	1.225480E-2	3.814720E-5	-4.197502E-1
-4.580000E-2	1.218610E-2	-1.945500E-4	-4.180805E-1
-4.560000E-2	1.242450E-2	-3.452320E-4	-4.153064E-1
-4.540000E-2	1.263820E-2	-1.850140E-4	-4.124601E-1
-4.520000E-2	1.230630E-2	-7.629450E-6	-4.120838E-1
-4.500000E-2	1.219760E-2	-1.869210E-4	-4.103669E-1
-4.480000E-2	1.238450E-2	-4.177110E-4	-4.084058E-1
-4.460000E-2	1.272590E-2	-3.223440E-4	-4.060193E-1
-4.440000E-2	1.268770E-2	1.525890E-5	-4.036689E-1
-4.420000E-2	1.246270E-2	-5.340600E-5	-4.022869E-1
-4.400000E-2	1.267630E-2	-3.871940E-4	-4.002704E-1
-4.380000E-2	1.284800E-2	-8.010910E-5	-3.973417E-1
-4.360000E-2	1.288610E-2	5.149860E-5	-3.955010E-1
-4.340000E-2	1.264010E-2	1.907360E-6	-3.948609E-1
-4.320000E-2	1.257710E-2	-3.433250E-4	-3.932301E-1
-4.300000E-2	1.276790E-2	-4.024520E-4	-3.908167E-1
-4.280000E-2	1.304060E-2	-2.002730E-4	-3.874645E-1
-4.260000E-2	1.294710E-2	-5.722070E-5	-3.860529E-1
-4.240000E-2	1.285180E-2	9.155320E-5	-3.846219E-1
-4.220000E-2	1.271250E-2	-1.258860E-4	-3.827728E-1
-4.200000E-2	1.290140E-2	-3.776570E-4	-3.803224E-1
-4.180000E-2	1.312070E-2	-4.596730E-4	-3.784262E-1
-4.160000E-2	1.338580E-2	-2.689380E-4	-3.758399E-1
-4.140000E-2	1.332100E-2	-5.340600E-5	-3.742951E-1
-4.120000E-2	1.310350E-2	1.525890E-5	-3.726828E-1
-4.100000E-2	1.302920E-2	-2.269750E-4	-3.711741E-1
-4.080000E-2	1.323710E-2	-3.910080E-4	-3.686228E-1
-4.060000E-2	1.349260E-2	-2.994560E-4	-3.667932E-1
-4.040000E-2	1.353270E-2	-1.525890E-5	-3.647980E-1
-4.020000E-2	1.325800E-2	5.340600E-5	-3.633568E-1
-4.000000E-2	1.325230E-2	-3.223440E-4	-3.614624E-1
-3.980000E-2	1.346980E-2	-3.433250E-4	-3.584857E-1
-3.960000E-2	1.371010E-2	-3.471390E-4	-3.561686E-1
-3.940000E-2	1.366620E-2	-1.087190E-4	-3.544295E-1
-3.920000E-2	1.345830E-2	5.722070E-5	-3.534406E-1
-3.900000E-2	1.334770E-2	-2.288830E-4	-3.512817E-1
-3.880000E-2	1.346780E-2	-4.043600E-4	-3.484992E-1
-3.860000E-2	1.383220E-2	-4.730240E-4	-3.454994E-1
-3.840000E-2	1.399620E-2	-8.583120E-5	-3.432063E-1
-3.820000E-2	1.375400E-2	-3.242520E-5	-3.424534E-1
-3.800000E-2	1.361660E-2	-2.441420E-4	-3.407125E-1
-3.780000E-2	1.376160E-2	-4.634880E-4	-3.388319E-1
-3.760000E-2	1.413730E-2	-2.956410E-4	-3.361568E-1
-3.740000E-2	1.406870E-2	9.536800E-6	-3.339044E-1
-3.720000E-2	1.399240E-2	1.316080E-4	-3.327657E-1
-3.700000E-2	1.382070E-2	-1.068120E-4	-3.317759E-1
-3.680000E-2	1.389320E-2	-4.234330E-4	-3.298473E-1
-3.660000E-2	1.429180E-2	-3.490470E-4	-3.266227E-1
-3.640000E-2	1.446350E-2	-8.964590E-5	-3.233287E-1
-3.620000E-2	1.440630E-2	3.814720E-5	-3.215185E-1
-3.600000E-2	1.424600E-2	1.258860E-4	-3.193992E-1
-3.580000E-2	1.411440E-2	-2.212530E-4	-3.185501E-1
-3.560000E-2	1.442720E-2	-4.978220E-4	-3.153828E-1
-3.540000E-2	1.474200E-2	-3.814720E-4	-3.123802E-1
-3.520000E-2	1.477440E-2	-1.144420E-5	-3.099909E-1
-3.500000E-2	1.437770E-2	-8.773850E-5	-3.092306E-1
-3.480000E-2	1.455690E-2	-3.776570E-4	-3.071807E-1
-3.460000E-2	1.486780E-2	-2.136240E-4	-3.040921E-1
-3.440000E-2	1.500140E-2	-5.722070E-5	-3.014577E-1
-3.420000E-2	1.466950E-2	2.479560E-5	-3.004494E-1
-3.400000E-2	1.455310E-2	-2.422340E-4	-2.986660E-1
-3.380000E-2	1.474390E-2	-4.749320E-4	-2.964284E-1
-3.360000E-2	1.515200E-2	-3.490470E-4	-2.930687E-1
-3.340000E-2	1.507380E-2	-2.670300E-5	-2.912872E-1
-3.320000E-2	1.486020E-2	-3.242520E-5	-2.896055E-1
-3.300000E-2	1.497850E-2	-3.814720E-4	-2.878711E-1
-3.280000E-2	1.542860E-2	-3.814720E-4	-2.850924E-1
-3.260000E-2	1.557740E-2	-4.463210E-4	-2.826661E-1
-3.240000E-2	1.566330E-2	-1.583110E-4	-2.798735E-1
-3.220000E-2	1.534470E-2	1.525890E-5	-2.775970E-1
-3.200000E-2	1.524360E-2	-3.719350E-4	-2.770281E-1
-3.180000E-2	1.567090E-2	-4.539510E-4	-2.738442E-1
-3.160000E-2	1.582160E-2	-1.735700E-4	-2.706436E-1
-3.140000E-2	1.563470E-2	8.010910E-5	-2.687418E-1
-3.120000E-2	1.532940E-2	-1.087190E-4	-2.667124E-1
-3.100000E-2	1.567470E-2	-4.787460E-4	-2.639873E-1
-3.080000E-2	1.593790E-2	-3.833790E-4	-2.611522E-1
-3.060000E-2	1.608100E-2	-5.722080E-6	-2.585796E-1
-3.040000E-2	1.574910E-2	3.814730E-6	-2.568582E-1
-3.020000E-2	1.584640E-2	-4.310630E-4	-2.548287E-1
-3.000000E-2	1.621260E-2	-3.280660E-4	-2.514515E-1
-2.980000E-2	1.639380E-2	-1.907360E-5	-2.486015E-1
-2.960000E-2	1.624880E-2	1.907360E-4	-2.468450E-1
-2.940000E-2	1.596650E-2	6.675770E-5	-2.447174E-1
-2.920000E-2	1.587500E-2	-2.651230E-4	-2.427426E-1
-2.900000E-2	1.610000E-2	-4.310630E-4	-2.394921E-1
-2.880000E-2	1.647200E-2	-1.010900E-4	-2.366744E-1
-2.860000E-2	1.648150E-2	1.144420E-5	-2.343610E-1
-2.840000E-2	1.613060E-2	-9.346050E-5	-2.327801E-1
-2.820000E-2	1.634420E-2	-4.062670E-4	-2.304972E-1
-2.800000E-2	1.651970E-2	-5.855600E-4	-2.270200E-1
-2.780000E-2	1.684770E-2	-3.337880E-4	-2.235531E-1
-2.760000E-2	1.671230E-2	1.716630E-5	-2.220916E-1
-2.740000E-2	1.642620E-2	-2.670300E-5	-2.210778E-1
-2.720000E-2	1.638810E-2	-3.738420E-4	-2.192667E-1
-2.700000E-2	1.685150E-2	-4.100820E-4	-2.157220E-1
-2.680000E-2	1.693930E-2	-9.346050E-5	-2.125168E-1
-2.660000E-2	1.687630E-2	1.373300E-4	-2.104235E-1
-2.640000E-2	1.642430E-2	-9.536800E-6	-2.088454E-1
-2.620000E-2	1.654830E-2	-4.787460E-4	-2.062064E-1
-2.600000E-2	1.676000E-2	-5.950960E-4	-2.030234E-1
-2.580000E-2	1.700600E-2	-4.539510E-4	-2.006249E-1
-2.560000E-2	1.671800E-2	1.907360E-6	-1.983336E-1
-2.540000E-2	1.650630E-2	-2.117170E-4	-1.971505E-1
-2.520000E-2	1.665890E-2	-5.340610E-4	-1.941155E-1
-2.500000E-2	1.714720E-2	-2.708450E-4	-1.902749E-1
-2.480000E-2	1.703270E-2	-2.479560E-5	-1.880271E-1
-2.460000E-2	1.661880E-2	1.144420E-5	-1.860568E-1
-2.440000E-2	1.645480E-2	-2.765670E-4	-1.835315E-1
-2.420000E-2	1.687440E-2	-4.024520E-4	-1.809073E-1
-2.400000E-2	1.715480E-2	-1.316080E-4	-1.779436E-1
-2.380000E-2	1.692020E-2	1.640330E-4	-1.760315E-1
-2.360000E-2	1.654260E-2	-3.814730E-6	-1.740622E-1
-2.340000E-2	1.641090E-2	-2.765670E-4	-1.715304E-1
-2.320000E-2	1.653110E-2	-5.245250E-4	-1.691013E-1
-2.300000E-2	1.686300E-2	-4.901920E-4	-1.656131E-1
-2.280000E-2	1.679240E-2	-7.438710E-5	-1.630129E-1
-2.260000E-2	1.646630E-2	-1.716630E-5	-1.618242E-1
-2.240000E-2	1.617830E-2	-1.602180E-4	-1.593092E-1
-2.220000E-2	1.621450E-2	-3.986380E-4	-1.568856E-1
-2.200000E-2	1.648910E-2	-2.841970E-4	-1.537027E-1
-2.180000E-2	1.636140E-2	4.577660E-5	-1.516315E-1
-2.160000E-2	1.590550E-2	9.346050E-5	-1.499813E-1
-2.140000E-2	1.586740E-2	-3.566760E-4	-1.478427E-1
-2.120000E-2	1.605240E-2	-3.509540E-4	-1.457244E-1
-2.100000E-2	1.590360E-2	1.144420E-5	-1.434090E-1
-2.080000E-2	1.561740E-2	3.242520E-5	-1.414268E-1
-2.060000E-2	1.542670E-2	-3.643050E-4	-1.393511E-1
-2.040000E-2	1.542100E-2	-4.959140E-4	-1.361505E-1
-2.020000E-2	1.557170E-2	-3.185290E-4	-1.331220E-1
-2.000000E-2	1.527220E-2	-1.277930E-4	-1.300232E-1
-1.980000E-2	1.514250E-2	2.479560E-5	-1.287920E-1
-1.960000E-2	1.478770E-2	-2.555870E-4	-1.274471E-1
-1.940000E-2	1.491360E-2	-4.463210E-4	-1.246230E-1
-1.920000E-2	1.500140E-2	-3.128070E-4	-1.219747E-1
-1.900000E-2	1.480490E-2	-1.316080E-4	-1.190914E-1
-1.880000E-2	1.436810E-2	5.531330E-5	-1.177899E-1
-1.860000E-2	1.413350E-2	-2.555870E-4	-1.172728E-1
-1.840000E-2	1.395800E-2	-3.490470E-4	-1.148493E-1
-1.820000E-2	1.403240E-2	-1.335150E-5	-1.114628E-1
-1.800000E-2	1.359950E-2	0.000000E+0	-1.098450E-1
-1.780000E-2	1.355560E-2	-3.891010E-4	-1.086804E-1
-1.760000E-2	1.371580E-2	-2.002730E-4	-1.059831E-1
-1.740000E-2	1.323710E-2	2.479560E-5	-1.039804E-1
-1.720000E-2	1.286700E-2	-3.566760E-4	-1.031960E-1
-1.700000E-2	1.296620E-2	-4.386930E-5	-1.006837E-1
-1.680000E-2	1.268970E-2	1.716630E-5	-9.806101E-2
-1.660000E-2	1.214610E-2	-1.525890E-5	-9.680346E-2
-1.640000E-2	1.224520E-2	-2.803820E-4	-9.520839E-2
-1.620000E-2	1.214220E-2	-5.722070E-5	-9.246817E-2
-1.600000E-2	1.168830E-2	-7.820180E-5	-9.140930E-2
-1.580000E-2	1.147470E-2	-1.316080E-4	-9.002094E-2
-1.560000E-2	1.148040E-2	-2.765670E-4	-8.832533E-2
-1.540000E-2	1.146510E-2	-3.337880E-4	-8.569619E-2
-1.520000E-2	1.125720E-2	-1.335150E-5	-8.391680E-2
-1.500000E-2	1.082620E-2	3.242520E-5	-8.265508E-2
-1.480000E-2	1.048280E-2	-1.354230E-4	-8.130192E-2
-1.460000E-2	1.039510E-2	-2.765670E-4	-7.985321E-2
-1.440000E-2	1.026730E-2	-2.861040E-4	-7.781896E-2
-1.420000E-2	1.032070E-2	-2.117170E-4	-7.644588E-2
-1.400000E-2	9.929720E-3	-5.340600E-5	-7.524889E-2
-1.380000E-2	9.588300E-3	-2.632160E-4	-7.436229E-2
-1.360000E-2	9.441440E-3	-3.318810E-4	-7.296256E-2
-1.340000E-2	9.594020E-3	-1.297010E-4	-7.110142E-2
-1.320000E-2	9.241160E-3	3.051780E-5	-6.943488E-2
-1.300000E-2	8.663240E-3	-1.506810E-4	-6.855922E-2
-1.280000E-2	8.657520E-3	-2.498650E-4	-6.772344E-2
-1.260000E-2	8.686130E-3	-1.163490E-4	-6.574604E-2
-1.240000E-2	8.510650E-3	-2.670300E-5	-6.448044E-2
-1.220000E-2	8.022370E-3	9.727520E-5	-6.396609E-2
-1.200000E-2	7.968960E-3	-1.125340E-4	-6.284306E-2
-1.180000E-2	7.860240E-3	-1.525890E-4	-6.080335E-2
-1.160000E-2	7.551220E-3	-3.814730E-6	-5.944620E-2
-1.140000E-2	7.246050E-3	1.525890E-5	-5.927446E-2
-1.120000E-2	7.234600E-3	-2.460500E-4	-5.815746E-2
-1.100000E-2	7.032420E-3	-1.335150E-5	-5.666931E-2
-1.080000E-2	6.624250E-3	-8.010910E-5	-5.616644E-2
-1.060000E-2	6.547960E-3	-2.117170E-4	-5.502406E-2
-1.040000E-2	6.536510E-3	-9.155320E-5	-5.386437E-2
-1.020000E-2	6.294280E-3	1.716630E-5	-5.270922E-2
-1.000000E-2	5.970030E-3	-1.144420E-5	-5.216950E-2
-9.800000E-3	5.928070E-3	-1.335150E-4	-5.098510E-2
-9.600000E-3	5.817440E-3	-4.386930E-5	-4.991298E-2
-9.400000E-3	5.556140E-3	-1.239790E-4	-4.896436E-2
-9.200000E-3	5.243330E-3	-5.531330E-5	-4.829615E-2
-9.000000E-3	5.090740E-3	-1.716620E-4	-4.747029E-2
-8.800000E-3	5.056410E-3	-1.029970E-4	-4.632569E-2
-8.600000E-3	4.859950E-3	1.525890E-5	-4.577561E-2
-8.400000E-3	4.644420E-3	3.814730E-6	-4.508980E-2
-8.200000E-3	4.447970E-3	-5.340600E-5	-4.472553E-2
-8.000000E-3	4.428890E-3	-1.544960E-4	-4.418220E-2
-7.800000E-3	4.264860E-3	-8.773850E-5	-4.309537E-2
-7.600000E-3	4.184750E-3	4.386930E-5	-4.252732E-2
-7.400000E-3	4.070310E-3	-3.623990E-5	-4.198660E-2
-7.200000E-3	3.828060E-3	5.531330E-5	-4.140401E-2
-7.000000E-3	3.622070E-3	-8.583120E-5	-4.114897E-2
-6.800000E-3	3.559130E-3	-1.068120E-4	-4.011963E-2
-6.600000E-3	3.381740E-3	-4.768390E-5	-3.944521E-2
-6.400000E-3	3.139510E-3	-5.722070E-5	-3.888791E-2
-6.200000E-3	2.920170E-3	-3.051780E-5	-3.844429E-2
-6.000000E-3	2.931610E-3	-3.051780E-5	-3.826415E-2
-5.800000E-3	2.937330E-3	-8.583120E-5	-3.774480E-2
-5.600000E-3	2.723710E-3	-2.288830E-5	-3.730164E-2
-5.400000E-3	2.643600E-3	9.536800E-6	-3.689949E-2
-5.200000E-3	2.479570E-3	-4.005460E-5	-3.671119E-2
-5.000000E-3	2.384200E-3	-8.392380E-5	-3.638801E-2
-4.800000E-3	2.286930E-3	-6.866500E-5	-3.589255E-2
-4.600000E-3	2.212540E-3	-3.433250E-5	-3.558658E-2
-4.400000E-3	2.155320E-3	1.907360E-6	-3.516093E-2
-4.200000E-3	1.947410E-3	1.716630E-5	-3.475044E-2
-4.000000E-3	1.743320E-3	-5.722080E-6	-3.461251E-2
-3.800000E-3	1.655590E-3	-5.340600E-5	-3.449595E-2
-3.600000E-3	1.602180E-3	4.005460E-5	-3.424110E-2
-3.400000E-3	1.533520E-3	3.623990E-5	-3.386885E-2
-3.200000E-3	1.413350E-3	2.288830E-5	-3.363315E-2
-3.000000E-3	1.342780E-3	-5.722080E-6	-3.334589E-2
-2.800000E-3	1.226430E-3	-5.340600E-5	-3.318305E-2
-2.600000E-3	1.171120E-3	-1.525890E-5	-3.310926E-2
-2.400000E-3	1.104360E-3	-1.068120E-4	-3.284043E-2
-2.200000E-3	1.054770E-3	-7.438710E-5	-3.272120E-2
-2.000000E-3	9.346050E-4	-2.670300E-5	-3.255752E-2
-1.800000E-3	9.040870E-4	-7.629450E-6	-3.243329E-2
-1.600000E-3	8.659400E-4	-5.722080E-6	-3.239857E-2
-1.400000E-3	7.896460E-4	-4.005460E-5	-3.216796E-2
-1.200000E-3	7.514990E-4	-1.716630E-5	-3.203290E-2
-1.000000E-3	7.000010E-4	1.335150E-5	-3.191847E-2
-8.000000E-4	7.095370E-4	-1.525890E-5	-3.185543E-2
-6.000000E-4	6.046330E-4	-3.623990E-5	-3.179008E-2
-4.000000E-4	5.550420E-4	-1.716630E-5	-3.161992E-2
-2.000000E-4	5.378760E-4	2.288830E-5	-3.151392E-2
0.000000E+0	5.531350E-4	-4.959130E-5	-3.143162E-2
2.000000E-4	5.073580E-4	-2.861030E-5	-3.135210E-2
4.000000E-4	4.463210E-4	1.144420E-5	-3.130267E-2
6.000000E-4	4.558580E-4	7.629450E-6	-3.123407E-2
8.000000E-4	4.997290E-4	9.536800E-6	-3.118713E-2
1.000000E-3	3.795640E-4	1.335150E-5	-3.105002E-2
1.200000E-3	4.291550E-4	9.536800E-6	-3.104891E-2
1.400000E-3	4.138970E-4	0.000000E+0	-3.099254E-2
1.600000E-3	3.700270E-4	1.144420E-5	-3.092506E-2
1.800000E-3	4.100820E-4	1.716630E-5	-3.081951E-2
2.000000E-3	4.234330E-4	2.670300E-5	-3.068815E-2
2.200000E-3	4.215260E-4	-1.907360E-5	-3.062585E-2
2.400000E-3	4.100820E-4	-3.814730E-6	-3.075073E-2
2.600000E-3	3.891010E-4	1.716630E-5	-3.053448E-2
2.800000E-3	4.215260E-4	1.907360E-6	-3.042922E-2
3.000000E-3	3.948230E-4	-3.051780E-5	-3.041709E-2
3.200000E-3	4.005450E-4	-4.005460E-5	-3.038451E-2
3.400000E-3	4.653950E-4	4.577660E-5	-3.018991E-2
3.600000E-3	4.348770E-4	-1.907360E-5	-3.029526E-2
3.800000E-3	4.215260E-4	-2.861030E-5	-3.008863E-2
4.000000E-3	4.596730E-4	-2.670300E-5	-3.011280E-2
4.200000E-3	4.405990E-4	-5.722080E-6	-2.993718E-2
4.400000E-3	4.730240E-4	-4.196190E-5	-3.000597E-2
4.600000E-3	5.092660E-4	-3.623990E-5	-2.991432E-2
4.800000E-3	5.111730E-4	-3.814730E-6	-2.978934E-2
5.000000E-3	5.512270E-4	-4.196190E-5	-2.964538E-2
5.200000E-3	5.321540E-4	-1.335150E-5	-2.951902E-2
5.400000E-3	5.588570E-4	1.716630E-5	-2.940487E-2
5.600000E-3	5.703010E-4	4.768390E-5	-2.938867E-2
5.800000E-3	5.970040E-4	-1.525890E-5	-2.932443E-2
6.000000E-3	6.523170E-4	9.536800E-6	-2.919769E-2
6.200000E-3	6.961860E-4	-1.907360E-6	-2.912779E-2
6.400000E-3	7.476840E-4	1.144420E-5	-2.891589E-2
6.600000E-3	7.247960E-4	7.629450E-6	-2.883248E-2
6.800000E-3	7.114450E-4	1.144420E-5	-2.878406E-2
7.000000E-3	7.972750E-4	-2.098100E-5	-2.856781E-2
7.200000E-3	8.525890E-4	-4.959130E-5	-2.842441E-2
7.400000E-3	8.964580E-4	-2.098100E-5	-2.821935E-2
7.600000E-3	9.098090E-4	3.814730E-6	-2.823472E-2
7.800000E-3	9.422340E-4	1.907360E-5	-2.814982E-2
8.000000E-3	9.632150E-4	-1.907360E-6	-2.800791E-2
8.200000E-3	1.041420E-3	-2.479560E-5	-2.776731E-2
8.400000E-3	1.081470E-3	-1.144420E-5	-2.757493E-2
8.600000E-3	1.070030E-3	1.144420E-5	-2.750347E-2
8.800000E-3	1.134880E-3	-1.716630E-5	-2.740247E-2
9.000000E-3	1.228340E-3	-3.051780E-5	-2.716705E-2
9.200000E-3	1.287470E-3	1.335150E-5	-2.695959E-2
9.400000E-3	1.333240E-3	4.768390E-5	-2.673500E-2
9.600000E-3	1.344690E-3	2.288830E-5	-2.681248E-2
9.800000E-3	1.428610E-3	-9.536800E-6	-2.644052E-2
1.000000E-2	1.478200E-3	-5.912800E-5	-2.618945E-2
1.020000E-2	1.518260E-3	-1.525890E-5	-2.581110E-2
1.040000E-2	1.575480E-3	0.000000E+0	-2.571065E-2
1.060000E-2	1.705180E-3	1.525890E-5	-2.560420E-2
1.080000E-2	1.777660E-3	-3.814720E-5	-2.527481E-2
1.100000E-2	1.876840E-3	1.335150E-5	-2.478528E-2
1.120000E-2	1.914990E-3	0.000000E+0	-2.465492E-2
1.140000E-2	1.974120E-3	-6.485030E-5	-2.436286E-2
1.160000E-2	2.113360E-3	-4.005460E-5	-2.400329E-2
1.180000E-2	2.187740E-3	-1.144420E-5	-2.378324E-2
1.200000E-2	2.239240E-3	-2.288830E-5	-2.363160E-2
1.220000E-2	2.340330E-3	-1.029970E-4	-2.327694E-2
1.240000E-2	2.517720E-3	-9.536790E-5	-2.249996E-2
1.260000E-2	2.676030E-3	-1.525890E-5	-2.218882E-2
1.280000E-2	2.729430E-3	-4.959130E-5	-2.194951E-2
1.300000E-2	2.786650E-3	-8.201650E-5	-2.167928E-2
1.320000E-2	2.960220E-3	-1.144410E-4	-2.098986E-2
1.340000E-2	3.160490E-3	-9.346050E-5	-2.035203E-2
1.360000E-2	3.234880E-3	-1.144420E-5	-1.996655E-2
1.380000E-2	3.313080E-3	-1.907360E-5	-1.961384E-2
1.400000E-2	3.482830E-3	-7.820180E-5	-1.896997E-2
1.420000E-2	3.705990E-3	-1.316080E-4	-1.824668E-2
1.440000E-2	3.881470E-3	-1.602180E-4	-1.754228E-2
1.460000E-2	4.058870E-3	-7.629450E-6	-1.697025E-2
1.480000E-2	4.186660E-3	3.051780E-5	-1.657700E-2
1.500000E-2	4.238160E-3	-2.670300E-5	-1.616587E-2
1.520000E-2	4.354510E-3	-8.010910E-5	-1.557394E-2
1.540000E-2	4.606280E-3	-1.106270E-4	-1.458737E-2
1.560000E-2	4.781750E-3	-1.068120E-4	-1.390925E-2
1.580000E-2	4.896190E-3	-2.861030E-5	-1.327057E-2
1.600000E-2	4.962950E-3	-8.392380E-5	-1.289935E-2
1.620000E-2	5.071670E-3	-1.659400E-4	-1.207719E-2
1.640000E-2	5.300550E-3	-1.697550E-4	-1.113329E-2
1.660000E-2	5.485560E-3	-1.621260E-4	-1.018800E-2
1.680000E-2	5.647690E-3	-1.907360E-5	-9.449806E-3
1.700000E-2	5.594280E-3	1.907360E-5	-8.956838E-3
1.720000E-2	5.620990E-3	-1.010900E-4	-8.365288E-3
1.740000E-2	5.765940E-3	-1.716620E-4	-7.354827E-3
1.760000E-2	5.935700E-3	-1.869210E-4	-6.182455E-3
1.780000E-2	6.071120E-3	-1.144410E-4	-5.135152E-3
1.800000E-2	6.185560E-3	3.242520E-5	-4.228558E-3
1.820000E-2	6.061580E-3	2.479560E-5	-3.535365E-3
1.840000E-2	6.034880E-3	-4.386930E-5	-2.977410E-3
1.860000E-2	6.063490E-3	-1.716620E-4	-2.019812E-3
1.880000E-2	6.221800E-3	-1.201630E-4	-8.826104E-4
1.900000E-2	6.284740E-3	-5.149860E-5	4.952288E-5
1.920000E-2	6.147410E-3	-4.005460E-5	7.618044E-4
1.940000E-2	6.011990E-3	-6.866500E-5	1.367427E-3
1.960000E-2	6.197010E-3	-1.411450E-4	2.598306E-3
1.980000E-2	6.216080E-3	-1.907360E-5	3.878435E-3
2.000000E-2	6.013900E-3	-9.536800E-6	4.473889E-3
2.020000E-2	5.884200E-3	4.386930E-5	5.440468E-3
2.040000E-2	5.889920E-3	-1.144410E-4	6.032571E-3
2.060000E-2	5.895640E-3	-1.678480E-4	7.202719E-3
2.080000E-2	5.802180E-3	-3.814720E-5	8.275023E-3
2.100000E-2	5.750690E-3	1.335150E-5	9.006551E-3
2.120000E-2	5.571400E-3	6.485030E-5	9.724387E-3
2.140000E-2	5.464580E-3	-9.346050E-5	1.009580E-2
2.160000E-2	5.500820E-3	-1.430520E-4	1.124715E-2
2.180000E-2	5.472210E-3	-7.629440E-5	1.186787E-2
2.200000E-2	5.189930E-3	-1.525890E-5	1.229177E-2
2.220000E-2	5.020170E-3	-7.057240E-5	1.310153E-2
2.240000E-2	4.949600E-3	-1.354230E-4	1.396905E-2
2.260000E-2	4.936250E-3	-1.335150E-4	1.483796E-2
2.280000E-2	4.833250E-3	-5.722080E-6	1.574215E-2
2.300000E-2	4.669220E-3	5.722080E-6	1.602803E-2
2.320000E-2	4.449870E-3	1.907360E-5	1.664235E-2
2.340000E-2	4.329710E-3	-5.340600E-5	1.714309E-2
2.360000E-2	4.325900E-3	-7.247970E-5	1.807699E-2
2.380000E-2	4.217180E-3	-4.768390E-5	1.887091E-2
2.400000E-2	3.990200E-3	-3.242520E-5	1.915604E-2
2.420000E-2	3.833790E-3	0.000000E+0	1.964281E-2
2.440000E-2	3.826160E-3	-7.247970E-5	2.023890E-2
2.460000E-2	3.751770E-3	-6.866500E-5	2.099042E-2
2.480000E-2	3.551500E-3	-2.098100E-5	2.156457E-2
2.500000E-2	3.389370E-3	-9.536800E-6	2.190655E-2
2.520000E-2	3.261580E-3	-1.182560E-4	2.232648E-2
2.540000E-2	3.198640E-3	-1.277930E-4	2.291126E-2
2.560000E-2	3.036510E-3	-2.861030E-5	2.344321E-2
2.580000E-2	2.893460E-3	2.098100E-5	2.377833E-2
2.600000E-2	2.813350E-3	-9.346050E-5	2.413076E-2
2.620000E-2	2.744690E-3	-7.057240E-5	2.468446E-2
2.640000E-2	2.611180E-3	5.722080E-6	2.477832E-2
2.660000E-2	2.441420E-3	-1.907360E-5	2.538238E-2
2.680000E-2	2.204910E-3	-4.005460E-5	2.563548E-2
2.700000E-2	2.159130E-3	-6.675770E-5	2.625786E-2
2.720000E-2	2.031340E-3	-3.623990E-5	2.644653E-2
2.740000E-2	1.903540E-3	-4.005460E-5	2.673213E-2
2.760000E-2	1.689920E-3	-1.716630E-5	2.678286E-2
2.780000E-2	1.642230E-3	2.861030E-5	2.726027E-2
2.800000E-2	1.609810E-3	3.814730E-6	2.745329E-2
2.820000E-2	1.577380E-3	9.536800E-6	2.766557E-2
2.840000E-2	1.504910E-3	-3.242520E-5	2.789812E-2
2.860000E-2	1.400000E-3	-2.670300E-5	2.785942E-2
2.880000E-2	1.346600E-3	0.000000E+0	2.802550E-2
2.900000E-2	1.306540E-3	-2.288830E-5	2.838580E-2
2.920000E-2	1.213080E-3	-1.907360E-5	2.849115E-2
2.940000E-2	1.096730E-3	1.144420E-5	2.843903E-2
2.960000E-2	1.003270E-3	4.768390E-5	2.872602E-2
2.980000E-2	9.517710E-4	1.144420E-5	2.925433E-2
3.000000E-2	9.441410E-4	2.098100E-5	2.933775E-2
3.020000E-2	8.659400E-4	1.335150E-5	2.933738E-2
3.040000E-2	8.182560E-4	2.288830E-5	2.949180E-2
3.060000E-2	8.468670E-4	-1.907360E-5	2.947865E-2
3.080000E-2	8.621250E-4	3.814720E-5	2.951336E-2
3.100000E-2	7.972750E-4	2.670300E-5	3.001151E-2
3.120000E-2	7.572210E-4	9.536800E-6	3.014779E-2
3.140000E-2	7.286110E-4	1.144420E-5	3.020194E-2
3.160000E-2	7.247960E-4	2.479560E-5	2.999087E-2
3.180000E-2	7.915530E-4	8.773850E-5	3.030905E-2
3.200000E-2	7.247960E-4	4.196190E-5	3.060899E-2
3.220000E-2	7.114450E-4	-4.005460E-5	3.032895E-2
3.240000E-2	6.217990E-4	-4.959130E-5	3.024517E-2
3.260000E-2	6.256140E-4	-4.005460E-5	3.047679E-2
3.280000E-2	6.160770E-4	4.768390E-5	3.081433E-2
3.300000E-2	6.046330E-4	-5.340600E-5	3.081858E-2
3.320000E-2	6.465950E-4	-2.670300E-5	3.084534E-2
3.340000E-2	6.694830E-4	-6.294300E-5	3.108187E-2
3.360000E-2	6.084480E-4	-1.907360E-6	3.106965E-2
3.380000E-2	5.855600E-4	-9.918260E-5	3.129831E-2
3.400000E-2	5.416910E-4	-5.531330E-5	3.132969E-2
3.420000E-2	5.378760E-4	-3.433250E-5	3.126841E-2
3.440000E-2	5.340610E-4	-4.005460E-5	3.168027E-2
3.460000E-2	5.264320E-4	-1.525890E-5	3.144467E-2
3.480000E-2	4.882850E-4	-5.912800E-5	3.167972E-2
3.500000E-2	6.313360E-4	-5.340600E-5	3.159844E-2
3.520000E-2	5.092660E-4	-6.675770E-5	3.181599E-2
3.540000E-2	5.054510E-4	4.386930E-5	3.182256E-2
3.560000E-2	4.978220E-4	5.722070E-5	3.207280E-2
3.580000E-2	6.561320E-4	9.536800E-6	3.180849E-2
3.600000E-2	6.332430E-4	-5.340600E-5	3.213315E-2
3.620000E-2	5.722080E-4	-3.051780E-5	3.216907E-2
3.640000E-2	6.561320E-4	1.907360E-6	3.205743E-2
3.660000E-2	6.294290E-4	-2.479560E-5	3.234127E-2
3.680000E-2	6.980930E-4	-2.098100E-5	3.261482E-2
3.700000E-2	6.217990E-4	-7.057240E-5	3.234774E-2
3.720000E-2	6.465950E-4	-1.335150E-5	3.238672E-2
3.740000E-2	6.198920E-4	-1.907360E-5	3.254169E-2
3.760000E-2	7.000010E-4	1.373300E-4	3.261168E-2
3.780000E-2	7.095370E-4	2.098100E-5	3.292051E-2
3.800000E-2	7.915530E-4	1.144420E-5	3.316833E-2
3.820000E-2	8.411440E-4	1.716630E-5	3.311306E-2
3.840000E-2	8.697550E-4	-5.722080E-6	3.321527E-2
3.860000E-2	9.365120E-4	-9.536800E-6	3.357038E-2
3.880000E-2	9.460490E-4	-2.479560E-5	3.366444E-2
3.900000E-2	9.746590E-4	8.583120E-5	3.385172E-2
3.920000E-2	1.001370E-3	-2.670300E-5	3.380108E-2
3.940000E-2	1.131070E-3	-3.814720E-5	3.426294E-2
3.960000E-2	1.178750E-3	1.335150E-5	3.447809E-2
3.980000E-2	1.232150E-3	-5.912800E-5	3.457029E-2
4.000000E-2	1.298910E-3	-2.670300E-5	3.460594E-2
4.020000E-2	1.342780E-3	1.144420E-5	3.488550E-2
4.040000E-2	1.424800E-3	-1.029970E-4	3.520211E-2
4.060000E-2	1.506810E-3	-3.814720E-5	3.553353E-2
4.080000E-2	1.670840E-3	-1.335150E-5	3.571739E-2
4.100000E-2	1.703270E-3	9.536800E-6	3.590421E-2
4.120000E-2	1.781470E-3	-6.866500E-5	3.614851E-2
4.140000E-2	1.976030E-3	-1.335150E-4	3.655353E-2
4.160000E-2	2.063770E-3	-9.346050E-5	3.673053E-2
4.180000E-2	2.042790E-3	-5.340600E-5	3.701826E-2
4.200000E-2	2.090470E-3	1.182560E-4	3.729978E-2
4.220000E-2	2.256410E-3	-2.479560E-5	3.760879E-2
4.240000E-2	2.374660E-3	-1.335150E-4	3.787254E-2
4.260000E-2	2.494830E-3	-9.346050E-5	3.842429E-2
4.280000E-2	2.626430E-3	-9.346050E-5	3.893854E-2
4.300000E-2	2.712260E-3	-5.340600E-5	3.919757E-2
4.320000E-2	2.784740E-3	-4.959130E-5	3.945003E-2
4.340000E-2	2.779020E-3	0.000000E+0	3.986903E-2
4.360000E-2	3.042240E-3	1.144420E-5	4.048038E-2
4.380000E-2	3.118530E-3	5.912800E-5	4.100195E-2
4.400000E-2	3.107090E-3	4.386930E-5	4.110471E-2
4.420000E-2	3.278750E-3	-1.525890E-5	4.157444E-2
4.440000E-2	3.524800E-3	-1.907360E-5	4.238531E-2
4.460000E-2	3.711720E-3	-5.722070E-5	4.306305E-2
4.480000E-2	3.673570E-3	-1.907360E-5	4.315433E-2
4.500000E-2	3.715530E-3	-7.438710E-5	4.345622E-2
4.520000E-2	3.849040E-3	-8.201650E-5	4.413554E-2
4.540000E-2	4.039790E-3	-1.945500E-4	4.500019E-2
4.560000E-2	4.184750E-3	-1.335150E-4	4.604074E-2
4.580000E-2	4.533800E-3	-6.294300E-5	4.672060E-2
4.600000E-2	4.396470E-3	-1.525890E-5	4.715895E-2
4.620000E-2	4.512820E-3	-1.602180E-4	4.734512E-2
4.640000E-2	4.730250E-3	-1.964580E-4	4.804120E-2
4.660000E-2	4.905730E-3	-2.174390E-4	4.933447E-2
4.680000E-2	5.182300E-3	-5.722070E-5	5.024310E-2
4.700000E-2	5.308180E-3	6.675770E-5	5.107544E-2
4.720000E-2	5.249050E-3	-7.820180E-5	5.155655E-2
4.740000E-2	5.474120E-3	-2.002730E-4	5.226605E-2
4.760000E-2	5.790740E-3	-2.040870E-4	5.342195E-2
4.780000E-2	5.971940E-3	-2.632160E-4	5.477522E-2
4.800000E-2	6.124530E-3	-2.098100E-5	5.545073E-2
4.820000E-2	6.155040E-3	-4.005460E-5	5.609303E-2
4.840000E-2	6.261860E-3	-1.277930E-4	5.675539E-2
4.860000E-2	6.490740E-3	-2.136240E-4	5.811913E-2
4.880000E-2	6.668120E-3	-1.811990E-4	5.922234E-2
4.900000E-2	6.860760E-3	-7.629440E-5	6.032343E-2
4.920000E-2	6.877930E-3	5.531330E-5	6.074947E-2
4.940000E-2	6.965670E-3	-2.670300E-5	6.171160E-2
4.960000E-2	7.333790E-3	-1.697550E-4	6.317947E-2
4.980000E-2	7.652310E-3	-2.517720E-4	6.430186E-2
5.000000E-2	7.858340E-3	-5.340600E-5	6.605671E-2
5.020000E-2	7.947980E-3	3.433250E-5	6.713031E-2
5.040000E-2	7.986130E-3	-1.163490E-4	6.791711E-2
5.060000E-2	8.182590E-3	-2.269750E-4	6.918409E-2
5.080000E-2	8.583130E-3	-3.604910E-4	7.056087E-2
5.100000E-2	8.802470E-3	-1.316080E-4	7.231036E-2
5.120000E-2	8.640350E-3	-7.057240E-5	7.309345E-2
5.140000E-2	8.783400E-3	-1.792920E-4	7.438265E-2
5.160000E-2	9.109560E-3	-4.463210E-4	7.564788E-2
5.180000E-2	9.407100E-3	-2.098090E-4	7.741190E-2
5.200000E-2	9.597840E-3	8.010910E-5	7.900318E-2
5.220000E-2	9.553970E-3	-1.277930E-4	7.940162E-2
5.240000E-2	9.992660E-3	-2.460500E-4	8.168842E-2
5.260000E-2	1.031120E-2	-1.869210E-4	8.355085E-2
5.280000E-2	1.038180E-2	5.531330E-5	8.516619E-2
5.300000E-2	1.031120E-2	-9.346050E-5	8.548586E-2
5.320000E-2	1.057250E-2	-1.354230E-4	8.735282E-2
5.340000E-2	1.082240E-2	-3.299730E-4	8.912944E-2
5.360000E-2	1.105120E-2	-3.242510E-4	9.093613E-2
5.380000E-2	1.153190E-2	-1.773840E-4	9.341233E-2
5.400000E-2	1.156240E-2	3.433250E-5	9.499066E-2
5.420000E-2	1.153950E-2	-1.411450E-4	9.577829E-2
5.440000E-2	1.174360E-2	-4.444140E-4	9.767330E-2
5.460000E-2	1.213460E-2	-4.234330E-4	9.999656E-2
5.480000E-2	1.259050E-2	-2.346050E-4	1.029416E-1
5.500000E-2	1.271640E-2	-3.623990E-5	1.050795E-1
5.520000E-2	1.258090E-2	-8.201650E-5	1.060634E-1
5.540000E-2	1.278500E-2	-3.185290E-4	1.075529E-1
5.560000E-2	1.310930E-2	-3.852860E-4	1.100969E-1
5.580000E-2	1.358420E-2	-3.719350E-4	1.128196E-1
5.600000E-2	1.362620E-2	4.196190E-5	1.148991E-1
5.620000E-2	1.349840E-2	-1.659400E-4	1.155963E-1
5.640000E-2	1.368910E-2	-3.814720E-4	1.178370E-1
5.660000E-2	1.408960E-2	-3.700270E-4	1.206969E-1
5.680000E-2	1.446540E-2	-1.850140E-4	1.229696E-1
5.700000E-2	1.451500E-2	6.294300E-5	1.254505E-1
5.720000E-2	1.450740E-2	-5.912800E-5	1.269102E-1
5.740000E-2	1.448070E-2	-3.337880E-4	1.292829E-1
5.760000E-2	1.492510E-2	-3.719350E-4	1.321356E-1
5.780000E-2	1.518450E-2	2.479560E-5	1.341105E-1
5.800000E-2	1.513680E-2	1.449590E-4	1.359976E-1
5.820000E-2	1.505670E-2	-1.087190E-4	1.375108E-1
5.840000E-2	1.531230E-2	-3.967300E-4	1.399658E-1
5.860000E-2	1.575860E-2	-4.520430E-4	1.436307E-1
5.880000E-2	1.594940E-2	-1.907360E-6	1.454040E-1
5.900000E-2	1.577390E-2	1.010900E-4	1.474261E-1
5.920000E-2	1.591310E-2	-3.852860E-4	1.495619E-1
5.940000E-2	1.625650E-2	-4.577660E-5	1.528902E-1
5.960000E-2	1.615540E-2	2.098100E-5	1.538679E-1
5.980000E-2	1.597610E-2	-2.422340E-4	1.558029E-1
6.000000E-2	1.618400E-2	-4.024520E-4	1.584596E-1
6.020000E-2	1.661120E-2	-3.242510E-4	1.617823E-1
6.040000E-2	1.681150E-2	0.000000E+0	1.640198E-1
6.060000E-2	1.634610E-2	-1.544960E-4	1.650004E-1
6.080000E-2	1.634040E-2	-4.634880E-4	1.674655E-1
6.100000E-2	1.695260E-2	-2.346050E-4	1.712341E-1
6.120000E-2	1.690300E-2	-3.814730E-6	1.742255E-1
6.140000E-2	1.665510E-2	1.335150E-4	1.752847E-1
6.160000E-2	1.652160E-2	-3.070850E-4	1.766445E-1
6.180000E-2	1.683440E-2	-5.703010E-4	1.801271E-1
6.200000E-2	1.726930E-2	-3.776570E-4	1.833360E-1
6.220000E-2	1.721780E-2	-3.814720E-5	1.858917E-1
6.240000E-2	1.688210E-2	5.149860E-5	1.877991E-1
6.260000E-2	1.698120E-2	-2.403270E-4	1.893263E-1
6.280000E-2	1.701750E-2	-5.855600E-4	1.914751E-1
6.300000E-2	1.738370E-2	-5.035440E-4	1.957024E-1
6.320000E-2	1.743140E-2	-9.536800E-6	1.977033E-1
6.340000E-2	1.695070E-2	-1.220710E-4	1.989705E-1
6.360000E-2	1.689350E-2	-3.795640E-4	2.014219E-1
6.380000E-2	1.719870E-2	-5.149880E-4	2.047325E-1
6.400000E-2	1.739900E-2	-3.051780E-4	2.080402E-1
6.420000E-2	1.700410E-2	-9.918260E-5	2.099957E-1
6.440000E-2	1.697740E-2	-4.215260E-4	2.123741E-1
6.460000E-2	1.711090E-2	-4.959140E-4	2.158492E-1
6.480000E-2	1.741040E-2	-2.555870E-4	2.191923E-1
6.500000E-2	1.739320E-2	5.912800E-5	2.216963E-1
6.520000E-2	1.711670E-2	7.438710E-5	2.233252E-1
6.540000E-2	1.691260E-2	-2.689380E-4	2.247987E-1
6.560000E-2	1.711860E-2	-5.741160E-4	2.277356E-1
6.580000E-2	1.729600E-2	-4.367850E-4	2.312044E-1
6.600000E-2	1.720440E-2	1.144420E-5	2.346723E-1
6.620000E-2	1.688780E-2	1.564040E-4	2.362643E-1
6.640000E-2	1.663410E-2	-1.640330E-4	2.381152E-1
6.660000E-2	1.696980E-2	-5.741160E-4	2.406581E-1
6.680000E-2	1.717960E-2	-3.910080E-4	2.447050E-1
6.700000E-2	1.692970E-2	7.438710E-5	2.464810E-1
6.720000E-2	1.654450E-2	-2.632160E-4	2.494494E-1
6.740000E-2	1.677720E-2	-4.692100E-4	2.529515E-1
6.760000E-2	1.683820E-2	-1.373300E-4	2.567293E-1
6.780000E-2	1.667990E-2	2.288830E-4	2.576348E-1
6.800000E-2	1.624120E-2	-9.346050E-5	2.590215E-1
6.820000E-2	1.647960E-2	-3.433250E-4	2.621610E-1
6.840000E-2	1.670850E-2	-2.861040E-4	2.659979E-1
6.860000E-2	1.640330E-2	-2.098100E-5	2.675611E-1
6.880000E-2	1.604660E-2	-9.346050E-5	2.686795E-1
6.900000E-2	1.610200E-2	-3.414170E-4	2.707395E-1
6.920000E-2	1.631560E-2	-4.062670E-4	2.740677E-1
6.940000E-2	1.645100E-2	-2.574940E-4	2.778344E-1
6.960000E-2	1.614580E-2	1.163490E-4	2.797473E-1
6.980000E-2	1.567470E-2	-1.163490E-4	2.809904E-1
7.000000E-2	1.578150E-2	-4.673020E-4	2.833659E-1
7.020000E-2	1.595510E-2	-2.250680E-4	2.865590E-1
7.040000E-2	1.577580E-2	5.149860E-5	2.888299E-1
7.060000E-2	1.559260E-2	-3.051780E-4	2.896689E-1
7.080000E-2	1.575670E-2	-4.539510E-4	2.925679E-1
7.100000E-2	1.583680E-2	-1.029970E-4	2.965131E-1
7.120000E-2	1.548200E-2	3.242520E-5	2.976010E-1
7.140000E-2	1.516350E-2	-1.220710E-4	2.993881E-1
7.160000E-2	1.526840E-2	-3.566760E-4	3.008255E-1
7.180000E-2	1.550490E-2	-3.566760E-4	3.040622E-1
7.200000E-2	1.549150E-2	-9.346050E-5	3.066263E-1
7.220000E-2	1.523600E-2	1.029970E-4	3.090026E-1
7.240000E-2	1.488500E-2	-1.735700E-4	3.102144E-1
7.260000E-2	1.501470E-2	-4.577660E-4	3.123244E-1
7.280000E-2	1.527410E-2	-3.509540E-4	3.155203E-1
7.300000E-2	1.493270E-2	-7.438710E-5	3.172130E-1
7.320000E-2	1.468280E-2	-1.735700E-4	3.183823E-1
7.340000E-2	1.478010E-2	-4.577660E-4	3.217706E-1
7.360000E-2	1.494600E-2	-2.994560E-4	3.248897E-1
7.380000E-2	1.456840E-2	-2.670300E-5	3.264123E-1
7.400000E-2	1.424990E-2	-1.754770E-4	3.289894E-1
7.420000E-2	1.438340E-2	-4.196190E-4	3.304315E-1
7.440000E-2	1.464280E-2	-3.623980E-4	3.332685E-1
7.460000E-2	1.453980E-2	-4.005460E-5	3.353572E-1
7.480000E-2	1.422320E-2	-1.335150E-4	3.363266E-1
7.500000E-2	1.410300E-2	-4.463210E-4	3.386354E-1
7.520000E-2	1.420600E-2	-4.940070E-4	3.420034E-1
7.540000E-2	1.429950E-2	-4.768390E-5	3.456072E-1
7.560000E-2	1.391040E-2	-8.773850E-5	3.468986E-1
7.580000E-2	1.392560E-2	-3.948230E-4	3.490502E-1
7.600000E-2	1.419260E-2	-2.803820E-4	3.522794E-1
7.620000E-2	1.420600E-2	-5.340600E-5	3.545188E-1
7.640000E-2	1.377490E-2	-8.392380E-5	3.550044E-1
7.660000E-2	1.379400E-2	-3.776570E-4	3.578508E-1
7.680000E-2	1.389510E-2	-2.422340E-4	3.599356E-1
7.700000E-2	1.390840E-2	3.814730E-6	3.623417E-1
7.720000E-2	1.361280E-2	2.098100E-5	3.637921E-1
7.740000E-2	1.340870E-2	-2.479570E-4	3.645737E-1
7.760000E-2	1.372150E-2	-1.926430E-4	3.684319E-1
7.780000E-2	1.374440E-2	-7.629450E-6	3.704013E-1
7.800000E-2	1.340110E-2	1.144420E-5	3.716334E-1
7.820000E-2	1.324850E-2	-2.250680E-4	3.731060E-1
7.840000E-2	1.349460E-2	-2.117170E-4	3.756730E-1
7.860000E-2	1.362430E-2	-2.403270E-4	3.778403E-1
7.880000E-2	1.320270E-2	-1.907360E-5	3.789596E-1
7.900000E-2	1.306730E-2	-1.659400E-4	3.806227E-1
7.920000E-2	1.333050E-2	-3.433250E-4	3.830028E-1
7.940000E-2	1.344500E-2	-3.128070E-4	3.856659E-1
7.960000E-2	1.340110E-2	-5.340600E-5	3.872042E-1
7.980000E-2	1.303110E-2	-6.675770E-5	3.884400E-1
8.000000E-2	1.289180E-2	-2.918260E-4	3.897988E-1
8.020000E-2	1.310160E-2	-4.196190E-4	3.923592E-1
8.040000E-2	1.322750E-2	-1.544960E-4	3.951500E-1
8.060000E-2	1.300440E-2	6.485030E-5	3.973072E-1
8.080000E-2	1.276980E-2	-9.918260E-5	3.982997E-1
8.100000E-2	1.273730E-2	-3.280660E-4	4.005095E-1
8.120000E-2	1.298150E-2	-3.414170E-4	4.030968E-1
8.140000E-2	1.297190E-2	-1.602180E-4	4.057627E-1
8.160000E-2	1.267440E-2	1.525890E-5	4.072593E-1
8.180000E-2	1.260380E-2	-2.307900E-4	4.083777E-1
8.200000E-2	1.278690E-2	-2.994560E-4	4.108706E-1
8.220000E-2	1.274500E-2	-3.814730E-6	4.129630E-1
8.240000E-2	1.244550E-2	-1.564040E-4	4.139675E-1
8.260000E-2	1.255800E-2	-3.700270E-4	4.159193E-1
8.280000E-2	1.281360E-2	-2.632160E-4	4.184058E-1
8.300000E-2	1.263430E-2	1.010900E-4	4.203529E-1
8.320000E-2	1.229100E-2	-1.144410E-4	4.207599E-1
8.340000E-2	1.225670E-2	-2.574940E-4	4.232676E-1
8.360000E-2	1.256190E-2	-3.051780E-4	4.256412E-1
8.380000E-2	1.255230E-2	-6.866500E-5	4.281665E-1
8.400000E-2	1.227000E-2	6.294300E-5	4.293089E-1
8.420000E-2	1.217090E-2	-1.640330E-4	4.303838E-1
8.440000E-2	1.234060E-2	-2.956410E-4	4.332874E-1
8.460000E-2	1.254470E-2	-2.727530E-4	4.360393E-1
8.480000E-2	1.256000E-2	-1.792920E-4	4.381179E-1
8.500000E-2	1.219950E-2	3.623990E-5	4.392750E-1
8.520000E-2	1.202780E-2	-1.678480E-4	4.404063E-1
8.540000E-2	1.208500E-2	-3.948230E-4	4.423303E-1
8.560000E-2	1.234440E-2	-3.528610E-4	4.451303E-1
8.580000E-2	1.229480E-2	-8.964590E-5	4.466131E-1
8.600000E-2	1.210790E-2	5.912800E-5	4.480718E-1
8.620000E-2	1.186950E-2	-1.239790E-4	4.491412E-1
8.640000E-2	1.198770E-2	-3.051780E-4	4.507212E-1
8.660000E-2	1.228150E-2	-2.918260E-4	4.534712E-1
8.680000E-2	1.207930E-2	-1.525890E-5	4.555330E-1
8.700000E-2	1.183900E-2	-2.670300E-5	4.563544E-1
8.720000E-2	1.178940E-2	-3.280660E-4	4.578936E-1
8.740000E-2	1.206590E-2	-3.414170E-4	4.605929E-1
8.760000E-2	1.213840E-2	-1.468670E-4	4.627499E-1
8.780000E-2	1.201640E-2	-5.722080E-6	4.650310E-1
8.800000E-2	1.167110E-2	0.000000E+0	4.661244E-1
8.820000E-2	1.176270E-2	-3.318810E-4	4.675998E-1
8.840000E-2	1.184280E-2	-4.291550E-4	4.697403E-1
8.860000E-2	1.186570E-2	-4.158040E-4	4.709391E-1
8.880000E-2	1.203350E-2	-1.964580E-4	4.732304E-1
8.900000E-2	1.188090E-2	-9.536800E-6	4.745281E-1
8.920000E-2	1.165970E-2	-4.005460E-5	4.756271E-1
8.940000E-2	1.155860E-2	-2.346050E-4	4.770544E-1
8.960000E-2	1.152040E-2	-3.681200E-4	4.790163E-1
8.980000E-2	1.179130E-2	-2.994560E-4	4.813473E-1
9.000000E-2	1.178940E-2	-3.433250E-5	4.830799E-1
9.020000E-2	1.161200E-2	0.000000E+0	4.839151E-1
9.040000E-2	1.151850E-2	-1.735700E-4	4.857523E-1
9.060000E-2	1.164250E-2	-3.585830E-4	4.879899E-1
9.080000E-2	1.182180E-2	-3.433250E-4	4.902312E-1
9.100000E-2	1.184280E-2	-9.918260E-5	4.925317E-1
9.120000E-2	1.156430E-2	4.959130E-5	4.934919E-1
9.140000E-2	1.136790E-2	-1.220710E-4	4.944057E-1
9.160000E-2	1.139840E-2	-3.471390E-4	4.962548E-1
9.180000E-2	1.169590E-2	-2.784750E-4	4.986321E-1
9.200000E-2	1.162150E-2	-1.144420E-5	5.002167E-1
9.220000E-2	1.134120E-2	-7.438710E-5	5.016015E-1
9.240000E-2	1.137740E-2	-3.223440E-4	5.033396E-1
9.260000E-2	1.159860E-2	-2.670310E-4	5.060618E-1
9.280000E-2	1.167880E-2	-5.340600E-5	5.071145E-1
9.300000E-2	1.150330E-2	1.144420E-5	5.093733E-1
9.320000E-2	1.127440E-2	-1.792920E-4	5.102040E-1
9.340000E-2	1.130680E-2	-3.318810E-4	5.122955E-1
9.360000E-2	1.160060E-2	-3.089920E-4	5.143852E-1
9.380000E-2	1.157960E-2	-6.866500E-5	5.162462E-1
9.400000E-2	1.138880E-2	8.392380E-5	5.174413E-1
9.420000E-2	1.116190E-2	-1.697550E-4	5.184570E-1
9.440000E-2	1.129160E-2	-3.795640E-4	5.205466E-1
9.460000E-2	1.156050E-2	-3.185290E-4	5.232199E-1
9.480000E-2	1.155480E-2	-3.814720E-5	5.247425E-1
9.500000E-2	1.117140E-2	9.536800E-6	5.262853E-1
9.520000E-2	1.111610E-2	-1.525890E-4	5.278246E-1
9.540000E-2	1.121150E-2	-3.948230E-4	5.298161E-1
9.560000E-2	1.144800E-2	-2.861040E-4	5.319890E-1
9.580000E-2	1.151280E-2	-8.010910E-5	5.340444E-1
9.600000E-2	1.125910E-2	2.479560E-5	5.357612E-1
9.620000E-2	1.109700E-2	-6.675770E-5	5.364707E-1
9.640000E-2	1.137930E-2	-3.013630E-4	5.390136E-1
9.660000E-2	1.147660E-2	-3.070850E-4	5.406703E-1
9.680000E-2	1.139840E-2	7.629450E-6	5.423279E-1
9.700000E-2	1.111230E-2	4.768390E-5	5.431493E-1
9.720000E-2	1.105510E-2	-2.384200E-4	5.443092E-1
9.740000E-2	1.127250E-2	-3.528610E-4	5.463869E-1
9.760000E-2	1.139460E-2	-9.536790E-5	5.482202E-1
9.780000E-2	1.125150E-2	4.768390E-5	5.495152E-1
9.800000E-2	1.102450E-2	-1.239790E-4	5.510036E-1
9.820000E-2	1.111610E-2	-2.975480E-4	5.530663E-1
9.840000E-2	1.124010E-2	-3.013630E-4	5.550219E-1
9.860000E-2	1.134120E-2	-9.346050E-5	5.564944E-1
9.880000E-2	1.112750E-2	2.670300E-5	5.576591E-1
9.900000E-2	1.097880E-2	-6.675770E-5	5.587339E-1
9.920000E-2	1.092340E-2	-2.346050E-4	5.601380E-1
9.940000E-2	1.079950E-2	-1.907360E-4	5.626412E-1
9.960000E-2	1.106840E-2	-3.242510E-4	5.640185E-1
9.980000E-2	1.130680E-2	-1.239790E-4	5.662580E-1
1.000000E-1	1.118860E-2	9.727520E-5	5.678777E-1
1.002000E-1	1.087960E-2	-9.918260E-5	5.691356E-1
1.004000E-1	1.091960E-2	-2.841970E-4	5.704270E-1
1.006000E-1	1.113900E-2	-2.384200E-4	5.727914E-1
1.008000E-1	1.119430E-2	-9.346050E-5	5.746182E-1
1.010000E-1	1.089480E-2	6.675770E-5	5.757153E-1
1.012000E-1	1.079180E-2	-1.773840E-4	5.768040E-1
1.014000E-1	1.104930E-2	-2.193460E-4	5.789639E-1
1.016000E-1	1.112180E-2	-1.449590E-4	5.809833E-1
1.018000E-1	1.099020E-2	-2.861030E-5	5.830534E-1
1.020000E-1	1.080900E-2	0.000000E+0	5.839590E-1
1.022000E-1	1.083000E-2	-2.765670E-4	5.856074E-1
1.024000E-1	1.099210E-2	-3.585830E-4	5.871392E-1
1.026000E-1	1.108560E-2	-1.735700E-4	5.891566E-1
1.028000E-1	1.088720E-2	-2.670300E-5	5.908799E-1
1.030000E-1	1.079180E-2	2.288830E-5	5.923785E-1
1.032000E-1	1.065830E-2	-1.773840E-4	5.937512E-1
1.034000E-1	1.078800E-2	-2.937340E-4	5.955207E-1
1.036000E-1	1.094630E-2	-3.433250E-4	5.973181E-1
1.038000E-1	1.102450E-2	-1.392370E-4	5.994623E-1
1.040000E-1	1.075750E-2	6.485030E-5	6.001847E-1
1.042000E-1	1.061450E-2	-8.201650E-5	6.018515E-1
1.044000E-1	1.068880E-2	-3.452320E-4	6.030171E-1
1.046000E-1	1.091770E-2	-2.517720E-4	6.051741E-1
1.048000E-1	1.091770E-2	-5.340600E-5	6.071972E-1
1.050000E-1	1.077280E-2	5.531330E-5	6.085431E-1
1.052000E-1	1.059350E-2	-9.918260E-5	6.094108E-1
1.054000E-1	1.067930E-2	-3.833790E-4	6.115466E-1
1.056000E-1	1.085670E-2	-2.441420E-4	6.132412E-1
1.058000E-1	1.087770E-2	3.242520E-5	6.147924E-1
1.060000E-1	1.061250E-2	-1.850140E-4	6.149248E-1
1.062000E-1	1.081090E-2	-2.384200E-4	6.183297E-1
1.064000E-1	1.093110E-2	-1.354230E-4	6.199208E-1
1.066000E-1	1.083950E-2	2.861030E-5	6.213406E-1
1.068000E-1	1.070980E-2	8.201650E-5	6.226005E-1
1.070000E-1	1.054010E-2	-5.340600E-5	6.234746E-1
1.072000E-1	1.046190E-2	-2.079020E-4	6.249963E-1
1.074000E-1	1.060110E-2	-3.414170E-4	6.265633E-1
1.076000E-1	1.075180E-2	-1.316080E-4	6.285243E-1
1.078000E-1	1.069070E-2	1.335150E-5	6.303123E-1
1.080000E-1	1.038750E-2	-9.346050E-5	6.312919E-1
1.082000E-1	1.056100E-2	-2.632160E-4	6.327691E-1
1.084000E-1	1.071170E-2	-2.555870E-4	6.349624E-1
1.086000E-1	1.077470E-2	-7.629440E-5	6.369363E-1
1.088000E-1	1.057630E-2	3.814720E-5	6.380084E-1
1.090000E-1	1.039130E-2	-3.242520E-5	6.387235E-1
1.092000E-1	1.048860E-2	-2.555870E-4	6.401489E-1
1.094000E-1	1.068500E-2	-2.269750E-4	6.425678E-1
1.096000E-1	1.063730E-2	9.536800E-6	6.439035E-1
1.098000E-1	1.037030E-2	-1.335150E-5	6.449266E-1
1.100000E-1	1.040460E-2	-2.498650E-4	6.465269E-1
1.102000E-1	1.054960E-2	-1.564040E-4	6.487358E-1
1.104000E-1	1.035890E-2	1.907360E-6	6.499791E-1
1.106000E-1	1.023870E-2	-1.201630E-4	6.508014E-1
1.108000E-1	1.040270E-2	-3.299730E-4	6.521046E-1
1.110000E-1	1.060300E-2	-3.051780E-4	6.546559E-1
1.112000E-1	1.044660E-2	3.433250E-5	6.561979E-1
1.114000E-1	1.024060E-2	-4.768390E-5	6.572950E-1
1.116000E-1	1.015100E-2	-1.049050E-4	6.587445E-1
1.118000E-1	1.029590E-2	-2.841970E-4	6.613706E-1
1.120000E-1	1.046950E-2	-2.498650E-4	6.632844E-1
1.122000E-1	1.050960E-2	-1.277930E-4	6.649393E-1
1.124000E-1	1.031880E-2	-3.814730E-6	6.665386E-1
1.126000E-1	1.014140E-2	-1.220710E-4	6.676301E-1
1.128000E-1	1.032450E-2	-2.803820E-4	6.694237E-1
1.130000E-1	1.041610E-2	-1.907360E-4	6.717141E-1
1.132000E-1	1.029400E-2	5.149860E-5	6.724550E-1
1.134000E-1	1.004030E-2	-6.675770E-5	6.733596E-1
1.136000E-1	1.000410E-2	-2.594010E-4	6.747130E-1
1.138000E-1	1.011280E-2	-3.433250E-4	6.762040E-1
1.140000E-1	1.031120E-2	-1.602180E-4	6.782863E-1
1.142000E-1	1.028450E-2	2.098100E-5	6.798598E-1
1.144000E-1	1.006700E-2	6.103560E-5	6.808938E-1
1.146000E-1	9.998380E-3	-2.498650E-4	6.818883E-1
1.148000E-1	1.015100E-2	-3.185290E-4	6.840159E-1
1.150000E-1	1.026920E-2	-7.820180E-5	6.860073E-1
1.152000E-1	1.019290E-2	8.964590E-5	6.869953E-1
1.154000E-1	9.946880E-3	-1.163490E-4	6.880609E-1
1.156000E-1	9.916370E-3	-2.784750E-4	6.898175E-1
1.158000E-1	1.017770E-2	-2.861040E-4	6.918664E-1
1.160000E-1	1.029400E-2	-1.907360E-4	6.936712E-1
1.162000E-1	1.014720E-2	6.485030E-5	6.946285E-1
1.164000E-1	9.887750E-3	-3.242520E-5	6.956811E-1
1.166000E-1	9.838160E-3	-1.792920E-4	6.970077E-1
1.168000E-1	9.819090E-3	-2.803820E-4	6.984053E-1
1.170000E-1	1.001170E-2	-3.013630E-4	6.999750E-1
1.172000E-1	1.017000E-2	-1.964580E-4	7.020017E-1
1.174000E-1	1.004800E-2	1.144420E-5	7.033680E-1
1.176000E-1	9.809550E-3	-2.670300E-5	7.046991E-1
1.178000E-1	9.790480E-3	-1.106270E-4	7.057638E-1
1.180000E-1	9.859140E-3	-3.109000E-4	7.075879E-1
1.182000E-1	1.004800E-2	-1.468670E-4	7.097756E-1
1.184000E-1	9.885850E-3	3.242520E-5	7.112038E-1
1.186000E-1	9.716090E-3	-7.820180E-5	7.121565E-1
1.188000E-1	9.759960E-3	-3.128070E-4	7.135561E-1
1.190000E-1	9.958330E-3	-2.422340E-4	7.156300E-1
1.192000E-1	9.956420E-3	-1.907360E-5	7.175780E-1
1.194000E-1	9.716090E-3	4.386930E-5	7.182561E-1
1.196000E-1	9.691300E-3	-2.193460E-4	7.196686E-1
1.198000E-1	9.729440E-3	-3.623980E-4	7.212605E-1
1.200000E-1	9.889660E-3	-2.651230E-4	7.226176E-1
1.202000E-1	9.975490E-3	-6.485030E-5	7.238469E-1
1.204000E-1	9.775220E-3	4.005460E-5	7.247043E-1
1.206000E-1	9.609280E-3	-8.010910E-5	7.259475E-1
1.208000E-1	9.615000E-3	-1.449590E-4	7.274433E-1
1.210000E-1	9.769500E-3	-2.746600E-4	7.292933E-1
1.212000E-1	9.861050E-3	-1.869210E-4	7.309667E-1
1.214000E-1	9.796200E-3	1.525890E-5	7.325133E-1
1.216000E-1	9.563510E-3	-5.149860E-5	7.333699E-1
1.218000E-1	9.555880E-3	-2.021800E-4	7.349794E-1
1.220000E-1	9.681760E-3	-2.555870E-4	7.367619E-1
1.222000E-1	9.817180E-3	-8.773850E-5	7.384667E-1
1.224000E-1	9.601650E-3	4.577660E-5	7.397876E-1
1.226000E-1	9.479580E-3	4.959130E-5	7.409781E-1
1.228000E-1	9.468140E-3	-2.441420E-4	7.420150E-1
1.230000E-1	9.637890E-3	-3.089920E-4	7.438114E-1
1.232000E-1	9.727540E-3	-1.049050E-4	7.459371E-1
1.234000E-1	9.601650E-3	9.536800E-6	7.474273E-1
1.236000E-1	9.443340E-3	0.000000E+0	7.486076E-1
1.238000E-1	9.456690E-3	-2.250680E-4	7.497703E-1
1.240000E-1	9.517730E-3	-3.318810E-4	7.509794E-1
1.242000E-1	9.685580E-3	-2.021800E-4	7.528535E-1
1.244000E-1	9.666500E-3	-4.005460E-5	7.544370E-1
1.246000E-1	9.546340E-3	1.144420E-5	7.556534E-1
1.248000E-1	9.361330E-3	-1.564040E-4	7.566108E-1
1.250000E-1	9.464320E-3	-2.632160E-4	7.581241E-1
1.252000E-1	9.500560E-3	-3.643050E-4	7.599371E-1
1.254000E-1	9.641710E-3	-2.250680E-4	7.615458E-1
1.256000E-1	9.603560E-3	3.814720E-5	7.627761E-1
1.258000E-1	9.353700E-3	-4.386930E-5	7.638879E-1
1.260000E-1	9.466230E-3	-2.880120E-4	7.656668E-1
1.262000E-1	9.616910E-3	-1.583110E-4	7.673576E-1
1.264000E-1	9.481490E-3	5.149860E-5	7.681605E-1
1.266000E-1	9.283130E-3	-1.602180E-4	7.691373E-1
1.268000E-1	9.468140E-3	-2.288830E-4	7.713121E-1
1.270000E-1	9.567320E-3	-6.103560E-5	7.729955E-1
1.272000E-1	9.450970E-3	-1.335150E-5	7.741547E-1
1.274000E-1	9.285030E-3	-8.392380E-5	7.753553E-1
1.276000E-1	9.328900E-3	-2.250680E-4	7.764773E-1
1.278000E-1	9.504380E-3	-2.346050E-4	7.784809E-1
1.280000E-1	9.590210E-3	-2.250680E-4	7.805196E-1
1.282000E-1	9.611190E-3	-5.912800E-5	7.815566E-1
1.284000E-1	9.326990E-3	1.907360E-6	7.829303E-1
1.286000E-1	9.256420E-3	-1.716620E-4	7.834991E-1
1.288000E-1	9.458600E-3	-3.376030E-4	7.852297E-1
1.290000E-1	9.584490E-3	-2.117170E-4	7.869254E-1
1.292000E-1	9.525360E-3	-4.196190E-5	7.883980E-1
1.294000E-1	9.363230E-3	7.247970E-5	7.896282E-1
1.296000E-1	9.159150E-3	-1.125340E-4	7.903636E-1
1.298000E-1	9.443340E-3	-2.346050E-4	7.920378E-1
1.300000E-1	9.534900E-3	-1.068120E-4	7.937214E-1
1.302000E-1	9.370860E-3	-1.716630E-5	7.947464E-1
1.304000E-1	9.241160E-3	-2.059950E-4	7.959294E-1
1.306000E-1	9.428080E-3	-2.708450E-4	7.979052E-1
1.308000E-1	9.485300E-3	-8.773850E-5	7.998820E-1
1.310000E-1	9.340350E-3	4.577660E-5	8.007256E-1
1.312000E-1	9.222090E-3	-6.485030E-5	8.018190E-1
1.314000E-1	9.151520E-3	-2.307900E-4	8.035431E-1
1.316000E-1	9.323180E-3	-3.185290E-4	8.047735E-1
1.318000E-1	9.492930E-3	-7.247970E-5	8.070611E-1
1.320000E-1	9.353700E-3	6.485030E-5	8.078759E-1
1.322000E-1	9.224000E-3	-6.103560E-5	8.085521E-1
1.324000E-1	9.361330E-3	-2.498650E-4	8.105483E-1
1.326000E-1	9.483400E-3	-1.850140E-4	8.127508E-1
1.328000E-1	9.368960E-3	-2.288830E-5	8.142095E-1
1.330000E-1	9.235440E-3	-7.820180E-5	8.145388E-1
1.332000E-1	9.361330E-3	-2.651230E-4	8.164046E-1
1.334000E-1	9.460510E-3	-1.678480E-4	8.182528E-1
1.336000E-1	9.330810E-3	2.479560E-5	8.190733E-1
1.338000E-1	9.182040E-3	-1.544960E-4	8.199640E-1
1.340000E-1	9.363230E-3	-2.975480E-4	8.222469E-1
1.342000E-1	9.416640E-3	-8.773850E-5	8.240156E-1
1.344000E-1	9.241160E-3	4.959130E-5	8.247954E-1
1.346000E-1	9.121000E-3	-1.468670E-4	8.260349E-1
1.348000E-1	9.300290E-3	-3.185290E-4	8.273882E-1
1.350000E-1	9.380400E-3	-4.768390E-5	8.293168E-1
1.352000E-1	9.311740E-3	2.479560E-5	8.309661E-1
1.354000E-1	9.210650E-3	-2.117170E-4	8.316590E-1
1.356000E-1	9.306010E-3	-3.471390E-4	8.333018E-1
1.358000E-1	9.479580E-3	-1.735700E-4	8.348289E-1
1.360000E-1	9.355600E-3	8.010910E-5	8.357392E-1
1.362000E-1	9.172500E-3	-1.335150E-4	8.365819E-1
1.364000E-1	9.399470E-3	-2.174390E-4	8.389249E-1
1.366000E-1	9.449060E-3	-8.201650E-5	8.405391E-1
1.368000E-1	9.336530E-3	9.536800E-6	8.415723E-1
1.370000E-1	9.168680E-3	-9.918260E-5	8.425510E-1
1.372000E-1	9.243070E-3	-2.651230E-4	8.439995E-1
1.374000E-1	9.475770E-3	-1.583110E-4	8.462399E-1
1.376000E-1	9.426180E-3	6.103560E-5	8.476515E-1
1.378000E-1	9.180130E-3	-3.814720E-5	8.479456E-1
1.380000E-1	9.273590E-3	-2.861040E-4	8.492757E-1
1.382000E-1	9.426180E-3	-9.918260E-5	8.510121E-1
1.384000E-1	9.275500E-3	-1.525890E-5	8.517160E-1
1.386000E-1	9.136260E-3	0.000000E+0	8.530203E-1
1.388000E-1	9.361330E-3	-2.269750E-4	8.543606E-1
1.390000E-1	9.475770E-3	-2.288830E-4	8.565020E-1
1.392000E-1	9.321270E-3	5.149860E-5	8.579293E-1
1.394000E-1	9.161060E-3	-4.959130E-5	8.584427E-1
1.396000E-1	9.262140E-3	-2.918260E-4	8.602603E-1
1.398000E-1	9.416640E-3	-2.460500E-4	8.624489E-1
1.400000E-1	9.540620E-3	-2.155310E-4	8.641963E-1
1.402000E-1	9.321270E-3	-1.525890E-5	8.653877E-1
1.404000E-1	9.172500E-3	-1.583110E-4	8.660907E-1
1.406000E-1	9.328900E-3	-2.803820E-4	8.679343E-1
1.408000E-1	9.435710E-3	-5.912800E-5	8.694763E-1
1.410000E-1	9.189670E-3	-4.005460E-5	8.703661E-1
1.412000E-1	9.197290E-3	-2.517720E-4	8.718091E-1
1.414000E-1	9.437620E-3	-1.888280E-4	8.741327E-1
1.416000E-1	9.336530E-3	5.149860E-5	8.755517E-1
1.418000E-1	9.178220E-3	3.814730E-6	8.758570E-1
1.420000E-1	9.161060E-3	-1.583110E-4	8.768912E-1
1.422000E-1	9.250700E-3	-3.128070E-4	8.783731E-1
1.424000E-1	9.397570E-3	-2.536790E-4	8.800427E-1
1.426000E-1	9.479580E-3	-1.106270E-4	8.815032E-1
1.428000E-1	9.443340E-3	6.485030E-5	8.835032E-1
1.430000E-1	9.178220E-3	1.525890E-5	8.842551E-1
1.432000E-1	9.128630E-3	-1.869210E-4	8.847973E-1
1.434000E-1	9.290750E-3	-2.651230E-4	8.861589E-1
1.436000E-1	9.456690E-3	-2.689380E-4	8.882939E-1
1.438000E-1	9.567320E-3	-1.468670E-4	8.901040E-1
1.440000E-1	9.393750E-3	5.531330E-5	8.915369E-1
1.442000E-1	9.224000E-3	2.861030E-5	8.922491E-1
1.444000E-1	9.199200E-3	-2.365120E-4	8.936098E-1
1.446000E-1	9.492930E-3	-1.850140E-4	8.957836E-1
1.448000E-1	9.439530E-3	-1.907360E-6	8.971508E-1
1.450000E-1	9.241160E-3	-1.907360E-5	8.978954E-1
1.452000E-1	9.183940E-3	-2.136240E-4	8.992034E-1
1.454000E-1	9.164870E-3	-2.727530E-4	9.004216E-1
1.456000E-1	9.307920E-3	-3.356950E-4	9.024622E-1
1.458000E-1	9.492930E-3	-1.506810E-4	9.040884E-1
1.460000E-1	9.435710E-3	-1.525890E-5	9.057127E-1
1.462000E-1	9.300290E-3	5.912800E-5	9.066664E-1
1.464000E-1	9.212550E-3	5.722080E-6	9.076895E-1
1.466000E-1	9.170590E-3	-1.564040E-4	9.088771E-1
1.468000E-1	9.214460E-3	-2.574940E-4	9.102647E-1
1.470000E-1	9.294570E-3	-3.395100E-4	9.117716E-1
1.472000E-1	9.397570E-3	-2.479570E-4	9.137104E-1
1.474000E-1	9.475770E-3	-5.340600E-5	9.151432E-1
1.476000E-1	9.531080E-3	2.479560E-5	9.161460E-1
1.478000E-1	9.258330E-3	-6.103560E-5	9.171847E-1
1.480000E-1	9.134350E-3	-1.926430E-4	9.188174E-1
1.482000E-1	9.227810E-3	-2.708450E-4	9.198358E-1
1.484000E-1	9.418550E-3	-3.280660E-4	9.217376E-1
1.486000E-1	9.502470E-3	-1.487740E-4	9.237727E-1
1.488000E-1	9.424270E-3	1.907360E-6	9.251343E-1
1.490000E-1	9.473860E-3	5.531330E-5	9.265412E-1
1.492000E-1	9.254520E-3	5.149860E-5	9.270888E-1
1.494000E-1	9.143890E-3	-6.675770E-5	9.281369E-1
1.496000E-1	9.197290E-3	-2.231610E-4	9.297677E-1
1.498000E-1	9.389940E-3	-3.051780E-4	9.313782E-1
1.500000E-1	9.479580E-3	-2.250680E-4	9.328322E-1
1.502000E-1	9.428080E-3	2.098100E-5	9.340097E-1
1.504000E-1	9.389940E-3	5.912800E-5	9.354195E-1
1.506000E-1	9.149610E-3	2.670300E-5	9.359412E-1
1.508000E-1	9.216370E-3	-2.517720E-4	9.377968E-1
1.510000E-1	9.489120E-3	-1.583110E-4	9.400067E-1
1.512000E-1	9.517730E-3	2.098100E-5	9.414746E-1
1.514000E-1	9.313640E-3	8.010910E-5	9.426725E-1
1.516000E-1	9.138170E-3	-1.735700E-4	9.439564E-1
1.518000E-1	9.224000E-3	-2.880120E-4	9.454698E-1
1.520000E-1	9.326990E-3	-3.051780E-4	9.472661E-1
1.522000E-1	9.468140E-3	-1.678480E-4	9.490883E-1
1.524000E-1	9.542520E-3	-1.907360E-5	9.504491E-1
1.526000E-1	9.256420E-3	1.335150E-5	9.513454E-1
1.528000E-1	9.075220E-3	-1.697550E-4	9.521327E-1
1.530000E-1	9.241160E-3	-3.109000E-4	9.534480E-1
1.532000E-1	9.452880E-3	-2.632160E-4	9.556458E-1
1.534000E-1	9.502470E-3	-7.247970E-5	9.572174E-1
1.536000E-1	9.365140E-3	3.242520E-5	9.584986E-1
1.538000E-1	9.199200E-3	5.531330E-5	9.593866E-1
1.540000E-1	9.159150E-3	-1.564040E-4	9.605429E-1
1.542000E-1	9.391840E-3	-2.117170E-4	9.625539E-1
1.544000E-1	9.521540E-3	-1.373300E-4	9.643669E-1
1.546000E-1	9.473860E-3	-6.485030E-5	9.657812E-1
1.548000E-1	9.243070E-3	5.722080E-6	9.671437E-1
1.550000E-1	9.096210E-3	-8.583120E-5	9.685728E-1
1.552000E-1	9.302200E-3	-2.803820E-4	9.701343E-1
1.554000E-1	9.466230E-3	-2.841970E-4	9.720435E-1
1.556000E-1	9.550150E-3	-8.964590E-5	9.735189E-1
1.558000E-1	9.456690E-3	3.623990E-5	9.750369E-1
1.560000E-1	9.193480E-3	9.536800E-6	9.760155E-1
1.562000E-1	9.044710E-3	-8.010910E-5	9.770590E-1
1.564000E-1	9.189670E-3	-2.460500E-4	9.784612E-1
1.566000E-1	9.405200E-3	-2.784750E-4	9.799320E-1
1.568000E-1	9.525360E-3	-2.651230E-4	9.813547E-1
1.570000E-1	9.479580E-3	-6.675770E-5	9.829208E-1
1.572000E-1	9.346070E-3	3.051780E-5	9.843314E-1
1.574000E-1	9.252610E-3	-1.964580E-4	9.849567E-1
1.576000E-1	9.359420E-3	-3.452320E-4	9.866172E-1
1.578000E-1	9.477670E-3	-2.212530E-4	9.883358E-1
1.580000E-1	9.532990E-3	-5.912800E-5	9.898268E-1
1.582000E-1	9.441440E-3	7.057240E-5	9.916288E-1
1.584000E-1	9.218280E-3	5.531330E-5	9.922671E-1
1.586000E-1	9.162960E-3	-6.675770E-5	9.931329E-1
1.588000E-1	9.267870E-3	-2.861040E-4	9.947257E-1
1.590000E-1	9.393750E-3	-2.937340E-4	9.965009E-1
1.592000E-1	9.466230E-3	-9.346050E-5	9.977718E-1
1.594000E-1	9.384210E-3	3.814720E-5	9.991594E-1
1.596000E-1	9.227810E-3	2.479560E-5	1.000347E+0
1.598000E-1	9.164870E-3	-2.326970E-4	1.001337E+0
1.600000E-1	9.368960E-3	-2.918260E-4	1.002737E+0
1.602000E-1	9.546340E-3	-1.602180E-4	1.004549E+0
1.604000E-1	9.592120E-3	-5.912800E-5	1.006265E+0
1.606000E-1	9.288850E-3	3.433250E-5	1.007369E+0
1.608000E-1	9.182040E-3	-1.316080E-4	1.008620E+0
1.610000E-1	9.210650E-3	-2.479570E-4	1.009720E+0
1.612000E-1	9.388030E-3	-2.594010E-4	1.011272E+0
1.614000E-1	9.525360E-3	-1.697550E-4	1.013035E+0
1.616000E-1	9.496750E-3	3.051780E-5	1.014575E+0
1.618000E-1	9.307920E-3	5.912800E-5	1.015578E+0
1.620000E-1	9.149610E-3	-1.316080E-4	1.016187E+0
1.622000E-1	9.231630E-3	-2.670310E-4	1.018224E+0
1.624000E-1	9.407100E-3	-3.414170E-4	1.020284E+0
1.626000E-1	9.500560E-3	-1.716620E-4	1.021414E+0
1.628000E-1	9.473860E-3	-1.335150E-5	1.022849E+0
1.630000E-1	9.285030E-3	6.294300E-5	1.023842E+0
1.632000E-1	9.220180E-3	-8.583120E-5	1.024972E+0
1.634000E-1	9.203020E-3	-2.193460E-4	1.026570E+0
1.636000E-1	9.414730E-3	-3.013630E-4	1.028366E+0
1.638000E-1	9.502470E-3	-2.136240E-4	1.030007E+0
1.640000E-1	9.466230E-3	-9.536800E-6	1.031557E+0
1.642000E-1	9.328900E-3	7.820180E-5	1.032536E+0
1.644000E-1	9.206830E-3	-1.735700E-4	1.033581E+0
1.646000E-1	9.336530E-3	-3.070850E-4	1.035208E+0
1.648000E-1	9.475770E-3	-1.506810E-4	1.036829E+0
1.650000E-1	9.420450E-3	3.623990E-5	1.038359E+0
1.652000E-1	9.235440E-3	1.907360E-6	1.039117E+0
1.654000E-1	9.250700E-3	-2.155310E-4	1.039974E+0
1.656000E-1	9.355600E-3	-2.880120E-4	1.041811E+0
1.658000E-1	9.494840E-3	-1.602180E-4	1.043860E+0
1.660000E-1	9.492930E-3	-1.144420E-5	1.045190E+0
1.662000E-1	9.311740E-3	5.912800E-5	1.046357E+0
1.664000E-1	9.203020E-3	6.485030E-5	1.047478E+0
1.666000E-1	9.185850E-3	-1.659400E-4	1.048499E+0
1.668000E-1	9.332720E-3	-2.746600E-4	1.050367E+0
1.670000E-1	9.487210E-3	-1.335150E-4	1.052403E+0
1.672000E-1	9.473860E-3	6.675770E-5	1.053377E+0
1.674000E-1	9.210650E-3	-9.536800E-6	1.054132E+0
1.676000E-1	9.140070E-3	-1.850140E-4	1.055640E+0
1.678000E-1	9.347980E-3	-3.109000E-4	1.056870E+0
1.680000E-1	9.466230E-3	-1.735700E-4	1.058647E+0
1.682000E-1	9.464320E-3	-4.386930E-5	1.060129E+0
1.684000E-1	9.227810E-3	-9.346050E-5	1.060940E+0
1.686000E-1	9.241160E-3	-2.441420E-4	1.062547E+0
1.688000E-1	9.378490E-3	-3.051780E-4	1.064166E+0
1.690000E-1	9.492930E-3	-1.773840E-4	1.065746E+0
1.692000E-1	9.346070E-3	-1.907360E-6	1.067558E+0
1.694000E-1	9.195390E-3	4.005460E-5	1.068613E+0
1.696000E-1	9.197290E-3	-9.727520E-5	1.069356E+0
1.698000E-1	9.260240E-3	-2.326970E-4	1.070770E+0
1.700000E-1	9.452880E-3	-2.822890E-4	1.073150E+0
1.702000E-1	9.388030E-3	-2.670300E-5	1.074742E+0
1.704000E-1	9.227810E-3	-8.010910E-5	1.075605E+0
1.706000E-1	9.214460E-3	-2.861040E-4	1.076948E+0
1.708000E-1	9.399470E-3	-2.803820E-4	1.078611E+0
1.710000E-1	9.466230E-3	-1.583110E-4	1.080304E+0
1.712000E-1	9.361330E-3	2.861030E-5	1.081284E+0
1.714000E-1	9.254520E-3	5.722070E-5	1.082033E+0
1.716000E-1	9.170590E-3	-1.773840E-4	1.083358E+0
1.718000E-1	9.302200E-3	-3.414170E-4	1.085073E+0
1.720000E-1	9.466230E-3	-2.880120E-4	1.086639E+0
1.722000E-1	9.534900E-3	-1.468670E-4	1.088360E+0
1.724000E-1	9.439530E-3	1.907360E-5	1.089729E+0
1.726000E-1	9.246890E-3	5.912800E-5	1.090590E+0
1.728000E-1	9.147700E-3	-1.449590E-4	1.091746E+0
1.730000E-1	9.229720E-3	-2.956410E-4	1.092909E+0
1.732000E-1	9.407100E-3	-2.803820E-4	1.095563E+0
1.734000E-1	9.418550E-3	-2.098100E-5	1.097349E+0
1.736000E-1	9.208740E-3	7.438710E-5	1.098175E+0
1.738000E-1	9.166780E-3	-1.335150E-4	1.098722E+0
1.740000E-1	9.361330E-3	-2.784750E-4	1.100588E+0
1.742000E-1	9.494840E-3	-2.708450E-4	1.102254E+0
1.744000E-1	9.477670E-3	-9.536800E-6	1.103863E+0
1.746000E-1	9.275500E-3	7.629440E-5	1.104693E+0
1.748000E-1	9.159150E-3	-4.959130E-5	1.105557E+0
1.750000E-1	9.239260E-3	-2.536790E-4	1.107057E+0
1.752000E-1	9.326990E-3	-3.929160E-4	1.108910E+0
1.754000E-1	9.489120E-3	-2.708450E-4	1.110677E+0
1.756000E-1	9.515820E-3	-4.768390E-5	1.112241E+0
1.758000E-1	9.353700E-3	1.144420E-5	1.113405E+0
1.760000E-1	9.212550E-3	5.531330E-5	1.114198E+0
1.762000E-1	9.140070E-3	-1.163490E-4	1.115581E+0
1.764000E-1	9.340350E-3	-2.594010E-4	1.117525E+0
1.766000E-1	9.389940E-3	-4.959130E-5	1.119171E+0
1.768000E-1	9.317460E-3	4.386930E-5	1.120455E+0
1.770000E-1	9.157240E-3	-7.820180E-5	1.120965E+0
1.772000E-1	9.149610E-3	-2.384200E-4	1.121761E+0
1.774000E-1	9.361330E-3	-2.632160E-4	1.123455E+0
1.776000E-1	9.452880E-3	-1.907360E-5	1.125300E+0
1.778000E-1	9.330810E-3	8.010910E-5	1.125967E+0
1.780000E-1	9.145800E-3	-1.125340E-4	1.127242E+0
1.782000E-1	9.296480E-3	-3.013630E-4	1.129115E+0
1.784000E-1	9.466230E-3	-1.964580E-4	1.130680E+0
1.786000E-1	9.492930E-3	-4.768390E-5	1.131645E+0
1.788000E-1	9.182040E-3	-2.861030E-5	1.132693E+0
