-2.000000E-1	8.554520E-3	-1.277930E-4	-1.510828E+0
-1.998000E-1	8.735720E-3	-1.449590E-4	-1.509338E+0
-1.996000E-1	8.766230E-3	9.536800E-6	-1.507775E+0
-1.994000E-1	8.600290E-3	-2.861030E-5	-1.506638E+0
-1.992000E-1	8.653700E-3	-2.365120E-4	-1.505658E+0
-1.990000E-1	8.773860E-3	-2.117170E-4	-1.503660E+0
-1.988000E-1	8.762420E-3	-4.959130E-5	-1.502300E+0
-1.986000E-1	8.550700E-3	7.629450E-6	-1.501283E+0
-1.984000E-1	8.604110E-3	-2.155310E-4	-1.499794E+0
-1.982000E-1	8.781490E-3	-2.346050E-4	-1.498148E+0
-1.980000E-1	8.676590E-3	-2.479560E-5	-1.496391E+0
-1.978000E-1	8.550700E-3	1.907360E-5	-1.495549E+0
-1.976000E-1	8.630810E-3	-2.422340E-4	-1.494522E+0
-1.974000E-1	8.787210E-3	-2.212530E-4	-1.492709E+0
-1.972000E-1	8.792940E-3	-1.182560E-4	-1.491063E+0
-1.970000E-1	8.680400E-3	1.907360E-5	-1.489703E+0
-1.968000E-1	8.606020E-3	-1.525890E-4	-1.488825E+0
-1.966000E-1	8.779590E-3	-2.098090E-4	-1.486809E+0
-1.964000E-1	8.771960E-3	-2.861030E-5	-1.485153E+0
-1.962000E-1	8.609830E-3	1.144420E-5	-1.483775E+0
-1.960000E-1	8.596480E-3	-1.640330E-4	-1.483127E+0
-1.958000E-1	8.735720E-3	-1.716620E-4	-1.481305E+0
-1.956000E-1	8.834900E-3	-8.010910E-5	-1.479438E+0
-1.954000E-1	8.661330E-3	6.103560E-5	-1.478235E+0
-1.952000E-1	8.548800E-3	-6.485030E-5	-1.477292E+0
-1.950000E-1	8.621280E-3	-2.727530E-4	-1.476006E+0
-1.948000E-1	8.825360E-3	-1.850140E-4	-1.474490E+0
-1.946000E-1	8.817730E-3	0.000000E+0	-1.472640E+0
-1.944000E-1	8.615550E-3	-8.773850E-5	-1.472196E+0
-1.942000E-1	8.674680E-3	-2.765670E-4	-1.470688E+0
-1.940000E-1	8.812010E-3	-1.335150E-4	-1.468959E+0
-1.938000E-1	8.787210E-3	-2.288830E-5	-1.467525E+0
-1.936000E-1	8.615550E-3	-1.525890E-5	-1.466961E+0
-1.934000E-1	8.632720E-3	-1.201630E-4	-1.465638E+0
-1.932000E-1	8.712830E-3	-2.002730E-4	-1.464038E+0
-1.930000E-1	8.861600E-3	-1.602180E-4	-1.461948E+0
-1.928000E-1	8.716640E-3	3.814730E-6	-1.460811E+0
-1.926000E-1	8.634630E-3	-1.354230E-4	-1.459812E+0
-1.924000E-1	8.689940E-3	-2.613090E-4	-1.458424E+0
-1.922000E-1	8.819640E-3	-6.675770E-5	-1.456010E+0
-1.920000E-1	8.716640E-3	5.149860E-5	-1.454929E+0
-1.918000E-1	8.564050E-3	-9.536800E-6	-1.454013E+0
-1.916000E-1	8.598390E-3	-2.059950E-4	-1.453125E+0
-1.914000E-1	8.842530E-3	-2.460500E-4	-1.451016E+0
-1.912000E-1	8.834900E-3	-8.201650E-5	-1.449453E+0
-1.910000E-1	8.657520E-3	5.149860E-5	-1.448427E+0
-1.908000E-1	8.535440E-3	-7.629440E-5	-1.447391E+0
-1.906000E-1	8.722360E-3	-2.002730E-4	-1.445588E+0
-1.904000E-1	8.827270E-3	-1.392370E-4	-1.443756E+0
-1.902000E-1	8.691850E-3	-1.335150E-5	-1.442701E+0
-1.900000E-1	8.630810E-3	-1.335150E-4	-1.441694E+0
-1.898000E-1	8.699480E-3	-2.632160E-4	-1.440482E+0
-1.896000E-1	8.779590E-3	-2.384200E-4	-1.438864E+0
-1.894000E-1	8.680400E-3	0.000000E+0	-1.437781E+0
-1.892000E-1	8.575500E-3	-2.212530E-4	-1.437106E+0
-1.890000E-1	8.783400E-3	-2.765670E-4	-1.435294E+0
-1.888000E-1	8.836810E-3	-3.814730E-6	-1.434138E+0
-1.886000E-1	8.621280E-3	-2.098100E-5	-1.433019E+0
-1.884000E-1	8.596480E-3	-2.117170E-4	-1.432102E+0
-1.882000E-1	8.752880E-3	-2.155310E-4	-1.430327E+0
-1.880000E-1	8.846340E-3	-7.247970E-5	-1.428838E+0
-1.878000E-1	8.699480E-3	3.814720E-5	-1.427442E+0
-1.876000E-1	8.674680E-3	-2.059950E-4	-1.426914E+0
-1.874000E-1	8.787210E-3	-2.613090E-4	-1.425046E+0
-1.872000E-1	8.853970E-3	-1.411450E-4	-1.423557E+0
-1.870000E-1	8.674680E-3	4.005460E-5	-1.422104E+0
-1.868000E-1	8.590760E-3	-1.716620E-4	-1.420856E+0
-1.866000E-1	8.792940E-3	-2.269750E-4	-1.418867E+0
-1.864000E-1	8.743350E-3	-2.861030E-5	-1.417480E+0
-1.862000E-1	8.579310E-3	-2.288830E-5	-1.416472E+0
-1.860000E-1	8.592670E-3	-1.964580E-4	-1.415695E+0
-1.858000E-1	8.760510E-3	-2.479570E-4	-1.413661E+0
-1.856000E-1	8.815820E-3	-6.294300E-5	-1.412172E+0
-1.854000E-1	8.634630E-3	-5.149860E-5	-1.411311E+0
-1.852000E-1	8.602200E-3	-2.155310E-4	-1.410469E+0
-1.850000E-1	8.766230E-3	-2.346050E-4	-1.408611E+0
-1.848000E-1	8.880670E-3	-1.010900E-4	-1.406891E+0
-1.846000E-1	8.764330E-3	2.479560E-5	-1.405725E+0
-1.844000E-1	8.634630E-3	-5.722070E-5	-1.404430E+0
-1.842000E-1	8.594570E-3	-2.021800E-4	-1.403764E+0
-1.840000E-1	8.716640E-3	-3.032700E-4	-1.402211E+0
-1.838000E-1	8.846340E-3	-6.103560E-5	-1.400101E+0
-1.836000E-1	8.712830E-3	7.820180E-5	-1.399056E+0
-1.834000E-1	8.649890E-3	-9.346050E-5	-1.398511E+0
-1.832000E-1	8.661330E-3	-2.040870E-4	-1.396994E+0
-1.830000E-1	8.848250E-3	-2.002730E-4	-1.395200E+0
-1.828000E-1	8.726180E-3	1.525890E-5	-1.393859E+0
-1.826000E-1	8.617460E-3	9.536800E-6	-1.392888E+0
-1.824000E-1	8.670870E-3	-2.288830E-4	-1.391390E+0
-1.822000E-1	8.756700E-3	-2.117170E-4	-1.389910E+0
-1.820000E-1	8.829180E-3	-3.814720E-5	-1.388477E+0
-1.818000E-1	8.684220E-3	-3.814730E-6	-1.388042E+0
-1.816000E-1	8.607920E-3	-1.602180E-4	-1.386987E+0
-1.814000E-1	8.667050E-3	-2.746600E-4	-1.385609E+0
-1.812000E-1	8.813920E-3	-2.250680E-4	-1.383667E+0
-1.810000E-1	8.886400E-3	-8.773850E-5	-1.382086E+0
-1.808000E-1	8.642260E-3	-1.087190E-4	-1.381549E+0
-1.806000E-1	8.632720E-3	-2.021800E-4	-1.380273E+0
-1.804000E-1	8.743350E-3	-2.899190E-4	-1.378682E+0
-1.802000E-1	8.871140E-3	-1.602180E-4	-1.376453E+0
-1.800000E-1	8.867320E-3	0.000000E+0	-1.374816E+0
-1.798000E-1	8.678500E-3	-7.057240E-5	-1.374224E+0
-1.796000E-1	8.630810E-3	-1.926430E-4	-1.372966E+0
-1.794000E-1	8.779590E-3	-2.632160E-4	-1.371319E+0
-1.792000E-1	8.878770E-3	-7.629440E-5	-1.369831E+0
-1.790000E-1	8.691850E-3	2.288830E-5	-1.368555E+0
-1.788000E-1	8.594570E-3	-6.294300E-5	-1.368065E+0
-1.786000E-1	8.705200E-3	-2.517720E-4	-1.366178E+0
-1.784000E-1	8.892120E-3	-2.346050E-4	-1.364328E+0
-1.782000E-1	8.819640E-3	-3.242520E-5	-1.362783E+0
-1.780000E-1	8.638440E-3	-4.959130E-5	-1.361369E+0
-1.778000E-1	8.668960E-3	-2.803820E-4	-1.359972E+0
-1.776000E-1	8.831080E-3	-2.117170E-4	-1.358363E+0
-1.774000E-1	8.815820E-3	-1.144420E-5	-1.356716E+0
-1.772000E-1	8.646070E-3	-2.479560E-5	-1.355819E+0
-1.770000E-1	8.588850E-3	-1.888280E-4	-1.355070E+0
-1.768000E-1	8.720460E-3	-2.994560E-4	-1.353766E+0
-1.766000E-1	8.916910E-3	-1.773840E-4	-1.351769E+0
-1.764000E-1	8.882580E-3	-2.479560E-5	-1.350492E+0
-1.762000E-1	8.646070E-3	-1.201630E-4	-1.350094E+0
-1.760000E-1	8.678500E-3	-2.136240E-4	-1.348614E+0
-1.758000E-1	8.848250E-3	-2.002730E-4	-1.346515E+0
-1.756000E-1	8.855880E-3	1.144420E-5	-1.345100E+0
-1.754000E-1	8.701380E-3	-7.629440E-5	-1.344211E+0
-1.752000E-1	8.665140E-3	-2.250680E-4	-1.342612E+0
-1.750000E-1	8.897840E-3	-1.583110E-4	-1.340827E+0
-1.748000E-1	8.918820E-3	1.907360E-6	-1.339514E+0
-1.746000E-1	8.747160E-3	2.098100E-5	-1.338690E+0
-1.744000E-1	8.621280E-3	-1.201630E-4	-1.337857E+0
-1.742000E-1	8.806290E-3	-2.555870E-4	-1.336156E+0
-1.740000E-1	8.911190E-3	-1.277930E-4	-1.334315E+0
-1.738000E-1	8.884490E-3	3.623990E-5	-1.332984E+0
-1.736000E-1	8.621280E-3	-3.814730E-6	-1.332096E+0
-1.734000E-1	8.630810E-3	-1.831060E-4	-1.330496E+0
-1.732000E-1	8.770050E-3	-3.013630E-4	-1.328776E+0
-1.730000E-1	8.918820E-3	-1.602180E-4	-1.326861E+0
-1.728000E-1	8.823450E-3	5.722080E-6	-1.325594E+0
-1.726000E-1	8.657520E-3	-9.536790E-5	-1.324485E+0
-1.724000E-1	8.758600E-3	-2.288830E-4	-1.323125E+0
-1.722000E-1	8.922640E-3	-2.326970E-4	-1.321580E+0
-1.720000E-1	8.955060E-3	-1.926430E-4	-1.319860E+0
-1.718000E-1	8.855880E-3	2.479560E-5	-1.318436E+0
-1.716000E-1	8.628900E-3	-1.201630E-4	-1.317650E+0
-1.714000E-1	8.665140E-3	-1.926430E-4	-1.316327E+0
-1.712000E-1	8.829180E-3	-2.136240E-4	-1.315226E+0
-1.710000E-1	8.951250E-3	-2.670300E-5	-1.313099E+0
-1.708000E-1	8.770050E-3	4.768390E-5	-1.312277E+0
-1.706000E-1	8.712830E-3	-1.850140E-4	-1.311397E+0
-1.704000E-1	8.846340E-3	-2.689380E-4	-1.310047E+0
-1.702000E-1	8.937900E-3	-1.144410E-4	-1.308355E+0
-1.700000E-1	8.895930E-3	5.149860E-5	-1.306902E+0
-1.698000E-1	8.731900E-3	1.449590E-4	-1.305747E+0
-1.696000E-1	8.705200E-3	-2.098090E-4	-1.305099E+0
-1.694000E-1	8.840620E-3	-2.880120E-4	-1.302694E+0
-1.692000E-1	8.918820E-3	-1.621260E-4	-1.301261E+0
-1.690000E-1	8.867320E-3	-3.242520E-5	-1.300234E+0
-1.688000E-1	8.646070E-3	-1.163490E-4	-1.299550E+0
-1.686000E-1	8.724270E-3	-2.193460E-4	-1.297857E+0
-1.684000E-1	8.922640E-3	-2.117170E-4	-1.296174E+0
-1.682000E-1	8.920730E-3	-3.623990E-5	-1.294703E+0
-1.680000E-1	8.798660E-3	-3.242520E-5	-1.294065E+0
-1.678000E-1	8.651790E-3	-1.373300E-4	-1.292947E+0
-1.676000E-1	8.785310E-3	-2.918260E-4	-1.291022E+0
-1.674000E-1	8.960780E-3	-1.525890E-4	-1.289450E+0
-1.672000E-1	8.752880E-3	-1.907360E-6	-1.288489E+0
-1.670000E-1	8.659420E-3	-1.411450E-4	-1.287656E+0
-1.668000E-1	8.846340E-3	-1.869210E-4	-1.286158E+0
-1.666000E-1	8.798660E-3	4.005460E-5	-1.284761E+0
-1.664000E-1	8.731900E-3	5.722070E-5	-1.283642E+0
-1.662000E-1	8.647980E-3	-9.155320E-5	-1.282662E+0
-1.660000E-1	8.762420E-3	-2.384200E-4	-1.281154E+0
-1.658000E-1	8.930270E-3	-1.850140E-4	-1.279434E+0
-1.656000E-1	9.006560E-3	-9.346050E-5	-1.277890E+0
-1.654000E-1	8.846340E-3	4.386930E-5	-1.276604E+0
-1.652000E-1	8.672770E-3	-1.335150E-4	-1.275763E+0
-1.650000E-1	8.859690E-3	-2.651230E-4	-1.274153E+0
-1.648000E-1	8.937900E-3	-1.182560E-4	-1.271785E+0
-1.646000E-1	8.813920E-3	2.479560E-5	-1.270980E+0
-1.644000E-1	8.686130E-3	-1.602180E-4	-1.270333E+0
-1.642000E-1	8.768140E-3	-2.784750E-4	-1.268641E+0
-1.640000E-1	8.871140E-3	-1.754770E-4	-1.266921E+0
-1.638000E-1	8.897840E-3	-3.814730E-6	-1.265024E+0
-1.636000E-1	8.749070E-3	1.907360E-5	-1.264072E+0
-1.634000E-1	8.649890E-3	-9.918260E-5	-1.263258E+0
-1.632000E-1	8.773860E-3	-2.555870E-4	-1.261778E+0
-1.630000E-1	8.890210E-3	-2.384200E-4	-1.259716E+0
-1.628000E-1	8.920730E-3	-4.005460E-5	-1.257986E+0
-1.626000E-1	8.720460E-3	-1.335150E-5	-1.256719E+0
-1.624000E-1	8.615550E-3	-1.468670E-4	-1.255988E+0
-1.622000E-1	8.674680E-3	-2.841970E-4	-1.254064E+0
-1.620000E-1	8.916910E-3	-2.365120E-4	-1.252391E+0
-1.618000E-1	8.930270E-3	-6.103560E-5	-1.250726E+0
-1.616000E-1	8.707110E-3	9.536800E-6	-1.249644E+0
-1.614000E-1	8.661330E-3	-1.964580E-4	-1.248866E+0
-1.612000E-1	8.812010E-3	-2.040870E-4	-1.247424E+0
-1.610000E-1	8.949340E-3	-7.629440E-5	-1.245667E+0
-1.608000E-1	8.955060E-3	3.623990E-5	-1.243854E+0
-1.606000E-1	8.758600E-3	2.670300E-5	-1.243216E+0
-1.604000E-1	8.661330E-3	-1.468670E-4	-1.242477E+0
-1.602000E-1	8.773860E-3	-2.307900E-4	-1.240747E+0
-1.600000E-1	8.945520E-3	-1.373300E-4	-1.239100E+0
-1.598000E-1	8.991300E-3	-1.907360E-5	-1.237398E+0
-1.596000E-1	8.724270E-3	-2.098100E-5	-1.236797E+0
-1.594000E-1	8.623180E-3	-2.250680E-4	-1.235826E+0
-1.592000E-1	8.808200E-3	-2.784750E-4	-1.234476E+0
-1.590000E-1	8.964600E-3	-1.754770E-4	-1.232589E+0
-1.588000E-1	8.951250E-3	-4.768390E-5	-1.230980E+0
-1.586000E-1	8.827270E-3	7.820180E-5	-1.229852E+0
-1.584000E-1	8.682310E-3	-1.316080E-4	-1.229574E+0
-1.582000E-1	8.667050E-3	-1.983650E-4	-1.227946E+0
-1.580000E-1	8.884490E-3	-2.174390E-4	-1.226402E+0
-1.578000E-1	9.002750E-3	-1.564040E-4	-1.224958E+0
-1.576000E-1	8.960780E-3	-1.144420E-5	-1.222748E+0
-1.574000E-1	8.743350E-3	4.577660E-5	-1.222017E+0
-1.572000E-1	8.693750E-3	-1.430520E-4	-1.220964E+0
-1.570000E-1	8.796750E-3	-2.841970E-4	-1.219086E+0
-1.568000E-1	8.976040E-3	-1.316080E-4	-1.217227E+0
-1.566000E-1	8.863510E-3	4.196190E-5	-1.216090E+0
-1.564000E-1	8.634630E-3	7.629450E-6	-1.215165E+0
-1.562000E-1	8.745250E-3	-2.193460E-4	-1.213842E+0
-1.560000E-1	8.981760E-3	-2.002730E-4	-1.211733E+0
-1.558000E-1	8.937900E-3	0.000000E+0	-1.210558E+0
-1.556000E-1	8.733810E-3	-2.288830E-5	-1.209440E+0
-1.554000E-1	8.716640E-3	-1.602180E-4	-1.208329E+0
-1.552000E-1	8.863510E-3	-2.861040E-4	-1.206655E+0
-1.550000E-1	8.970320E-3	-1.888280E-4	-1.204927E+0
-1.548000E-1	8.840620E-3	-9.536800E-6	-1.203909E+0
-1.546000E-1	8.670870E-3	-6.103560E-5	-1.203141E+0
-1.544000E-1	8.731900E-3	-2.250680E-4	-1.201809E+0
-1.542000E-1	8.915010E-3	-2.555870E-4	-1.199894E+0
-1.540000E-1	9.044710E-3	-2.040870E-4	-1.198230E+0
-1.538000E-1	8.937900E-3	1.907360E-6	-1.197213E+0
-1.536000E-1	8.739530E-3	-5.340600E-5	-1.196362E+0
-1.534000E-1	8.707110E-3	-2.632160E-4	-1.194780E+0
-1.532000E-1	8.892120E-3	-3.356950E-4	-1.193153E+0
-1.530000E-1	8.964600E-3	-5.340600E-5	-1.191561E+0
-1.528000E-1	8.871140E-3	3.242520E-5	-1.190055E+0
-1.526000E-1	8.707110E-3	2.288830E-5	-1.189628E+0
-1.524000E-1	8.655610E-3	-1.773840E-4	-1.188482E+0
-1.522000E-1	8.827270E-3	-3.013630E-4	-1.187205E+0
-1.520000E-1	8.979860E-3	-1.716620E-4	-1.185744E+0
-1.518000E-1	9.004650E-3	-1.716630E-5	-1.184052E+0
-1.516000E-1	8.729990E-3	-1.907360E-4	-1.183284E+0
-1.514000E-1	8.817730E-3	-2.517720E-4	-1.181462E+0
-1.512000E-1	8.935990E-3	-2.040870E-4	-1.179604E+0
-1.510000E-1	8.956970E-3	-1.525890E-5	-1.178252E+0
-1.508000E-1	8.731900E-3	3.814720E-5	-1.177495E+0
-1.506000E-1	8.691850E-3	-2.155310E-4	-1.176098E+0
-1.504000E-1	8.911190E-3	-2.441420E-4	-1.175099E+0
-1.502000E-1	8.977950E-3	-1.373300E-4	-1.173730E+0
-1.500000E-1	8.918820E-3	2.288830E-5	-1.172278E+0
-1.498000E-1	8.789120E-3	2.479560E-5	-1.171640E+0
-1.496000E-1	8.766230E-3	-2.059950E-4	-1.170429E+0
-1.494000E-1	8.716640E-3	-2.689380E-4	-1.169105E+0
-1.492000E-1	8.949340E-3	-2.632160E-4	-1.167682E+0
-1.490000E-1	8.977950E-3	-7.057240E-5	-1.165979E+0
-1.488000E-1	8.873050E-3	1.907360E-5	-1.165083E+0
-1.486000E-1	8.707110E-3	-6.866500E-5	-1.164010E+0
-1.484000E-1	8.913100E-3	-2.574940E-4	-1.162003E+0
-1.482000E-1	8.985580E-3	-1.201630E-4	-1.160070E+0
-1.480000E-1	8.928360E-3	9.536800E-6	-1.158433E+0
-1.478000E-1	8.714740E-3	-4.005460E-5	-1.158127E+0
-1.476000E-1	8.743350E-3	-2.212530E-4	-1.156610E+0
-1.474000E-1	8.890210E-3	-2.899190E-4	-1.155002E+0
-1.472000E-1	9.004650E-3	-1.201630E-4	-1.153327E+0
-1.470000E-1	8.953150E-3	5.722080E-6	-1.152190E+0
-1.468000E-1	8.798660E-3	4.959130E-5	-1.150840E+0
-1.466000E-1	8.731900E-3	-8.201650E-5	-1.150099E+0
-1.464000E-1	8.798660E-3	-2.441420E-4	-1.148740E+0
-1.462000E-1	8.949340E-3	-2.746600E-4	-1.146882E+0
-1.460000E-1	9.004650E-3	-1.239790E-4	-1.145272E+0
-1.458000E-1	8.897840E-3	4.768390E-5	-1.143728E+0
-1.456000E-1	8.693750E-3	-9.346050E-5	-1.142941E+0
-1.454000E-1	8.773860E-3	-2.441420E-4	-1.141656E+0
-1.452000E-1	8.966510E-3	-1.182560E-4	-1.139593E+0
-1.450000E-1	8.905470E-3	3.242520E-5	-1.138742E+0
-1.448000E-1	8.749070E-3	-4.196190E-5	-1.138243E+0
-1.446000E-1	8.703290E-3	-2.117170E-4	-1.136541E+0
-1.444000E-1	8.924540E-3	-2.212530E-4	-1.134737E+0
-1.442000E-1	9.027540E-3	-1.277930E-4	-1.133017E+0
-1.440000E-1	8.806290E-3	5.722080E-6	-1.132102E+0
-1.438000E-1	8.747160E-3	-1.125340E-4	-1.131547E+0
-1.436000E-1	8.909290E-3	-2.479570E-4	-1.129817E+0
-1.434000E-1	8.955060E-3	-1.430520E-4	-1.128088E+0
-1.432000E-1	8.956970E-3	1.716630E-5	-1.126608E+0
-1.430000E-1	8.720460E-3	-6.675770E-5	-1.126155E+0
-1.428000E-1	8.777680E-3	-2.460500E-4	-1.125036E+0
-1.426000E-1	8.920730E-3	-1.525890E-4	-1.123306E+0
-1.424000E-1	8.960780E-3	1.907360E-6	-1.121707E+0
-1.422000E-1	8.800570E-3	2.861030E-5	-1.120357E+0
-1.420000E-1	8.741440E-3	-2.059950E-4	-1.119533E+0
-1.418000E-1	8.907380E-3	-2.212530E-4	-1.118201E+0
-1.416000E-1	8.974130E-3	5.722080E-6	-1.116545E+0
-1.414000E-1	8.743350E-3	-9.536800E-6	-1.115371E+0
-1.412000E-1	8.701380E-3	-1.602180E-4	-1.114446E+0
-1.410000E-1	8.859690E-3	-2.346050E-4	-1.112772E+0
-1.408000E-1	8.972230E-3	-1.621260E-4	-1.110857E+0
-1.406000E-1	9.004650E-3	-5.340600E-5	-1.109434E+0
-1.404000E-1	8.831080E-3	2.479560E-5	-1.108416E+0
-1.402000E-1	8.678500E-3	-1.106270E-4	-1.107472E+0
-1.400000E-1	8.789120E-3	-2.517720E-4	-1.106075E+0
-1.398000E-1	8.989390E-3	-2.288830E-4	-1.103810E+0
-1.396000E-1	8.949340E-3	1.525890E-5	-1.102163E+0
-1.394000E-1	8.789120E-3	-1.907360E-6	-1.101451E+0
-1.392000E-1	8.672770E-3	-1.735700E-4	-1.100370E+0
-1.390000E-1	8.859690E-3	-2.193460E-4	-1.098806E+0
-1.388000E-1	8.941710E-3	-4.005460E-5	-1.097132E+0
-1.386000E-1	8.884490E-3	3.623990E-5	-1.095892E+0
-1.384000E-1	8.729990E-3	-7.057240E-5	-1.094986E+0
-1.382000E-1	8.695660E-3	-1.678480E-4	-1.093839E+0
-1.380000E-1	8.789120E-3	-2.517720E-4	-1.092480E+0
-1.378000E-1	8.974130E-3	-2.498650E-4	-1.090714E+0
-1.376000E-1	9.025630E-3	-7.629440E-5	-1.088938E+0
-1.374000E-1	8.880670E-3	4.768390E-5	-1.088013E+0
-1.372000E-1	8.701380E-3	-5.722070E-5	-1.086811E+0
-1.370000E-1	8.819640E-3	-2.231610E-4	-1.085572E+0
-1.368000E-1	9.004650E-3	-1.716620E-4	-1.083703E+0
-1.366000E-1	8.991300E-3	-5.340600E-5	-1.082353E+0
-1.364000E-1	8.745250E-3	-5.722070E-5	-1.081659E+0
-1.362000E-1	8.745250E-3	-1.945500E-4	-1.080337E+0
-1.360000E-1	8.939800E-3	-2.765670E-4	-1.078524E+0
-1.358000E-1	9.040890E-3	-8.392380E-5	-1.077340E+0
-1.356000E-1	8.722360E-3	-9.536800E-6	-1.076471E+0
-1.354000E-1	8.731900E-3	-1.716620E-4	-1.075343E+0
-1.352000E-1	8.859690E-3	-2.536790E-4	-1.073548E+0
-1.350000E-1	8.964600E-3	-1.258860E-4	-1.071892E+0
-1.348000E-1	9.023730E-3	-5.531330E-5	-1.070376E+0
-1.346000E-1	8.913100E-3	1.010900E-4	-1.068488E+0
-1.344000E-1	8.712830E-3	-2.288830E-5	-1.067324E+0
-1.342000E-1	8.762420E-3	-1.926430E-4	-1.066630E+0
-1.340000E-1	8.932170E-3	-2.975480E-4	-1.064845E+0
-1.338000E-1	9.000840E-3	-1.716620E-4	-1.062829E+0
-1.336000E-1	8.785310E-3	9.536800E-6	-1.061655E+0
-1.334000E-1	8.716640E-3	-1.811990E-4	-1.060933E+0
-1.332000E-1	8.857790E-3	-2.746600E-4	-1.059296E+0
-1.330000E-1	8.993210E-3	-1.449590E-4	-1.057567E+0
-1.328000E-1	8.983670E-3	3.242520E-5	-1.056364E+0
-1.326000E-1	8.855880E-3	5.149860E-5	-1.055282E+0
-1.324000E-1	8.760510E-3	-1.316080E-4	-1.054209E+0
-1.322000E-1	8.928360E-3	-2.517720E-4	-1.051943E+0
-1.320000E-1	9.031360E-3	-2.861040E-4	-1.050103E+0
-1.318000E-1	9.044710E-3	-4.386930E-5	-1.049021E+0
-1.316000E-1	8.901660E-3	1.220710E-4	-1.047873E+0
-1.314000E-1	8.756700E-3	-4.386930E-5	-1.046690E+0
-1.312000E-1	8.768140E-3	-2.517720E-4	-1.045552E+0
-1.310000E-1	8.895930E-3	-2.765670E-4	-1.044072E+0
-1.308000E-1	9.031360E-3	-1.392370E-4	-1.041797E+0
-1.306000E-1	8.962690E-3	3.433250E-5	-1.039920E+0
-1.304000E-1	8.728090E-3	0.000000E+0	-1.039402E+0
-1.302000E-1	8.789120E-3	-2.326970E-4	-1.038070E+0
-1.300000E-1	8.926450E-3	-3.032700E-4	-1.036285E+0
-1.298000E-1	9.000840E-3	-1.163490E-4	-1.034620E+0
-1.296000E-1	8.882580E-3	2.098100E-5	-1.033205E+0
-1.294000E-1	8.741440E-3	-8.201650E-5	-1.032308E+0
-1.292000E-1	8.754790E-3	-2.422340E-4	-1.030819E+0
-1.290000E-1	8.985580E-3	-2.994560E-4	-1.028627E+0
-1.288000E-1	9.038980E-3	-5.912800E-5	-1.027415E+0
-1.286000E-1	8.819640E-3	2.098100E-5	-1.026528E+0
-1.284000E-1	8.832990E-3	-2.136240E-4	-1.025722E+0
-1.282000E-1	9.025630E-3	-1.621260E-4	-1.023688E+0
-1.280000E-1	8.964600E-3	1.144420E-5	-1.022661E+0
-1.278000E-1	8.796750E-3	-4.005460E-5	-1.022088E+0
-1.276000E-1	8.754790E-3	-1.659400E-4	-1.021006E+0
-1.274000E-1	8.884490E-3	-2.250680E-4	-1.019305E+0
-1.272000E-1	9.002750E-3	-9.155320E-5	-1.017436E+0
-1.270000E-1	9.021820E-3	-1.907360E-6	-1.016012E+0
-1.268000E-1	8.850160E-3	7.820180E-5	-1.014818E+0
-1.266000E-1	8.697570E-3	-1.163490E-4	-1.013921E+0
-1.264000E-1	8.794840E-3	-2.231610E-4	-1.012451E+0
-1.262000E-1	8.915010E-3	-3.471390E-4	-1.011147E+0
-1.260000E-1	9.010370E-3	-2.937340E-4	-1.009703E+0
-1.258000E-1	8.998930E-3	-5.722080E-6	-1.007790E+0
-1.256000E-1	8.794840E-3	-6.103560E-5	-1.007216E+0
-1.254000E-1	8.766230E-3	-2.346050E-4	-1.005903E+0
-1.252000E-1	8.951250E-3	-2.250680E-4	-1.003803E+0
-1.250000E-1	9.042800E-3	-3.242520E-5	-1.002046E+0
-1.248000E-1	8.859690E-3	4.005460E-5	-1.001408E+0
-1.246000E-1	8.739530E-3	-1.010900E-4	-1.000594E+0
-1.244000E-1	8.857790E-3	-1.506810E-4	-9.992975E-1
-1.242000E-1	9.012280E-3	-2.670310E-4	-9.976982E-1
-1.240000E-1	9.071410E-3	-1.525890E-4	-9.955605E-1
-1.238000E-1	8.951250E-3	-1.335150E-5	-9.940407E-1
-1.236000E-1	8.777680E-3	-2.098100E-5	-9.932655E-1
-1.234000E-1	8.745250E-3	-1.831060E-4	-9.920270E-1
-1.232000E-1	8.747160E-3	-2.384200E-4	-9.905137E-1
-1.230000E-1	8.970320E-3	-2.803820E-4	-9.889994E-1
-1.228000E-1	9.031360E-3	-1.144410E-4	-9.872261E-1
-1.226000E-1	8.968410E-3	-2.861030E-5	-9.859830E-1
-1.224000E-1	8.781490E-3	-1.525890E-5	-9.852531E-1
-1.222000E-1	8.709010E-3	-8.392380E-5	-9.841403E-1
-1.220000E-1	8.792940E-3	-2.174390E-4	-9.827768E-1
-1.218000E-1	8.945520E-3	-2.708450E-4	-9.811377E-1
-1.216000E-1	9.037080E-3	-2.117170E-4	-9.791369E-1
-1.214000E-1	9.018000E-3	-1.907360E-6	-9.775441E-1
-1.212000E-1	8.804380E-3	-1.525890E-5	-9.770177E-1
-1.210000E-1	8.762420E-3	-1.468670E-4	-9.756866E-1
-1.208000E-1	8.842530E-3	-2.632160E-4	-9.739115E-1
-1.206000E-1	9.010370E-3	-2.594010E-4	-9.723787E-1
-1.204000E-1	9.042800E-3	-5.531330E-5	-9.710098E-1
-1.202000E-1	8.880670E-3	2.479560E-5	-9.702540E-1
-1.200000E-1	8.749070E-3	-4.768390E-5	-9.693484E-1
-1.198000E-1	8.800570E-3	-2.365120E-4	-9.677759E-1
-1.196000E-1	8.966510E-3	-2.384200E-4	-9.663310E-1
-1.194000E-1	9.052340E-3	-1.220710E-4	-9.648103E-1
-1.192000E-1	8.871140E-3	-5.722080E-6	-9.636420E-1
-1.190000E-1	8.741440E-3	-7.438710E-5	-9.628696E-1
-1.188000E-1	8.764330E-3	-2.079020E-4	-9.614387E-1
-1.186000E-1	8.977950E-3	-1.850140E-4	-9.593148E-1
-1.184000E-1	9.046610E-3	-2.098100E-5	-9.578384E-1
-1.182000E-1	8.909290E-3	2.098100E-5	-9.567803E-1
-1.180000E-1	8.764330E-3	-1.239790E-4	-9.565203E-1
-1.178000E-1	8.712830E-3	-1.888280E-4	-9.551217E-1
-1.176000E-1	8.882580E-3	-2.536790E-4	-9.535132E-1
-1.174000E-1	9.063780E-3	-1.487740E-4	-9.516927E-1
-1.172000E-1	8.989390E-3	4.196190E-5	-9.505309E-1
-1.170000E-1	8.792940E-3	-1.144420E-5	-9.497834E-1
-1.168000E-1	8.802470E-3	-2.117170E-4	-9.482943E-1
-1.166000E-1	9.006560E-3	-2.746600E-4	-9.461482E-1
-1.164000E-1	9.048520E-3	-9.155320E-5	-9.441140E-1
-1.162000E-1	8.913100E-3	6.103560E-5	-9.430651E-1
-1.160000E-1	8.766230E-3	-6.103560E-5	-9.423963E-1
-1.158000E-1	8.796750E-3	-2.307900E-4	-9.411337E-1
-1.156000E-1	8.989390E-3	-2.422340E-4	-9.392846E-1
-1.154000E-1	9.037080E-3	-5.340600E-5	-9.376612E-1
-1.152000E-1	8.882580E-3	5.531330E-5	-9.367639E-1
-1.150000E-1	8.739530E-3	-1.049050E-4	-9.356567E-1
-1.148000E-1	8.840620E-3	-2.689380E-4	-9.354735E-1
-1.146000E-1	8.976040E-3	-2.422340E-4	-9.343182E-1
-1.144000E-1	8.991300E-3	-3.623990E-5	-9.324867E-1
-1.142000E-1	8.821550E-3	-3.433250E-5	-9.321638E-1
-1.140000E-1	8.768140E-3	-1.754770E-4	-9.308595E-1
-1.138000E-1	8.924540E-3	-2.937340E-4	-9.291733E-1
-1.136000E-1	9.050430E-3	-2.212530E-4	-9.271687E-1
-1.134000E-1	9.059970E-3	-2.861030E-5	-9.252984E-1
-1.132000E-1	8.840620E-3	4.959130E-5	-9.246768E-1
-1.130000E-1	8.747160E-3	-1.583110E-4	-9.237167E-1
-1.128000E-1	8.871140E-3	-2.574940E-4	-9.221126E-1
-1.126000E-1	9.014190E-3	-2.517720E-4	-9.208148E-1
-1.124000E-1	9.018000E-3	-5.531330E-5	-9.194745E-1
-1.122000E-1	8.800570E-3	2.479560E-5	-9.184098E-1
-1.120000E-1	8.779590E-3	-1.773840E-4	-9.177059E-1
-1.118000E-1	8.983670E-3	-1.602180E-4	-9.157412E-1
-1.116000E-1	9.014190E-3	-7.438710E-5	-9.139327E-1
-1.114000E-1	8.916910E-3	1.335150E-5	-9.127441E-1
-1.112000E-1	8.729990E-3	-1.010900E-4	-9.123334E-1
-1.110000E-1	8.728090E-3	-1.850140E-4	-9.104242E-1
-1.108000E-1	8.928360E-3	-1.792920E-4	-9.083762E-1
-1.106000E-1	9.031360E-3	-2.861030E-5	-9.063523E-1
-1.104000E-1	8.909290E-3	1.716630E-5	-9.053894E-1
-1.102000E-1	8.796750E-3	-1.888280E-4	-9.045096E-1
-1.100000E-1	8.962690E-3	-2.708450E-4	-9.027040E-1
-1.098000E-1	9.044710E-3	-5.912800E-5	-9.012352E-1
-1.096000E-1	8.920730E-3	1.525890E-5	-9.001094E-1
-1.094000E-1	8.852060E-3	1.049050E-4	-8.987117E-1
-1.092000E-1	8.787210E-3	-1.373300E-4	-8.976645E-1
-1.090000E-1	8.777680E-3	-2.670310E-4	-8.962734E-1
-1.088000E-1	9.006560E-3	-2.098090E-4	-8.946527E-1
-1.086000E-1	9.012280E-3	-1.335150E-5	-8.928304E-1
-1.084000E-1	8.842530E-3	3.051780E-5	-8.920479E-1
-1.082000E-1	8.754790E-3	-1.106270E-4	-8.912052E-1
-1.080000E-1	8.874950E-3	-2.536790E-4	-8.895901E-1
-1.078000E-1	9.019910E-3	-2.403270E-4	-8.873146E-1
-1.076000E-1	9.044710E-3	-9.346050E-5	-8.859039E-1
-1.074000E-1	8.897840E-3	6.103560E-5	-8.847181E-1
-1.072000E-1	8.764330E-3	-1.182560E-4	-8.843546E-1
-1.070000E-1	8.853970E-3	-2.441420E-4	-8.823269E-1
-1.068000E-1	9.004650E-3	-2.155310E-4	-8.807128E-1
-1.066000E-1	9.035170E-3	-6.675770E-5	-8.792447E-1
-1.064000E-1	8.857790E-3	5.340600E-5	-8.780931E-1
-1.062000E-1	8.733810E-3	-5.722070E-5	-8.772125E-1
-1.060000E-1	8.859690E-3	-2.460500E-4	-8.757990E-1
-1.058000E-1	9.031360E-3	-2.346050E-4	-8.738020E-1
-1.056000E-1	9.018000E-3	-6.294300E-5	-8.722748E-1
-1.054000E-1	8.867320E-3	-3.814730E-6	-8.714848E-1
-1.052000E-1	8.749070E-3	-5.340600E-5	-8.708632E-1
-1.050000E-1	8.760510E-3	-1.754770E-4	-8.690864E-1
-1.048000E-1	8.977950E-3	-2.059950E-4	-8.671179E-1
-1.046000E-1	8.983670E-3	-5.722080E-6	-8.654482E-1
-1.044000E-1	8.794840E-3	2.670300E-5	-8.645880E-1
-1.042000E-1	8.783400E-3	-1.468670E-4	-8.635020E-1
-1.040000E-1	8.886400E-3	-2.765670E-4	-8.622772E-1
-1.038000E-1	8.987490E-3	-1.468670E-4	-8.601146E-1
-1.036000E-1	8.976040E-3	-7.629450E-6	-8.582969E-1
-1.034000E-1	8.764330E-3	-8.392380E-5	-8.575579E-1
-1.032000E-1	8.794840E-3	-2.346050E-4	-8.560945E-1
-1.030000E-1	8.972230E-3	-8.964590E-5	-8.541029E-1
-1.028000E-1	8.983670E-3	1.907360E-5	-8.513602E-1
-1.026000E-1	8.924540E-3	9.155320E-5	-8.500921E-1
-1.024000E-1	8.808200E-3	-4.577660E-5	-8.495167E-1
-1.022000E-1	8.823450E-3	-2.384200E-4	-8.484576E-1
-1.020000E-1	8.937900E-3	-2.326970E-4	-8.465548E-1
-1.018000E-1	8.997020E-3	-8.392380E-5	-8.443191E-1
-1.016000E-1	8.981760E-3	1.335150E-5	-8.430629E-1
-1.014000E-1	8.775770E-3	-8.964590E-5	-8.424542E-1
-1.012000E-1	8.855880E-3	-2.803820E-4	-8.410519E-1
-1.010000E-1	8.934080E-3	-2.517720E-4	-8.395931E-1
-1.008000E-1	8.991300E-3	-6.675770E-5	-8.377422E-1
-1.006000E-1	8.815820E-3	-2.670300E-5	-8.371363E-1
-1.004000E-1	8.834900E-3	-2.193460E-4	-8.360402E-1
-1.002000E-1	8.970320E-3	-2.136240E-4	-8.346675E-1
-1.000000E-1	8.985580E-3	-5.149860E-5	-8.331145E-1
-9.980000E-2	8.918820E-3	4.959130E-5	-8.317185E-1
-9.960000E-2	8.699480E-3	-8.010910E-5	-8.302320E-1
-9.940000E-2	8.783400E-3	-1.850140E-4	-8.292691E-1
-9.920000E-2	8.935990E-3	-2.231610E-4	-8.272821E-1
-9.900000E-2	9.000840E-3	-4.196190E-5	-8.258225E-1
-9.880000E-2	8.880670E-3	3.433250E-5	-8.247309E-1
-9.860000E-2	8.766230E-3	-8.392380E-5	-8.241187E-1
-9.840000E-2	8.796750E-3	-2.384200E-4	-8.234961E-1
-9.820000E-2	8.945520E-3	-2.288830E-4	-8.220013E-1
-9.800000E-2	9.046610E-3	-1.220710E-4	-8.196999E-1
-9.780000E-2	8.981760E-3	7.629440E-5	-8.184390E-1
-9.760000E-2	8.770050E-3	-3.814720E-5	-8.176676E-1
-9.740000E-2	8.794840E-3	-2.441420E-4	-8.164374E-1
-9.720000E-2	8.941710E-3	-2.517720E-4	-8.146844E-1
-9.700000E-2	8.951250E-3	-2.479560E-5	-8.131359E-1
-9.680000E-2	8.855880E-3	4.959130E-5	-8.120472E-1
-9.660000E-2	8.724270E-3	-1.144410E-4	-8.111666E-1
-9.640000E-2	8.848250E-3	-2.346050E-4	-8.098661E-1
-9.620000E-2	8.985580E-3	-3.051780E-4	-8.081353E-1
-9.600000E-2	9.084760E-3	-1.220710E-4	-8.063446E-1
-9.580000E-2	8.888300E-3	2.288830E-5	-8.048062E-1
-9.560000E-2	8.768140E-3	-2.861030E-5	-8.044769E-1
-9.540000E-2	8.857790E-3	-2.880120E-4	-8.030784E-1
-9.520000E-2	9.035170E-3	-2.403270E-4	-8.013754E-1
-9.500000E-2	9.023730E-3	-4.768390E-5	-7.997862E-1
-9.480000E-2	8.817730E-3	1.716630E-5	-7.983560E-1
-9.460000E-2	8.752880E-3	-1.106270E-4	-7.974486E-1
-9.440000E-2	8.766230E-3	-2.059950E-4	-7.957327E-1
-9.420000E-2	8.956970E-3	-3.051780E-4	-7.943258E-1
-9.400000E-2	9.073320E-3	-1.392370E-4	-7.924887E-1
-9.380000E-2	8.846340E-3	-4.768390E-5	-7.917285E-1
-9.360000E-2	8.806290E-3	-1.735700E-4	-7.905833E-1
-9.340000E-2	9.004650E-3	-1.926430E-4	-7.888100E-1
-9.320000E-2	9.080950E-3	-9.727520E-5	-7.870626E-1
-9.300000E-2	8.953150E-3	7.629450E-6	-7.858333E-1
-9.280000E-2	8.853970E-3	-6.485030E-5	-7.848527E-1
-9.260000E-2	8.848250E-3	-2.174390E-4	-7.839194E-1
-9.240000E-2	9.010370E-3	-2.365120E-4	-7.819787E-1
-9.220000E-2	9.073320E-3	-1.297010E-4	-7.801491E-1
-9.200000E-2	9.115280E-3	0.000000E+0	-7.788790E-1
-9.180000E-2	8.838710E-3	-6.675770E-5	-7.782426E-1
-9.160000E-2	8.764330E-3	-1.888280E-4	-7.765452E-1
-9.140000E-2	9.014190E-3	-2.937340E-4	-7.748210E-1
-9.120000E-2	9.170590E-3	-1.602180E-4	-7.728590E-1
-9.100000E-2	9.069500E-3	9.536800E-6	-7.718637E-1
-9.080000E-2	8.901660E-3	-8.583120E-5	-7.711293E-1
-9.060000E-2	8.989390E-3	-2.517720E-4	-7.697103E-1
-9.040000E-2	9.159150E-3	-2.059950E-4	-7.680360E-1
-9.020000E-2	9.199200E-3	-1.354230E-4	-7.664385E-1
-9.000000E-2	9.094300E-3	9.536800E-6	-7.646985E-1
-8.980000E-2	8.911190E-3	4.577660E-5	-7.636857E-1
-8.960000E-2	8.861600E-3	-1.220710E-4	-7.631649E-1
-8.940000E-2	9.008470E-3	-2.079020E-4	-7.611651E-1
-8.920000E-2	9.193480E-3	-2.288830E-4	-7.597969E-1
-8.900000E-2	9.218280E-3	-1.068120E-4	-7.578896E-1
-8.880000E-2	9.136260E-3	1.335150E-5	-7.565483E-1
-8.860000E-2	8.976040E-3	-7.629440E-5	-7.558721E-1
-8.840000E-2	8.928360E-3	-2.346050E-4	-7.543588E-1
-8.820000E-2	9.021820E-3	-2.994560E-4	-7.529916E-1
-8.800000E-2	9.258330E-3	-1.049050E-4	-7.512036E-1
-8.780000E-2	9.227810E-3	3.433250E-5	-7.500103E-1
-8.760000E-2	9.012280E-3	-5.722080E-6	-7.489484E-1
-8.740000E-2	9.141980E-3	-2.040870E-4	-7.479050E-1
-8.720000E-2	9.271680E-3	-1.678480E-4	-7.462177E-1
-8.700000E-2	9.204920E-3	-3.623990E-5	-7.448024E-1
-8.680000E-2	9.031360E-3	1.716630E-5	-7.438719E-1
-8.660000E-2	9.004650E-3	-1.182560E-4	-7.427943E-1
-8.640000E-2	8.991300E-3	-2.784750E-4	-7.410719E-1
-8.620000E-2	9.185850E-3	-2.231610E-4	-7.390564E-1
-8.600000E-2	9.349880E-3	-9.918260E-5	-7.375948E-1
-8.580000E-2	9.237350E-3	7.629450E-6	-7.360999E-1
-8.560000E-2	9.063780E-3	8.392380E-5	-7.350316E-1
-8.540000E-2	9.069500E-3	-2.040870E-4	-7.339215E-1
-8.520000E-2	9.254520E-3	-2.727530E-4	-7.322778E-1
-8.500000E-2	9.399470E-3	-1.602180E-4	-7.301956E-1
-8.480000E-2	9.225900E-3	0.000000E+0	-7.290015E-1
-8.460000E-2	9.117190E-3	-1.735700E-4	-7.282281E-1
-8.440000E-2	9.147700E-3	-2.861040E-4	-7.267342E-1
-8.420000E-2	9.393750E-3	-1.468670E-4	-7.246502E-1
-8.400000E-2	9.395660E-3	4.768390E-5	-7.232035E-1
-8.380000E-2	9.281220E-3	7.438710E-5	-7.220361E-1
-8.360000E-2	9.203020E-3	-6.103560E-5	-7.217799E-1
-8.340000E-2	9.216370E-3	-2.193460E-4	-7.204590E-1
-8.320000E-2	9.391840E-3	-2.040870E-4	-7.185738E-1
-8.300000E-2	9.487210E-3	-1.068120E-4	-7.165036E-1
-8.280000E-2	9.450970E-3	2.479560E-5	-7.150115E-1
-8.260000E-2	9.275500E-3	0.000000E+0	-7.140467E-1
-8.240000E-2	9.307920E-3	-2.479570E-4	-7.124752E-1
-8.220000E-2	9.473860E-3	-2.040870E-4	-7.103985E-1
-8.200000E-2	9.597840E-3	-7.820180E-5	-7.088759E-1
-8.180000E-2	9.338440E-3	3.814720E-5	-7.077289E-1
-8.160000E-2	9.235440E-3	-1.468670E-4	-7.064135E-1
-8.140000E-2	9.439530E-3	-2.689380E-4	-7.045894E-1
-8.120000E-2	9.616910E-3	-2.155310E-4	-7.025025E-1
-8.100000E-2	9.466230E-3	3.051780E-5	-7.013102E-1
-8.080000E-2	9.292660E-3	-3.242520E-5	-7.005823E-1
-8.060000E-2	9.378490E-3	-2.784750E-4	-6.993834E-1
-8.040000E-2	9.630260E-3	-2.079020E-4	-6.973743E-1
-8.020000E-2	9.668410E-3	-9.727520E-5	-6.957028E-1
-8.000000E-2	9.529170E-3	3.623990E-5	-6.941747E-1
-7.980000E-2	9.399470E-3	-3.242520E-5	-6.930786E-1
-7.960000E-2	9.376590E-3	-2.670310E-4	-6.915541E-1
-7.940000E-2	9.658870E-3	-2.994560E-4	-6.898595E-1
-7.920000E-2	9.752330E-3	-1.201630E-4	-6.880603E-1
-7.900000E-2	9.574950E-3	-5.340600E-5	-6.872028E-1
-7.880000E-2	9.443340E-3	-4.959130E-5	-6.862168E-1
-7.860000E-2	9.426180E-3	-1.602180E-4	-6.849061E-1
-7.840000E-2	9.599750E-3	-2.708450E-4	-6.833557E-1
-7.820000E-2	9.758060E-3	-1.945500E-4	-6.813031E-1
-7.800000E-2	9.725630E-3	-7.629450E-6	-6.795170E-1
-7.780000E-2	9.506290E-3	-8.201650E-5	-6.788694E-1
-7.760000E-2	9.635980E-3	-2.708450E-4	-6.775522E-1
-7.740000E-2	9.819090E-3	-2.708450E-4	-6.752045E-1
-7.720000E-2	9.866770E-3	-7.629440E-5	-6.736440E-1
-7.700000E-2	9.822910E-3	-3.814730E-6	-6.721289E-1
-7.680000E-2	9.580670E-3	-1.144420E-5	-6.707830E-1
-7.660000E-2	9.557780E-3	2.861030E-5	-6.692428E-1
-7.640000E-2	9.759960E-3	-2.689380E-4	-6.681264E-1
-7.620000E-2	9.973590E-3	-1.735700E-4	-6.660061E-1
-7.600000E-2	9.914460E-3	4.959130E-5	-6.645133E-1
-7.580000E-2	9.750430E-3	1.506810E-4	-6.636622E-1
-7.560000E-2	9.639800E-3	-1.201630E-4	-6.624791E-1
-7.540000E-2	9.773310E-3	-3.013630E-4	-6.610861E-1
-7.520000E-2	1.003270E-2	-2.479570E-4	-6.584257E-1
-7.500000E-2	1.007660E-2	4.959130E-5	-6.564693E-1
-7.480000E-2	9.801920E-3	3.814720E-5	-6.558023E-1
-7.460000E-2	9.971680E-3	-2.384200E-4	-6.544130E-1
-7.440000E-2	1.010520E-2	-2.002730E-4	-6.527637E-1
-7.420000E-2	9.971680E-3	4.005460E-5	-6.511237E-1
-7.400000E-2	9.843890E-3	3.623990E-5	-6.500581E-1
-7.380000E-2	9.862960E-3	-2.079020E-4	-6.487649E-1
-7.360000E-2	1.007470E-2	-1.716620E-4	-6.467437E-1
-7.340000E-2	1.021200E-2	-5.149860E-5	-6.448992E-1
-7.320000E-2	1.004800E-2	1.907360E-6	-6.439474E-1
-7.300000E-2	9.933530E-3	-6.675770E-5	-6.426275E-1
-7.280000E-2	9.878220E-3	-2.422340E-4	-6.412797E-1
-7.260000E-2	1.004990E-2	-2.441420E-4	-6.396109E-1
-7.240000E-2	1.024630E-2	-2.231610E-4	-6.373456E-1
-7.220000E-2	1.019480E-2	-1.525890E-5	-6.360727E-1
-7.200000E-2	9.956420E-3	-2.861030E-5	-6.350710E-1
-7.180000E-2	9.994570E-3	-2.517720E-4	-6.339037E-1
-7.160000E-2	1.020820E-2	-2.708450E-4	-6.322256E-1
-7.140000E-2	1.016240E-2	7.629450E-6	-6.306402E-1
-7.120000E-2	1.005370E-2	-1.907360E-5	-6.298549E-1
-7.100000E-2	9.988840E-3	-2.136240E-4	-6.284562E-1
-7.080000E-2	1.013190E-2	-3.051780E-4	-6.266265E-1
-7.060000E-2	1.032450E-2	-1.964580E-4	-6.249005E-1
-7.040000E-2	1.033790E-2	2.098100E-5	-6.233427E-1
-7.020000E-2	1.016620E-2	4.577660E-5	-6.218054E-1
-7.000000E-2	1.001940E-2	-1.182560E-4	-6.208905E-1
-6.980000E-2	1.013000E-2	-2.651230E-4	-6.190544E-1
-6.960000E-2	1.027490E-2	-3.070850E-4	-6.168547E-1
-6.940000E-2	1.036270E-2	-5.340600E-5	-6.150861E-1
-6.920000E-2	1.042750E-2	7.629450E-6	-6.139280E-1
-6.900000E-2	1.023300E-2	8.583120E-5	-6.128780E-1
-6.880000E-2	1.017960E-2	-1.544960E-4	-6.117024E-1
-6.860000E-2	1.033030E-2	-3.547690E-4	-6.092853E-1
-6.840000E-2	1.045040E-2	-2.555870E-4	-6.078812E-1
-6.820000E-2	1.028640E-2	-9.536800E-6	-6.068026E-1
-6.800000E-2	1.016810E-2	-6.675770E-5	-6.058794E-1
-6.780000E-2	1.027490E-2	-2.613090E-4	-6.041136E-1
-6.760000E-2	1.054770E-2	-1.983650E-4	-6.020434E-1
-6.740000E-2	1.051530E-2	9.536800E-6	-6.001536E-1
-6.720000E-2	1.026730E-2	0.000000E+0	-5.999815E-1
-6.700000E-2	1.025400E-2	-2.021800E-4	-5.986319E-1
-6.680000E-2	1.040080E-2	-2.574940E-4	-5.968800E-1
-6.660000E-2	1.055720E-2	-2.384200E-4	-5.947431E-1
-6.640000E-2	1.053240E-2	3.433250E-5	-5.926249E-1
-6.620000E-2	1.038560E-2	2.479560E-5	-5.917850E-1
-6.600000E-2	1.028260E-2	-2.403270E-4	-5.906158E-1
-6.580000E-2	1.050570E-2	-2.574940E-4	-5.883717E-1
-6.560000E-2	1.060680E-2	-1.888280E-4	-5.862997E-1
-6.540000E-2	1.060680E-2	-1.907360E-6	-5.844192E-1
-6.520000E-2	1.043710E-2	5.722070E-5	-5.831149E-1
-6.500000E-2	1.030360E-2	-1.907360E-4	-5.817736E-1
-6.480000E-2	1.045610E-2	-3.261580E-4	-5.799235E-1
-6.460000E-2	1.068120E-2	-2.079020E-4	-5.779237E-1
-6.440000E-2	1.062780E-2	-2.098100E-5	-5.763780E-1
-6.420000E-2	1.049810E-2	2.479560E-5	-5.748925E-1
-6.400000E-2	1.041420E-2	-5.149860E-5	-5.732441E-1
-6.380000E-2	1.048670E-2	-2.880120E-4	-5.719065E-1
-6.360000E-2	1.067930E-2	-2.727530E-4	-5.695467E-1
-6.340000E-2	1.073270E-2	-6.103560E-5	-5.676681E-1
-6.320000E-2	1.052100E-2	7.629450E-6	-5.672555E-1
-6.300000E-2	1.043520E-2	-1.945500E-4	-5.658661E-1
-6.280000E-2	1.052290E-2	-3.395100E-4	-5.642770E-1
-6.260000E-2	1.073270E-2	-3.223440E-4	-5.623946E-1
-6.240000E-2	1.077090E-2	-1.239790E-4	-5.605631E-1
-6.220000E-2	1.068310E-2	7.629450E-6	-5.585706E-1
-6.200000E-2	1.050570E-2	-5.340600E-5	-5.574023E-1
-6.180000E-2	1.047520E-2	-2.326970E-4	-5.559408E-1
-6.160000E-2	1.070790E-2	-3.681200E-4	-5.542878E-1
-6.140000E-2	1.082040E-2	-1.850140E-4	-5.525774E-1
-6.120000E-2	1.069460E-2	4.196190E-5	-5.509716E-1
-6.100000E-2	1.058200E-2	6.675770E-5	-5.498422E-1
-6.080000E-2	1.061060E-2	-2.079020E-4	-5.486998E-1
-6.060000E-2	1.079760E-2	-2.727530E-4	-5.461560E-1
-6.040000E-2	1.092340E-2	-1.640330E-4	-5.442866E-1
-6.020000E-2	1.077280E-2	-2.861030E-5	-5.423884E-1
-6.000000E-2	1.070980E-2	6.294300E-5	-5.418815E-1
-5.980000E-2	1.072130E-2	-2.613090E-4	-5.405153E-1
-5.960000E-2	1.092340E-2	-2.765670E-4	-5.381916E-1
-5.940000E-2	1.093680E-2	-1.335150E-5	-5.360077E-1
-5.920000E-2	1.075940E-2	1.163490E-4	-5.341132E-1
-5.900000E-2	1.067360E-2	-1.049050E-4	-5.336470E-1
-5.880000E-2	1.078990E-2	-2.880120E-4	-5.316767E-1
-5.860000E-2	1.100930E-2	-1.926430E-4	-5.288536E-1
-5.840000E-2	1.093110E-2	3.814720E-5	-5.270840E-1
-5.820000E-2	1.072320E-2	-2.670300E-5	-5.268917E-1
-5.800000E-2	1.077090E-2	-2.880120E-4	-5.252183E-1
-5.780000E-2	1.082620E-2	-2.994560E-4	-5.238724E-1
-5.760000E-2	1.109320E-2	-2.899190E-4	-5.214813E-1
-5.740000E-2	1.109130E-2	-1.335150E-5	-5.196385E-1
-5.720000E-2	1.085670E-2	-5.722080E-6	-5.184018E-1
-5.700000E-2	1.076510E-2	-2.059950E-4	-5.175065E-1
-5.680000E-2	1.089100E-2	-3.356950E-4	-5.155427E-1
-5.660000E-2	1.112750E-2	-2.441420E-4	-5.130618E-1
-5.640000E-2	1.114660E-2	1.716630E-5	-5.116308E-1
-5.620000E-2	1.097110E-2	8.773850E-5	-5.102442E-1
-5.600000E-2	1.084720E-2	4.386930E-5	-5.087697E-1
-5.580000E-2	1.092540E-2	-2.250680E-4	-5.065774E-1
-5.560000E-2	1.099780E-2	-3.433250E-4	-5.045304E-1
-5.540000E-2	1.122480E-2	-2.117170E-4	-5.025111E-1
-5.520000E-2	1.127060E-2	-4.577660E-5	-5.008071E-1
-5.500000E-2	1.102450E-2	5.531330E-5	-4.996047E-1
-5.480000E-2	1.094060E-2	-1.201630E-4	-4.983633E-1
-5.460000E-2	1.098450E-2	-3.452320E-4	-4.965059E-1
-5.440000E-2	1.125530E-2	-2.746600E-4	-4.938197E-1
-5.420000E-2	1.135450E-2	-7.438710E-5	-4.919077E-1
-5.400000E-2	1.122670E-2	5.340600E-5	-4.905368E-1
-5.380000E-2	1.103410E-2	-8.773850E-5	-4.894000E-1
-5.360000E-2	1.103410E-2	-2.918260E-4	-4.876517E-1
-5.340000E-2	1.127440E-2	-3.738420E-4	-4.858756E-1
-5.320000E-2	1.142700E-2	-2.136240E-4	-4.837676E-1
-5.300000E-2	1.136790E-2	5.722080E-6	-4.825688E-1
-5.280000E-2	1.107600E-2	-7.438710E-5	-4.815781E-1
-5.260000E-2	1.117900E-2	-2.899190E-4	-4.797280E-1
-5.240000E-2	1.138310E-2	-2.899190E-4	-4.773840E-1
-5.220000E-2	1.143270E-2	-5.340600E-5	-4.750614E-1
-5.200000E-2	1.145370E-2	7.629440E-5	-4.740096E-1
-5.180000E-2	1.124200E-2	-7.438710E-5	-4.728228E-1
-5.160000E-2	1.126100E-2	-3.089920E-4	-4.711985E-1
-5.140000E-2	1.141740E-2	-3.681200E-4	-4.687537E-1
-5.120000E-2	1.166350E-2	-2.040870E-4	-4.661516E-1
-5.100000E-2	1.149560E-2	4.577660E-5	-4.644062E-1
-5.080000E-2	1.122860E-2	-1.392370E-4	-4.635764E-1
-5.060000E-2	1.128970E-2	-2.784750E-4	-4.616495E-1
-5.040000E-2	1.152810E-2	-3.433250E-4	-4.594943E-1
-5.020000E-2	1.177030E-2	-1.468670E-4	-4.573482E-1
-5.000000E-2	1.168070E-2	8.201650E-5	-4.555426E-1
-4.980000E-2	1.143460E-2	-6.103560E-5	-4.549821E-1
-4.960000E-2	1.148990E-2	-2.651230E-4	-4.536167E-1
-4.940000E-2	1.170550E-2	-3.471390E-4	-4.514902E-1
-4.920000E-2	1.175890E-2	-1.125340E-4	-4.494930E-1
-4.900000E-2	1.170160E-2	7.820180E-5	-4.478456E-1
-4.880000E-2	1.155290E-2	-2.288830E-5	-4.469178E-1
-4.860000E-2	1.157190E-2	-2.460500E-4	-4.452806E-1
-4.840000E-2	1.179320E-2	-3.814720E-4	-4.428727E-1
-4.820000E-2	1.186000E-2	-2.384200E-4	-4.400783E-1
-4.800000E-2	1.180270E-2	1.907360E-5	-4.393661E-1
-4.780000E-2	1.161960E-2	-7.247970E-5	-4.386353E-1
-4.760000E-2	1.164630E-2	-3.280660E-4	-4.367963E-1
-4.740000E-2	1.191910E-2	-2.956410E-4	-4.352516E-1
-4.720000E-2	1.202400E-2	-9.536790E-5	-4.323276E-1
-4.700000E-2	1.184470E-2	7.057240E-5	-4.308837E-1
-4.680000E-2	1.170930E-2	-3.433250E-5	-4.294480E-1
-4.660000E-2	1.185230E-2	-2.899190E-4	-4.278635E-1
-4.640000E-2	1.206590E-2	-2.956410E-4	-4.254853E-1
-4.620000E-2	1.218230E-2	-5.531330E-5	-4.230488E-1
-4.600000E-2	1.204120E-2	2.479560E-5	-4.214938E-1
-4.580000E-2	1.180270E-2	-1.087190E-4	-4.203968E-1
-4.560000E-2	1.204120E-2	-3.414170E-4	-4.180612E-1
-4.540000E-2	1.224710E-2	-2.784750E-4	-4.154970E-1
-4.520000E-2	1.228530E-2	-7.438710E-5	-4.135091E-1
-4.500000E-2	1.236160E-2	4.768390E-5	-4.118386E-1
-4.480000E-2	1.217470E-2	1.010900E-4	-4.098618E-1
-4.460000E-2	1.205260E-2	-8.392380E-5	-4.084400E-1
-4.440000E-2	1.222430E-2	-3.910080E-4	-4.060406E-1
-4.420000E-2	1.252370E-2	-2.784750E-4	-4.030611E-1
-4.400000E-2	1.252940E-2	-1.335150E-5	-4.016246E-1
-4.380000E-2	1.222430E-2	-2.670300E-5	-4.003794E-1
-4.360000E-2	1.229290E-2	-2.193460E-4	-3.983362E-1
-4.340000E-2	1.262860E-2	-2.784750E-4	-3.958395E-1
-4.320000E-2	1.273920E-2	-2.288830E-5	-3.932190E-1
-4.300000E-2	1.257520E-2	8.201650E-5	-3.912052E-1
-4.280000E-2	1.228340E-2	-7.438710E-5	-3.906391E-1
-4.260000E-2	1.243030E-2	-3.433250E-4	-3.892155E-1
-4.240000E-2	1.268580E-2	-3.719350E-4	-3.864127E-1
-4.220000E-2	1.299290E-2	-2.460500E-4	-3.843657E-1
-4.200000E-2	1.301770E-2	-1.010900E-4	-3.818950E-1
-4.180000E-2	1.260190E-2	-7.247970E-5	-3.809070E-1
-4.160000E-2	1.258470E-2	-2.079020E-4	-3.798377E-1
-4.140000E-2	1.278880E-2	-3.528610E-4	-3.774724E-1
-4.120000E-2	1.301390E-2	-2.880120E-4	-3.749555E-1
-4.100000E-2	1.297960E-2	-4.768390E-5	-3.726338E-1
-4.080000E-2	1.283840E-2	5.722080E-6	-3.713369E-1
-4.060000E-2	1.284220E-2	-2.441420E-4	-3.706051E-1
-4.040000E-2	1.296620E-2	-3.910080E-4	-3.679596E-1
-4.020000E-2	1.318940E-2	-4.577660E-4	-3.655389E-1
-4.000000E-2	1.333430E-2	-2.517720E-4	-3.629387E-1
-3.980000E-2	1.327710E-2	3.814720E-5	-3.610684E-1
-3.960000E-2	1.299290E-2	0.000000E+0	-3.605863E-1
-3.940000E-2	1.311120E-2	-2.899190E-4	-3.587715E-1
-3.920000E-2	1.340870E-2	-3.566760E-4	-3.567356E-1
-3.900000E-2	1.355940E-2	-1.335150E-4	-3.541649E-1
-3.880000E-2	1.327900E-2	1.144420E-5	-3.526100E-1
-3.860000E-2	1.325040E-2	-2.307900E-4	-3.509681E-1
-3.840000E-2	1.344110E-2	-3.795640E-4	-3.493058E-1
-3.820000E-2	1.365480E-2	-2.651230E-4	-3.468434E-1
-3.800000E-2	1.376160E-2	-5.340600E-5	-3.444098E-1
-3.780000E-2	1.358610E-2	3.051780E-5	-3.430121E-1
-3.760000E-2	1.351550E-2	-2.613090E-4	-3.414959E-1
-3.740000E-2	1.383220E-2	-3.795640E-4	-3.390770E-1
-3.720000E-2	1.403240E-2	-2.117170E-4	-3.356489E-1
-3.700000E-2	1.385890E-2	9.155320E-5	-3.339479E-1
-3.680000E-2	1.369100E-2	-9.727520E-5	-3.324262E-1
-3.660000E-2	1.379970E-2	-3.643050E-4	-3.303736E-1
-3.640000E-2	1.411440E-2	-4.005450E-4	-3.278196E-1
-3.620000E-2	1.423840E-2	-1.220710E-4	-3.250733E-1
-3.600000E-2	1.404770E-2	-3.814720E-5	-3.231880E-1
-3.580000E-2	1.394470E-2	-2.460500E-4	-3.211114E-1
-3.560000E-2	1.415450E-2	-4.501360E-4	-3.181690E-1
-3.540000E-2	1.438340E-2	-4.730240E-4	-3.155003E-1
-3.520000E-2	1.459890E-2	-1.144410E-4	-3.134320E-1
-3.500000E-2	1.444440E-2	8.583120E-5	-3.116735E-1
-3.480000E-2	1.421740E-2	-1.926430E-4	-3.107236E-1
-3.460000E-2	1.441960E-2	-4.653950E-4	-3.082733E-1
-3.440000E-2	1.489450E-2	-3.395100E-4	-3.053937E-1
-3.420000E-2	1.494410E-2	-7.247970E-5	-3.031495E-1
-3.400000E-2	1.468860E-2	6.675770E-5	-3.008768E-1
-3.380000E-2	1.456460E-2	-2.689380E-4	-2.989759E-1
-3.360000E-2	1.507000E-2	-3.318810E-4	-2.954571E-1
-3.340000E-2	1.524170E-2	-1.907360E-6	-2.925461E-1
-3.320000E-2	1.496130E-2	1.297010E-4	-2.909967E-1
-3.300000E-2	1.481440E-2	-9.536790E-5	-2.892864E-1
-3.280000E-2	1.498800E-2	-4.138970E-4	-2.876260E-1
-3.260000E-2	1.518640E-2	-5.188030E-4	-2.850758E-1
-3.240000E-2	1.549730E-2	-3.623980E-4	-2.817457E-1
-3.220000E-2	1.554110E-2	-7.629450E-6	-2.796847E-1
-3.200000E-2	1.532750E-2	3.433250E-5	-2.784101E-1
-3.180000E-2	1.521880E-2	-1.926430E-4	-2.770133E-1
-3.160000E-2	1.548200E-2	-4.940070E-4	-2.739590E-1
-3.140000E-2	1.581780E-2	-3.643050E-4	-2.710803E-1
-3.120000E-2	1.589790E-2	2.288830E-5	-2.685181E-1
-3.100000E-2	1.565950E-2	3.623990E-5	-2.670833E-1
-3.080000E-2	1.571090E-2	-3.128070E-4	-2.652139E-1
-3.060000E-2	1.597610E-2	-4.901920E-4	-2.618098E-1
-3.040000E-2	1.620110E-2	3.814730E-6	-2.583133E-1
-3.020000E-2	1.600280E-2	7.247970E-5	-2.564105E-1
-3.000000E-2	1.586540E-2	-2.136240E-4	-2.543866E-1
-2.980000E-2	1.581200E-2	-3.604910E-4	-2.518835E-1
-2.960000E-2	1.634610E-2	-5.035440E-4	-2.483915E-1
-2.940000E-2	1.669320E-2	-3.757500E-4	-2.453445E-1
-2.920000E-2	1.659020E-2	-7.438710E-5	-2.432198E-1
-2.900000E-2	1.633270E-2	-7.629450E-6	-2.414401E-1
-2.880000E-2	1.636330E-2	-3.433250E-4	-2.391831E-1
-2.860000E-2	1.679430E-2	-4.539510E-4	-2.359242E-1
-2.840000E-2	1.704040E-2	-1.850140E-4	-2.330632E-1
-2.820000E-2	1.708230E-2	4.577660E-5	-2.307035E-1
-2.800000E-2	1.687250E-2	3.623990E-5	-2.294066E-1
-2.780000E-2	1.665890E-2	-2.460500E-4	-2.282846E-1
-2.760000E-2	1.705940E-2	-4.539510E-4	-2.249037E-1
-2.740000E-2	1.728260E-2	-1.754770E-4	-2.210639E-1
-2.720000E-2	1.705940E-2	7.629450E-6	-2.190501E-1
-2.700000E-2	1.685350E-2	-2.250680E-4	-2.175738E-1
-2.680000E-2	1.698320E-2	-3.833790E-4	-2.147923E-1
-2.660000E-2	1.737230E-2	-5.817450E-4	-2.111043E-1
-2.640000E-2	1.750000E-2	-1.716620E-4	-2.070694E-1
-2.620000E-2	1.717010E-2	3.814730E-6	-2.051157E-1
-2.600000E-2	1.696600E-2	-1.888280E-4	-2.038374E-1
-2.580000E-2	1.720630E-2	-3.566760E-4	-2.010836E-1
-2.560000E-2	1.752290E-2	-4.730240E-4	-1.975584E-1
-2.540000E-2	1.773270E-2	-2.288830E-4	-1.944476E-1
-2.520000E-2	1.748290E-2	1.792920E-4	-1.919575E-1
-2.500000E-2	1.714720E-2	1.316080E-4	-1.905644E-1
-2.480000E-2	1.714720E-2	-1.983650E-4	-1.885099E-1
-2.460000E-2	1.736270E-2	-4.501360E-4	-1.845842E-1
-2.440000E-2	1.766600E-2	-3.452320E-4	-1.812495E-1
-2.420000E-2	1.758780E-2	-5.340600E-5	-1.783802E-1
-2.400000E-2	1.728830E-2	6.485030E-5	-1.764829E-1
-2.380000E-2	1.704990E-2	-2.155310E-4	-1.747615E-1
-2.360000E-2	1.717770E-2	-4.673020E-4	-1.712594E-1
-2.340000E-2	1.756110E-2	-2.918260E-4	-1.674530E-1
-2.320000E-2	1.709380E-2	6.675770E-5	-1.649369E-1
-2.300000E-2	1.689540E-2	5.722080E-6	-1.636003E-1
-2.280000E-2	1.721780E-2	-3.376030E-4	-1.603729E-1
-2.260000E-2	1.736080E-2	-2.479570E-4	-1.567820E-1
-2.240000E-2	1.719300E-2	3.242520E-5	-1.541966E-1
-2.220000E-2	1.671990E-2	-8.010910E-5	-1.526500E-1
-2.200000E-2	1.636140E-2	-1.983650E-4	-1.506704E-1
-2.180000E-2	1.648530E-2	-4.921000E-4	-1.474819E-1
-2.160000E-2	1.678100E-2	-4.997290E-4	-1.440095E-1
-2.140000E-2	1.661690E-2	-2.861030E-5	-1.411632E-1
-2.120000E-2	1.623170E-2	1.316080E-4	-1.393798E-1
-2.100000E-2	1.603520E-2	-2.117170E-4	-1.386999E-1
-2.080000E-2	1.616110E-2	-3.681200E-4	-1.358000E-1
-2.060000E-2	1.618780E-2	-2.250680E-4	-1.318390E-1
-2.040000E-2	1.599900E-2	1.716630E-5	-1.298984E-1
-2.020000E-2	1.578340E-2	6.485030E-5	-1.281528E-1
-2.000000E-2	1.548960E-2	-4.062670E-4	-1.256757E-1
-1.980000E-2	1.546480E-2	-3.604910E-4	-1.228590E-1
-1.960000E-2	1.529510E-2	-1.068120E-4	-1.198397E-1
-1.940000E-2	1.500710E-2	7.438710E-5	-1.174865E-1
-1.920000E-2	1.457410E-2	2.098100E-5	-1.164894E-1
-1.900000E-2	1.434900E-2	-3.013630E-4	-1.142249E-1
-1.880000E-2	1.444250E-2	-5.149880E-4	-1.114083E-1
-1.860000E-2	1.445390E-2	-2.422340E-4	-1.087987E-1
-1.840000E-2	1.412210E-2	5.149860E-5	-1.070450E-1
-1.820000E-2	1.359370E-2	1.125340E-4	-1.059387E-1
-1.800000E-2	1.343540E-2	-3.929160E-4	-1.042006E-1
-1.780000E-2	1.346590E-2	-4.253410E-4	-1.028306E-1
-1.760000E-2	1.333430E-2	-3.356950E-4	-1.002613E-1
-1.740000E-2	1.325610E-2	-1.544960E-4	-9.752472E-2
-1.720000E-2	1.275450E-2	-2.670300E-5	-9.564424E-2
-1.700000E-2	1.235780E-2	-3.051780E-5	-9.460601E-2
-1.680000E-2	1.229100E-2	-2.784750E-4	-9.208925E-2
-1.660000E-2	1.217470E-2	-1.506810E-4	-8.934052E-2
-1.640000E-2	1.198970E-2	-5.340600E-5	-8.682487E-2
-1.620000E-2	1.157190E-2	-4.577660E-5	-8.615833E-2
-1.600000E-2	1.118280E-2	-1.258860E-4	-8.488190E-2
-1.580000E-2	1.118480E-2	-3.223440E-4	-8.305956E-2
-1.560000E-2	1.116000E-2	-1.602180E-4	-8.091403E-2
-1.540000E-2	1.074990E-2	-5.340600E-5	-7.945773E-2
-1.520000E-2	1.042940E-2	2.479560E-5	-7.818000E-2
-1.500000E-2	1.025780E-2	-2.040870E-4	-7.743320E-2
-1.480000E-2	1.012810E-2	-3.452320E-4	-7.469584E-2
-1.460000E-2	9.981220E-3	-2.384200E-4	-7.242044E-2
-1.440000E-2	9.672220E-3	-7.438710E-5	-7.144423E-2
-1.420000E-2	9.319370E-3	-6.675770E-5	-7.036979E-2
-1.400000E-2	9.082850E-3	-1.277930E-4	-6.919881E-2
-1.380000E-2	8.825360E-3	-1.697550E-4	-6.813587E-2
-1.360000E-2	8.930270E-3	-1.564040E-4	-6.658337E-2
-1.340000E-2	8.855880E-3	-1.316080E-4	-6.500544E-2
-1.320000E-2	8.527820E-3	-1.335150E-5	-6.414070E-2
-1.300000E-2	8.237900E-3	1.144420E-5	-6.313773E-2
-1.280000E-2	8.033810E-3	-2.021800E-4	-6.182084E-2
-1.260000E-2	7.919370E-3	-2.460500E-4	-6.037473E-2
-1.240000E-2	7.810620E-3	-1.792920E-4	-5.921374E-2
-1.220000E-2	7.709530E-3	-1.049050E-4	-5.828410E-2
-1.200000E-2	7.436780E-3	2.670300E-5	-5.699036E-2
-1.180000E-2	7.082020E-3	-1.449590E-4	-5.609006E-2
-1.160000E-2	6.879840E-3	-2.460500E-4	-5.477975E-2
-1.140000E-2	6.843600E-3	-1.621260E-4	-5.343084E-2
-1.120000E-2	6.721530E-3	-6.485030E-5	-5.247833E-2
-1.100000E-2	6.351500E-3	-6.866500E-5	-5.171283E-2
-1.080000E-2	6.155040E-3	5.531330E-5	-5.062016E-2
-1.060000E-2	5.979570E-3	-5.340600E-5	-4.986437E-2
-1.040000E-2	5.954770E-3	-6.675770E-5	-4.878383E-2
-1.020000E-2	5.746870E-3	-3.814730E-6	-4.781217E-2
-1.000000E-2	5.580930E-3	1.029970E-4	-4.695085E-2
-9.800000E-3	5.353960E-3	5.340600E-5	-4.621284E-2
-9.600000E-3	5.121260E-3	-1.144410E-4	-4.565952E-2
-9.400000E-3	4.976300E-3	-1.201630E-4	-4.485013E-2
-9.200000E-3	4.919080E-3	-1.373300E-4	-4.392419E-2
-9.000000E-3	4.848510E-3	-1.182560E-4	-4.293530E-2
-8.800000E-3	4.667310E-3	-9.727520E-5	-4.215794E-2
-8.600000E-3	4.461320E-3	2.479560E-5	-4.185328E-2
-8.400000E-3	4.228620E-3	-4.768390E-5	-4.160463E-2
-8.200000E-3	4.106550E-3	-1.544960E-4	-4.072396E-2
-8.000000E-3	4.093200E-3	-1.564040E-4	-4.020220E-2
-7.800000E-3	3.936800E-3	-8.392380E-5	-3.944105E-2
-7.600000E-3	3.749860E-3	2.288830E-5	-3.882394E-2
-7.400000E-3	3.622070E-3	5.340600E-5	-3.840763E-2
-7.200000E-3	3.408450E-3	-5.722080E-6	-3.801030E-2
-7.000000E-3	3.374110E-3	1.144420E-5	-3.735024E-2
-6.800000E-3	3.185290E-3	7.057240E-5	-3.648604E-2
-6.600000E-3	3.038420E-3	-3.814730E-6	-3.615102E-2
-6.400000E-3	2.832430E-3	7.629450E-6	-3.568907E-2
-6.200000E-3	2.706540E-3	-7.438710E-5	-3.529404E-2
-6.000000E-3	2.571120E-3	1.716630E-5	-3.478840E-2
-5.800000E-3	2.447140E-3	0.000000E+0	-3.441652E-2
-5.600000E-3	2.267850E-3	1.144420E-5	-3.427321E-2
-5.400000E-3	2.159130E-3	-4.959130E-5	-3.382044E-2
-5.200000E-3	2.033250E-3	-6.294300E-5	-3.344310E-2
-5.000000E-3	1.874930E-3	-5.149860E-5	-3.302188E-2
-4.800000E-3	1.798640E-3	-3.242520E-5	-3.284182E-2
-4.600000E-3	1.665120E-3	-3.051780E-5	-3.262205E-2
-4.400000E-3	1.560220E-3	-8.773850E-5	-3.240366E-2
-4.200000E-3	1.510630E-3	-4.768390E-5	-3.209001E-2
-4.000000E-3	1.405720E-3	-1.907360E-6	-3.180044E-2
-3.800000E-3	1.266490E-3	-1.907360E-5	-3.154096E-2
-3.600000E-3	1.150140E-3	1.144420E-5	-3.158289E-2
-3.400000E-3	1.091010E-3	-2.479560E-5	-3.136488E-2
-3.200000E-3	9.975510E-4	3.814730E-6	-3.115454E-2
-3.000000E-3	9.326970E-4	-1.525890E-5	-3.110835E-2
-2.800000E-3	7.782020E-4	2.479560E-5	-3.097662E-2
-2.600000E-3	6.732980E-4	9.536800E-6	-3.074749E-2
-2.400000E-3	6.504100E-4	-9.536800E-6	-3.082090E-2
-2.200000E-3	5.741160E-4	-2.670300E-5	-3.051549E-2
-2.000000E-3	4.844680E-4	-1.335150E-5	-3.043273E-2
-1.800000E-3	3.986380E-4	2.098100E-5	-3.040478E-2
-1.600000E-3	4.081740E-4	5.722080E-6	-3.046495E-2
-1.400000E-3	3.185290E-4	0.000000E+0	-3.027934E-2
-1.200000E-3	2.613090E-4	-1.144420E-5	-3.024694E-2
-1.000000E-3	2.384200E-4	-4.005460E-5	-3.026341E-2
-8.000000E-4	1.449590E-4	1.144420E-5	-3.018223E-2
-6.000000E-4	1.125340E-4	1.144420E-5	-3.022278E-2
-4.000000E-4	1.049050E-4	3.242520E-5	-3.021916E-2
-2.000000E-4	6.485030E-5	2.479560E-5	-3.012021E-2
0.000000E+0	4.577660E-5	1.144420E-5	-3.010872E-2
2.000000E-4	0.000000E+0	2.288830E-5	-3.012705E-2
4.000000E-4	5.722080E-6	6.103560E-5	-3.009678E-2
6.000000E-4	1.525890E-5	1.144410E-4	-3.008225E-2
8.000000E-4	-1.716630E-5	1.182560E-4	-2.999412E-2
1.000000E-3	-6.294300E-5	3.242520E-5	-3.008150E-2
1.200000E-3	-3.623990E-5	5.722080E-6	-3.008252E-2
1.400000E-3	1.907360E-6	2.098100E-5	-3.014436E-2
1.600000E-3	3.242520E-5	1.335150E-5	-3.008122E-2
1.800000E-3	-2.288830E-5	3.051780E-5	-3.009705E-2
2.000000E-3	-6.675770E-5	0.000000E+0	-3.013085E-2
2.200000E-3	-3.051780E-5	-3.814730E-6	-3.003383E-2
2.400000E-3	2.288830E-5	3.623990E-5	-3.014158E-2
2.600000E-3	4.768390E-5	-1.907360E-5	-3.009159E-2
2.800000E-3	4.959130E-5	-4.005460E-5	-3.014270E-2
3.000000E-3	6.103560E-5	7.820180E-5	-3.017038E-2
3.200000E-3	6.485030E-5	7.629450E-6	-3.009456E-2
3.400000E-3	1.220710E-4	-5.722080E-6	-3.009437E-2
3.600000E-3	1.258860E-4	9.536800E-6	-3.003207E-2
3.800000E-3	1.583110E-4	1.335150E-5	-3.009021E-2
4.000000E-3	1.773840E-4	-2.670300E-5	-2.995856E-2
4.200000E-3	1.468670E-4	-5.722080E-6	-2.999495E-2
4.400000E-3	1.564040E-4	2.479560E-5	-2.998569E-2
4.600000E-3	1.926430E-4	-1.335150E-5	-2.991172E-2
4.800000E-3	2.193460E-4	-2.479560E-5	-2.996320E-2
5.000000E-3	2.498650E-4	-2.861030E-5	-2.994561E-2
5.200000E-3	2.288830E-4	-5.722080E-6	-2.980646E-2
5.400000E-3	2.231610E-4	-4.005460E-5	-2.981618E-2
5.600000E-3	2.307900E-4	-1.525890E-5	-2.974971E-2
5.800000E-3	2.555870E-4	-3.623990E-5	-2.977424E-2
6.000000E-3	2.899190E-4	7.629450E-6	-2.972638E-2
6.200000E-3	2.822890E-4	0.000000E+0	-2.969537E-2
6.400000E-3	2.422340E-4	-2.098100E-5	-2.960243E-2
6.600000E-3	2.613090E-4	7.629450E-6	-2.949059E-2
6.800000E-3	2.937340E-4	2.288830E-5	-2.950226E-2
7.000000E-3	2.727530E-4	7.629450E-6	-2.949689E-2
7.200000E-3	2.899190E-4	7.629450E-6	-2.934933E-2
7.400000E-3	2.956410E-4	-2.861030E-5	-2.939701E-2
7.600000E-3	3.070850E-4	-1.907360E-5	-2.938071E-2
7.800000E-3	3.376030E-4	3.814730E-6	-2.928045E-2
8.000000E-3	3.566760E-4	2.288830E-5	-2.918455E-2
8.200000E-3	4.215260E-4	3.814720E-5	-2.915242E-2
8.400000E-3	4.272480E-4	1.525890E-5	-2.902643E-2
8.600000E-3	3.929160E-4	3.242520E-5	-2.901078E-2
8.800000E-3	4.615800E-4	-4.196190E-5	-2.894014E-2
9.000000E-3	5.054510E-4	-2.479560E-5	-2.881109E-2
9.200000E-3	5.474130E-4	1.144420E-5	-2.875971E-2
9.400000E-3	6.160770E-4	3.814730E-6	-2.866602E-2
9.600000E-3	6.980930E-4	-3.242520E-5	-2.854457E-2
9.800000E-3	8.068120E-4	-5.340600E-5	-2.825815E-2
1.000000E-2	8.850130E-4	-7.629450E-6	-2.819130E-2
1.020000E-2	9.861070E-4	-5.722080E-6	-2.801449E-2
1.040000E-2	1.100550E-3	-4.196190E-5	-2.784071E-2
1.060000E-2	1.214990E-3	-1.716630E-5	-2.764307E-2
1.080000E-2	1.306540E-3	-1.335150E-5	-2.738349E-2
1.100000E-2	1.422890E-3	-3.051780E-5	-2.708383E-2
1.120000E-2	1.592640E-3	-2.670300E-5	-2.698014E-2
1.140000E-2	1.653680E-3	0.000000E+0	-2.673796E-2
1.160000E-2	1.770030E-3	-3.433250E-5	-2.657336E-2
1.180000E-2	1.939780E-3	-7.438710E-5	-2.609438E-2
1.200000E-2	2.038970E-3	0.000000E+0	-2.590987E-2
1.220000E-2	2.140060E-3	-2.288830E-5	-2.581165E-2
1.240000E-2	2.321260E-3	-7.438710E-5	-2.542774E-2
1.260000E-2	2.511990E-3	-8.010910E-5	-2.482443E-2
1.280000E-2	2.658860E-3	1.907360E-5	-2.446108E-2
1.300000E-2	2.832430E-3	7.438710E-5	-2.396728E-2
1.320000E-2	2.956410E-3	-4.959130E-5	-2.363160E-2
1.340000E-2	3.126160E-3	-8.010910E-5	-2.310021E-2
1.360000E-2	3.334060E-3	-7.820180E-5	-2.242506E-2
1.380000E-2	3.562940E-3	1.716630E-5	-2.196857E-2
1.400000E-2	3.564850E-3	-7.629450E-6	-2.176927E-2
1.420000E-2	3.742230E-3	-5.531330E-5	-2.130657E-2
1.440000E-2	3.986390E-3	-1.201630E-4	-2.041813E-2
1.460000E-2	4.175220E-3	-8.583120E-5	-1.953506E-2
1.480000E-2	4.375490E-3	7.629450E-6	-1.900654E-2
1.500000E-2	4.375490E-3	-9.536800E-6	-1.871039E-2
1.520000E-2	4.566220E-3	-1.106270E-4	-1.814197E-2
1.540000E-2	4.795100E-3	-1.258860E-4	-1.720678E-2
1.560000E-2	5.006820E-3	-1.029970E-4	-1.640138E-2
1.580000E-2	5.157500E-3	5.149860E-5	-1.574205E-2
1.600000E-2	5.250960E-3	-1.716630E-5	-1.524779E-2
1.620000E-2	5.369220E-3	-8.583120E-5	-1.443665E-2
1.640000E-2	5.559950E-3	-1.544960E-4	-1.353997E-2
1.660000E-2	5.777390E-3	-1.926430E-4	-1.261588E-2
1.680000E-2	6.019620E-3	-8.773850E-5	-1.164940E-2
1.700000E-2	6.073030E-3	2.861030E-5	-1.094711E-2
1.720000E-2	6.185560E-3	-1.029970E-4	-1.054090E-2
1.740000E-2	6.372480E-3	-1.888280E-4	-8.993695E-3
1.760000E-2	6.626160E-3	-2.098090E-4	-7.501471E-3
1.780000E-2	6.866480E-3	-7.820180E-5	-6.651071E-3
1.800000E-2	6.971390E-3	-4.386930E-5	-5.573309E-3
1.820000E-2	6.856950E-3	4.959130E-5	-4.891590E-3
1.840000E-2	6.877930E-3	-1.392370E-4	-4.054336E-3
1.860000E-2	7.120160E-3	-2.002730E-4	-2.568503E-3
1.880000E-2	7.167850E-3	-1.335150E-4	-1.456952E-3
1.900000E-2	7.101090E-3	-1.144420E-5	-5.671188E-4
1.920000E-2	7.011440E-3	-6.103560E-5	3.393848E-4
1.940000E-2	7.022890E-3	-1.411450E-4	1.555722E-3
1.960000E-2	7.143050E-3	-1.697550E-4	2.720232E-3
1.980000E-2	7.194550E-3	-1.335150E-4	3.841683E-3
2.000000E-2	7.085830E-3	7.629450E-6	5.002118E-3
2.020000E-2	6.958040E-3	1.049050E-4	5.744022E-3
2.040000E-2	6.708170E-3	4.005460E-5	6.653655E-3
2.060000E-2	6.612810E-3	-1.640330E-4	7.649214E-3
2.080000E-2	6.593730E-3	-2.250680E-4	8.930642E-3
2.100000E-2	6.504090E-3	-1.068120E-4	9.967665E-3
2.120000E-2	6.317170E-3	4.196190E-5	1.113634E-2
2.140000E-2	6.006270E-3	4.959130E-5	1.188676E-2
2.160000E-2	5.796460E-3	-1.659400E-4	1.245610E-2
2.180000E-2	5.727800E-3	-1.983650E-4	1.361041E-2
2.200000E-2	5.559950E-3	-1.049050E-4	1.459144E-2
2.220000E-2	5.371120E-3	-6.103560E-5	1.536055E-2
2.240000E-2	5.083110E-3	2.479560E-5	1.607792E-2
2.260000E-2	4.791290E-3	-1.716630E-5	1.630602E-2
2.280000E-2	4.592930E-3	-1.144410E-4	1.736111E-2
2.300000E-2	4.501370E-3	-1.335150E-4	1.813864E-2
2.320000E-2	4.306820E-3	-4.196190E-5	1.875797E-2
2.340000E-2	4.140880E-3	7.629450E-6	1.930009E-2
2.360000E-2	3.870030E-3	8.392380E-5	1.971695E-2
2.380000E-2	3.648770E-3	1.144420E-5	2.037424E-2
2.400000E-2	3.484740E-3	-1.163490E-4	2.080824E-2
2.420000E-2	3.416080E-3	-1.201630E-4	2.162373E-2
2.440000E-2	3.252040E-3	-5.722080E-6	2.201967E-2
2.460000E-2	3.007900E-3	3.814720E-5	2.219834E-2
2.480000E-2	2.836240E-3	-3.814720E-5	2.260309E-2
2.500000E-2	2.719890E-3	3.814730E-6	2.321714E-2
2.520000E-2	2.504360E-3	-9.536800E-6	2.390746E-2
2.540000E-2	2.334610E-3	0.000000E+0	2.408595E-2
2.560000E-2	2.182020E-3	1.716630E-5	2.430481E-2
2.580000E-2	2.019900E-3	-4.196190E-5	2.457374E-2
2.600000E-2	1.993190E-3	-1.144420E-5	2.504633E-2
2.620000E-2	1.886380E-3	2.670300E-5	2.546838E-2
2.640000E-2	1.777660E-3	1.144420E-5	2.560141E-2
2.660000E-2	1.596460E-3	-2.670300E-5	2.581971E-2
2.680000E-2	1.525890E-3	-7.438710E-5	2.604948E-2
2.700000E-2	1.491550E-3	-6.485030E-5	2.652179E-2
2.720000E-2	1.411450E-3	-1.907360E-5	2.654975E-2
2.740000E-2	1.287470E-3	2.479560E-5	2.670889E-2
2.760000E-2	1.226430E-3	2.670300E-5	2.689181E-2
2.780000E-2	1.167300E-3	-2.861030E-5	2.708197E-2
2.800000E-2	1.062400E-3	-9.536800E-6	2.734368E-2
2.820000E-2	9.765700E-4	-1.144420E-5	2.759641E-2
2.840000E-2	9.803850E-4	-5.531330E-5	2.757196E-2
2.860000E-2	9.098090E-4	-5.722070E-5	2.779489E-2
2.880000E-2	8.602180E-4	-2.670300E-5	2.787099E-2
2.900000E-2	8.049050E-4	-1.716630E-5	2.799060E-2
2.920000E-2	7.782020E-4	-2.288830E-5	2.819102E-2
2.940000E-2	7.095370E-4	-3.051780E-5	2.812955E-2
2.960000E-2	6.771120E-4	-2.670300E-5	2.833793E-2
2.980000E-2	5.970040E-4	2.861030E-5	2.855753E-2
3.000000E-2	5.455050E-4	-1.716630E-5	2.857344E-2
3.020000E-2	5.531350E-4	-1.335150E-5	2.868861E-2
3.040000E-2	5.321540E-4	1.335150E-5	2.875315E-2
3.060000E-2	5.264320E-4	1.144420E-5	2.887960E-2
3.080000E-2	5.226170E-4	-2.288830E-5	2.890366E-2
3.100000E-2	4.806540E-4	1.144420E-5	2.902050E-2
3.120000E-2	4.329700E-4	3.623990E-5	2.911094E-2
3.140000E-2	4.444140E-4	-1.907360E-6	2.916593E-2
3.160000E-2	4.520430E-4	-4.959130E-5	2.926323E-2
3.180000E-2	4.100820E-4	-2.479560E-5	2.939163E-2
3.200000E-2	3.948230E-4	2.861030E-5	2.938071E-2
3.220000E-2	3.757500E-4	-5.722080E-6	2.945236E-2
3.240000E-2	3.604910E-4	1.144420E-5	2.946356E-2
3.260000E-2	3.490470E-4	-2.670300E-5	2.944579E-2
3.280000E-2	3.395100E-4	-5.722070E-5	2.953318E-2
3.300000E-2	3.337880E-4	-7.629450E-6	2.949032E-2
3.320000E-2	2.880120E-4	1.907360E-6	2.961344E-2
3.340000E-2	2.441420E-4	-1.716630E-5	2.965371E-2
3.360000E-2	3.013630E-4	7.629450E-6	2.966306E-2
3.380000E-2	2.746600E-4	1.144420E-5	2.971259E-2
3.400000E-2	2.098090E-4	2.670300E-5	2.967972E-2
3.420000E-2	2.117170E-4	0.000000E+0	2.981554E-2
3.440000E-2	1.888280E-4	1.144420E-5	2.978702E-2
3.460000E-2	2.098090E-4	2.670300E-5	2.994347E-2
3.480000E-2	1.449590E-4	0.000000E+0	2.993837E-2
3.500000E-2	1.220710E-4	2.479560E-5	2.985376E-2
3.520000E-2	1.316080E-4	-9.536800E-6	2.990996E-2
3.540000E-2	1.297010E-4	-1.716630E-5	2.993523E-2
3.560000E-2	1.201630E-4	-5.531330E-5	2.997726E-2
3.580000E-2	1.583110E-4	-3.814730E-6	2.999216E-2
3.600000E-2	7.820180E-5	-7.629450E-6	2.998717E-2
3.620000E-2	7.629440E-5	1.144420E-5	2.994375E-2
3.640000E-2	4.386930E-5	7.629450E-6	3.003124E-2
3.660000E-2	7.820180E-5	1.907360E-6	3.012186E-2
3.680000E-2	8.773850E-5	-1.907360E-5	3.008761E-2
3.700000E-2	7.438710E-5	-5.722080E-6	3.012612E-2
3.720000E-2	5.912800E-5	3.433250E-5	3.020323E-2
3.740000E-2	6.866500E-5	4.959130E-5	3.026258E-2
3.760000E-2	7.820180E-5	3.814730E-6	3.010696E-2
3.780000E-2	6.485030E-5	9.536800E-6	3.019777E-2
3.800000E-2	1.297010E-4	7.629450E-6	3.019657E-2
3.820000E-2	1.773840E-4	-4.005460E-5	3.021342E-2
3.840000E-2	1.678480E-4	1.716630E-5	3.031035E-2
3.860000E-2	1.869210E-4	3.242520E-5	3.029211E-2
3.880000E-2	2.441420E-4	2.098100E-5	3.045476E-2
3.900000E-2	3.643050E-4	-1.907360E-6	3.040302E-2
3.920000E-2	3.852860E-4	-2.861030E-5	3.055743E-2
3.940000E-2	4.196190E-4	4.768390E-5	3.062445E-2
3.960000E-2	4.520430E-4	-2.288830E-5	3.068389E-2
3.980000E-2	5.397830E-4	-2.670300E-5	3.074554E-2
4.000000E-2	6.008190E-4	-4.196190E-5	3.079387E-2
4.020000E-2	6.332430E-4	-2.670300E-5	3.094209E-2
4.040000E-2	6.961860E-4	-2.479560E-5	3.100901E-2
4.060000E-2	8.564030E-4	2.861030E-5	3.120814E-2
4.080000E-2	9.117160E-4	2.479560E-5	3.120324E-2
4.100000E-2	1.008990E-3	-3.051780E-5	3.144764E-2
4.120000E-2	1.094830E-3	-4.005460E-5	3.166981E-2
4.140000E-2	1.234060E-3	-6.675770E-5	3.192254E-2
4.160000E-2	1.354220E-3	-5.722080E-6	3.217703E-2
4.180000E-2	1.417170E-3	-1.525890E-5	3.225202E-2
4.200000E-2	1.510630E-3	-2.670300E-5	3.261862E-2
4.220000E-2	1.663220E-3	-4.768390E-5	3.290856E-2
4.240000E-2	1.775750E-3	-2.670300E-5	3.325322E-2
4.260000E-2	1.913080E-3	-1.525890E-5	3.343235E-2
4.280000E-2	2.021800E-3	-1.716630E-5	3.380136E-2
4.300000E-2	2.151500E-3	-1.144420E-5	3.392134E-2
4.320000E-2	2.233520E-3	-6.866500E-5	3.451900E-2
4.340000E-2	2.433790E-3	-2.670300E-5	3.496485E-2
4.360000E-2	2.588290E-3	-1.335150E-5	3.531959E-2
4.380000E-2	2.649320E-3	-2.861030E-5	3.566462E-2
4.400000E-2	2.704640E-3	-6.866500E-5	3.573924E-2
4.420000E-2	2.906810E-3	-1.049050E-4	3.664897E-2
4.440000E-2	3.088010E-3	-7.820180E-5	3.707639E-2
4.460000E-2	3.179570E-3	4.386930E-5	3.765194E-2
4.480000E-2	3.217710E-3	4.196190E-5	3.794605E-2
4.500000E-2	3.229160E-3	-4.005460E-5	3.823349E-2
4.520000E-2	3.435150E-3	-4.005460E-5	3.879321E-2
4.540000E-2	3.662120E-3	-1.068120E-4	3.952612E-2
4.560000E-2	3.921540E-3	-8.010910E-5	4.026774E-2
4.580000E-2	4.018810E-3	3.814720E-5	4.078098E-2
4.600000E-2	4.062680E-3	-5.340600E-5	4.139392E-2
4.620000E-2	4.152330E-3	-4.577660E-5	4.179959E-2
4.640000E-2	4.369770E-3	-1.201630E-4	4.263045E-2
4.660000E-2	4.543330E-3	-1.564040E-4	4.349103E-2
4.680000E-2	4.766490E-3	-2.670300E-5	4.444807E-2
4.700000E-2	4.840880E-3	-5.722080E-6	4.476366E-2
4.720000E-2	4.867580E-3	-4.386930E-5	4.504871E-2
4.740000E-2	5.088840E-3	-1.029970E-4	4.585679E-2
4.760000E-2	5.281480E-3	-8.583120E-5	4.705869E-2
4.780000E-2	5.474120E-3	1.144420E-5	4.803832E-2
4.800000E-2	5.634340E-3	3.242520E-5	4.871625E-2
4.820000E-2	5.641970E-3	-1.544960E-4	4.948620E-2
4.840000E-2	5.918530E-3	-1.506810E-4	5.073569E-2
4.860000E-2	6.231340E-3	-1.792920E-4	5.209433E-2
4.880000E-2	6.410630E-3	-8.010910E-5	5.286955E-2
4.900000E-2	6.383930E-3	0.000000E+0	5.365644E-2
4.920000E-2	6.595640E-3	-1.659400E-4	5.450702E-2
4.940000E-2	6.872210E-3	-2.231610E-4	5.588362E-2
4.960000E-2	7.148770E-3	-1.564040E-4	5.684010E-2
4.980000E-2	7.160220E-3	4.386930E-5	5.788158E-2
5.000000E-2	7.247950E-3	1.525890E-5	5.861487E-2
5.020000E-2	7.463490E-3	-1.335150E-4	5.954507E-2
5.040000E-2	7.677110E-3	-2.193460E-4	6.081408E-2
5.060000E-2	8.024280E-3	-2.117170E-4	6.268058E-2
5.080000E-2	8.230270E-3	-1.258860E-4	6.359588E-2
5.100000E-2	8.073870E-3	-2.098100E-5	6.421456E-2
5.120000E-2	8.287490E-3	-2.098090E-4	6.516225E-2
5.140000E-2	8.695660E-3	-2.784750E-4	6.695294E-2
5.160000E-2	9.105740E-3	-1.964580E-4	6.896728E-2
5.180000E-2	9.311740E-3	0.000000E+0	7.033444E-2
5.200000E-2	9.407100E-3	1.029970E-4	7.146098E-2
5.220000E-2	9.456690E-3	-3.433250E-5	7.229833E-2
5.240000E-2	9.780940E-3	-2.784750E-4	7.441728E-2
5.260000E-2	1.007850E-2	-3.433250E-4	7.625027E-2
5.280000E-2	1.038370E-2	-7.247970E-5	7.770787E-2
5.300000E-2	1.039320E-2	5.722070E-5	7.872157E-2
5.320000E-2	1.038560E-2	-1.621260E-4	7.973952E-2
5.340000E-2	1.076890E-2	-2.746600E-4	8.152928E-2
5.360000E-2	1.107220E-2	-3.871940E-4	8.344661E-2
5.380000E-2	1.143460E-2	-6.103560E-5	8.547428E-2
5.400000E-2	1.141740E-2	-4.959130E-5	8.635921E-2
5.420000E-2	1.156050E-2	-2.384200E-4	8.807926E-2
5.440000E-2	1.199540E-2	-3.738420E-4	9.011313E-2
5.460000E-2	1.243790E-2	-2.250680E-4	9.210027E-2
5.480000E-2	1.254470E-2	-3.814730E-6	9.436262E-2
5.500000E-2	1.241310E-2	-5.912800E-5	9.520394E-2
5.520000E-2	1.269730E-2	-2.784750E-4	9.753434E-2
5.540000E-2	1.295670E-2	-4.615800E-4	1.001718E-1
5.560000E-2	1.354800E-2	-3.566760E-4	1.034606E-1
5.580000E-2	1.370250E-2	-9.536800E-6	1.048227E-1
5.600000E-2	1.355940E-2	3.242520E-5	1.062840E-1
5.620000E-2	1.375200E-2	-1.411450E-4	1.069399E-1
5.640000E-2	1.406100E-2	-4.577660E-4	1.105535E-1
5.660000E-2	1.458940E-2	-3.700270E-4	1.132757E-1
5.680000E-2	1.490790E-2	-2.555870E-4	1.158941E-1
5.700000E-2	1.513110E-2	-5.722070E-5	1.181281E-1
5.720000E-2	1.493650E-2	-4.005460E-5	1.202307E-1
5.740000E-2	1.480110E-2	-1.392370E-4	1.214323E-1
5.760000E-2	1.509670E-2	-3.280660E-4	1.236791E-1
5.780000E-2	1.546100E-2	-4.730240E-4	1.261369E-1
5.800000E-2	1.580060E-2	-1.258860E-4	1.295909E-1
5.820000E-2	1.576240E-2	7.820180E-5	1.310811E-1
5.840000E-2	1.568040E-2	-9.536800E-6	1.328284E-1
5.860000E-2	1.596080E-2	-1.411450E-4	1.348755E-1
5.880000E-2	1.623360E-2	-4.558580E-4	1.383008E-1
5.900000E-2	1.633270E-2	-6.713900E-4	1.399269E-1
5.920000E-2	1.665510E-2	-1.220710E-4	1.429194E-1
5.940000E-2	1.660170E-2	1.811990E-4	1.452042E-1
5.960000E-2	1.639760E-2	4.386930E-5	1.479848E-1
5.980000E-2	1.652730E-2	-3.395100E-4	1.507949E-1
6.000000E-2	1.705750E-2	-4.596730E-4	1.543664E-1
6.020000E-2	1.715290E-2	-1.602180E-4	1.567863E-1
6.040000E-2	1.702700E-2	1.506810E-4	1.589831E-1
6.060000E-2	1.690690E-2	-9.155320E-5	1.611754E-1
6.080000E-2	1.698890E-2	-4.253410E-4	1.632622E-1
6.100000E-2	1.732460E-2	-5.149880E-4	1.660087E-1
6.120000E-2	1.756110E-2	-3.204360E-4	1.693702E-1
6.140000E-2	1.745430E-2	1.049050E-4	1.721248E-1
6.160000E-2	1.726540E-2	-3.051780E-5	1.753124E-1
6.180000E-2	1.710140E-2	-5.111730E-4	1.784408E-1
6.200000E-2	1.755340E-2	-5.207100E-4	1.820169E-1
6.220000E-2	1.765070E-2	-9.346050E-5	1.852507E-1
6.240000E-2	1.743710E-2	3.623990E-5	1.876012E-1
6.260000E-2	1.725210E-2	-3.166220E-4	1.885465E-1
6.280000E-2	1.744660E-2	-5.912820E-4	1.921847E-1
6.300000E-2	1.765260E-2	-4.940070E-4	1.950568E-1
6.320000E-2	1.782620E-2	-1.525890E-4	1.984526E-1
6.340000E-2	1.759540E-2	1.106270E-4	2.001758E-1
6.360000E-2	1.725970E-2	-1.335150E-4	2.016383E-1
6.380000E-2	1.728070E-2	-3.051780E-4	2.047472E-1
6.400000E-2	1.753440E-2	-4.653950E-4	2.081208E-1
6.420000E-2	1.762590E-2	-2.346050E-4	2.109346E-1
6.440000E-2	1.759920E-2	7.629450E-6	2.134831E-1
6.460000E-2	1.730930E-2	1.869210E-4	2.158705E-1
6.480000E-2	1.710330E-2	-1.239790E-4	2.175161E-1
6.500000E-2	1.692780E-2	-4.234330E-4	2.198638E-1
6.520000E-2	1.728070E-2	-5.683940E-4	2.237543E-1
6.540000E-2	1.734550E-2	-1.983650E-4	2.275516E-1
6.560000E-2	1.698510E-2	2.479560E-5	2.298919E-1
6.580000E-2	1.663790E-2	-2.288830E-4	2.312443E-1
6.600000E-2	1.690110E-2	-4.653950E-4	2.340128E-1
6.620000E-2	1.719490E-2	-4.024520E-4	2.372189E-1
6.640000E-2	1.707280E-2	-5.531330E-5	2.402751E-1
6.660000E-2	1.661690E-2	5.722070E-5	2.428541E-1
6.680000E-2	1.635560E-2	-1.506810E-4	2.445672E-1
6.700000E-2	1.659210E-2	-4.940070E-4	2.471165E-1
6.720000E-2	1.677910E-2	-4.310630E-4	2.511210E-1
6.740000E-2	1.669900E-2	-2.479560E-5	2.537720E-1
6.760000E-2	1.614390E-2	1.907360E-6	2.554222E-1
6.780000E-2	1.595510E-2	-4.444140E-4	2.576367E-1
6.800000E-2	1.635940E-2	-4.158040E-4	2.603738E-1
6.820000E-2	1.644720E-2	-2.479570E-4	2.643680E-1
6.840000E-2	1.620300E-2	7.629440E-5	2.666167E-1
6.860000E-2	1.586160E-2	-4.386930E-5	2.677943E-1
6.880000E-2	1.564420E-2	-7.057240E-5	2.703130E-1
6.900000E-2	1.574530E-2	-4.520430E-4	2.732167E-1
6.920000E-2	1.602760E-2	-4.444140E-4	2.759196E-1
6.940000E-2	1.612870E-2	-2.174390E-4	2.785438E-1
6.960000E-2	1.586160E-2	7.438710E-5	2.814169E-1
6.980000E-2	1.551630E-2	8.773850E-5	2.827536E-1
7.000000E-2	1.540760E-2	-3.433250E-4	2.843927E-1
7.020000E-2	1.554300E-2	-4.539510E-4	2.871483E-1
7.040000E-2	1.566140E-2	-4.005460E-5	2.901935E-1
7.060000E-2	1.530270E-2	1.907360E-6	2.920897E-1
7.080000E-2	1.531030E-2	-3.681200E-4	2.940239E-1
7.100000E-2	1.540000E-2	-1.125340E-4	2.973354E-1
7.120000E-2	1.503380E-2	-1.392370E-4	2.984076E-1
7.140000E-2	1.496890E-2	-4.043600E-4	2.999329E-1
7.160000E-2	1.511960E-2	-5.073580E-4	3.029152E-1
7.180000E-2	1.523600E-2	-9.918260E-5	3.058641E-1
7.200000E-2	1.497850E-2	9.727520E-5	3.081313E-1
7.220000E-2	1.467900E-2	-2.250680E-4	3.093265E-1
7.240000E-2	1.466760E-2	-5.092660E-4	3.119137E-1
7.260000E-2	1.477440E-2	-4.634880E-4	3.139006E-1
7.280000E-2	1.497850E-2	-2.670310E-4	3.166905E-1
7.300000E-2	1.464850E-2	5.149860E-5	3.187708E-1
7.320000E-2	1.439860E-2	-1.087190E-4	3.199188E-1
7.340000E-2	1.431850E-2	-3.433250E-4	3.216429E-1
7.360000E-2	1.462750E-2	-3.681200E-4	3.249286E-1
7.380000E-2	1.466380E-2	-6.485030E-5	3.275474E-1
7.400000E-2	1.458170E-2	1.010900E-4	3.291199E-1
7.420000E-2	1.416400E-2	-1.716630E-5	3.305638E-1
7.440000E-2	1.400760E-2	-1.945500E-4	3.324795E-1
7.460000E-2	1.413730E-2	-4.062670E-4	3.351297E-1
7.480000E-2	1.428990E-2	-3.242510E-4	3.381794E-1
7.500000E-2	1.413350E-2	2.670300E-5	3.402071E-1
7.520000E-2	1.381120E-2	1.144420E-5	3.422467E-1
7.540000E-2	1.360520E-2	-2.098090E-4	3.437970E-1
7.560000E-2	1.373300E-2	-4.539510E-4	3.458376E-1
7.580000E-2	1.392750E-2	-3.433250E-4	3.491011E-1
7.600000E-2	1.395230E-2	-5.340600E-5	3.515875E-1
7.620000E-2	1.360710E-2	-1.506810E-4	3.526818E-1
7.640000E-2	1.361280E-2	-3.414170E-4	3.550702E-1
7.660000E-2	1.381500E-2	-3.147140E-4	3.570570E-1
7.680000E-2	1.372340E-2	-3.242520E-5	3.590995E-1
7.700000E-2	1.339160E-2	1.277930E-4	3.608802E-1
7.720000E-2	1.322940E-2	-1.392370E-4	3.628541E-1
7.740000E-2	1.319700E-2	-3.738420E-4	3.657772E-1
7.760000E-2	1.342780E-2	-4.634880E-4	3.678871E-1
7.780000E-2	1.358420E-2	-3.280660E-4	3.702043E-1
7.800000E-2	1.347360E-2	-1.525890E-5	3.722440E-1
7.820000E-2	1.304060E-2	3.623990E-5	3.736065E-1
7.840000E-2	1.286320E-2	-8.010910E-5	3.747249E-1
7.860000E-2	1.304820E-2	-4.138970E-4	3.762964E-1
7.880000E-2	1.325420E-2	-9.346050E-5	3.801112E-1
7.900000E-2	1.302150E-2	1.010900E-4	3.807540E-1
7.920000E-2	1.288610E-2	-1.506810E-4	3.814764E-1
7.940000E-2	1.309780E-2	-2.212530E-4	3.845549E-1
7.960000E-2	1.295480E-2	3.051780E-5	3.858499E-1
7.980000E-2	1.269920E-2	-2.594010E-4	3.876222E-1
8.000000E-2	1.294520E-2	-3.986380E-4	3.906878E-1
8.020000E-2	1.278880E-2	-6.866500E-5	3.926063E-1
8.040000E-2	1.256950E-2	-2.250680E-4	3.935895E-1
8.060000E-2	1.283460E-2	-2.403270E-4	3.963147E-1
8.080000E-2	1.279260E-2	-6.294300E-5	3.988196E-1
8.100000E-2	1.253130E-2	2.288830E-5	4.001830E-1
8.120000E-2	1.244170E-2	-2.307900E-4	4.010201E-1
8.140000E-2	1.246650E-2	-3.604910E-4	4.034706E-1
8.160000E-2	1.273160E-2	-2.937340E-4	4.054639E-1
8.180000E-2	1.267440E-2	-2.670300E-5	4.082177E-1
8.200000E-2	1.242070E-2	1.125340E-4	4.097005E-1
8.220000E-2	1.219760E-2	-7.057240E-5	4.114460E-1
8.240000E-2	1.212890E-2	-1.449590E-4	4.134052E-1
8.260000E-2	1.240160E-2	-2.975480E-4	4.155290E-1
8.280000E-2	1.247790E-2	-2.021800E-4	4.174631E-1
8.300000E-2	1.242450E-2	-5.722080E-6	4.196582E-1
8.320000E-2	1.205070E-2	-1.144420E-5	4.210060E-1
8.340000E-2	1.201830E-2	-2.517720E-4	4.221225E-1
8.360000E-2	1.211740E-2	-4.634880E-4	4.243545E-1
8.380000E-2	1.209460E-2	-5.149880E-4	4.263693E-1
8.400000E-2	1.209260E-2	-4.901920E-4	4.274274E-1
8.420000E-2	1.220520E-2	-2.784750E-4	4.293154E-1
8.440000E-2	1.224520E-2	-1.068120E-4	4.316067E-1
8.460000E-2	1.208120E-2	2.670300E-5	4.334419E-1
8.480000E-2	1.178940E-2	-9.346050E-5	4.344215E-1
8.500000E-2	1.177790E-2	-2.288830E-4	4.359264E-1
8.520000E-2	1.212320E-2	-2.555870E-4	4.386497E-1
8.540000E-2	1.211360E-2	-2.670300E-5	4.399937E-1
8.560000E-2	1.182940E-2	4.768390E-5	4.415903E-1
8.580000E-2	1.175700E-2	-3.013630E-4	4.433108E-1
8.600000E-2	1.197820E-2	-3.395100E-4	4.455151E-1
8.620000E-2	1.205450E-2	-8.010910E-5	4.478693E-1
8.640000E-2	1.184660E-2	7.629440E-5	4.493743E-1
8.660000E-2	1.158910E-2	-1.449590E-4	4.506037E-1
8.680000E-2	1.176840E-2	-2.861040E-4	4.528135E-1
8.700000E-2	1.195150E-2	-2.288830E-4	4.551870E-1
8.720000E-2	1.190190E-2	2.479560E-5	4.569787E-1
8.740000E-2	1.156810E-2	7.629450E-6	4.579389E-1
8.760000E-2	1.157770E-2	-2.536790E-4	4.590702E-1
8.780000E-2	1.180650E-2	-2.269750E-4	4.613828E-1
8.800000E-2	1.186760E-2	-1.163490E-4	4.638109E-1
8.820000E-2	1.169590E-2	1.907360E-6	4.652641E-1
8.840000E-2	1.139460E-2	-3.623990E-5	4.664389E-1
8.860000E-2	1.138880E-2	-2.670310E-4	4.680753E-1
8.880000E-2	1.168260E-2	-3.261580E-4	4.703971E-1
8.900000E-2	1.163300E-2	-3.051780E-5	4.725819E-1
8.920000E-2	1.150900E-2	1.239790E-4	4.739371E-1
8.940000E-2	1.133730E-2	-1.621260E-4	4.746919E-1
8.960000E-2	1.156240E-2	-2.822890E-4	4.770784E-1
8.980000E-2	1.164440E-2	-1.068120E-4	4.792743E-1
9.000000E-2	1.159480E-2	5.531330E-5	4.813048E-1
9.020000E-2	1.139650E-2	1.716630E-5	4.826516E-1
9.040000E-2	1.124010E-2	-1.716630E-5	4.843573E-1
9.060000E-2	1.135450E-2	-3.166220E-4	4.862351E-1
9.080000E-2	1.151850E-2	-2.651230E-4	4.884468E-1
9.100000E-2	1.148990E-2	-5.531330E-5	4.905688E-1
9.120000E-2	1.135450E-2	7.247970E-5	4.918212E-1
9.140000E-2	1.112940E-2	-4.005460E-5	4.930849E-1
9.160000E-2	1.129730E-2	-2.365120E-4	4.949598E-1
9.180000E-2	1.145750E-2	-2.574940E-4	4.968728E-1
9.200000E-2	1.137740E-2	5.149860E-5	4.991705E-1
9.220000E-2	1.116950E-2	-5.149860E-5	4.996746E-1
9.240000E-2	1.115230E-2	-3.185290E-4	5.012277E-1
9.260000E-2	1.129920E-2	-3.833790E-4	5.037262E-1
9.280000E-2	1.146320E-2	-3.318810E-4	5.063717E-1
9.300000E-2	1.136020E-2	1.907360E-6	5.082551E-1
9.320000E-2	1.112940E-2	5.149860E-5	5.088601E-1
9.340000E-2	1.106460E-2	-1.659400E-4	5.102401E-1
9.360000E-2	1.107220E-2	-3.204360E-4	5.115212E-1
9.380000E-2	1.127250E-2	-2.250680E-4	5.138523E-1
9.400000E-2	1.132780E-2	-5.722080E-6	5.156358E-1
9.420000E-2	1.112180E-2	4.768390E-5	5.170112E-1
9.440000E-2	1.098450E-2	-9.727520E-5	5.178456E-1
9.460000E-2	1.095400E-2	-2.708450E-4	5.195865E-1
9.480000E-2	1.120380E-2	-1.697550E-4	5.213579E-1
9.500000E-2	1.134120E-2	-6.675770E-5	5.231523E-1
9.520000E-2	1.106650E-2	1.182560E-4	5.253002E-1
9.540000E-2	1.091010E-2	-1.487740E-4	5.263899E-1
9.560000E-2	1.110080E-2	-3.280660E-4	5.282594E-1
9.580000E-2	1.125530E-2	-2.326970E-4	5.306219E-1
9.600000E-2	1.116190E-2	3.814730E-6	5.320815E-1
9.620000E-2	1.096160E-2	0.000000E+0	5.329676E-1
9.640000E-2	1.090820E-2	-2.727530E-4	5.349019E-1
9.660000E-2	1.103410E-2	-3.566760E-4	5.374124E-1
9.680000E-2	1.119240E-2	-1.678480E-4	5.394613E-1
9.700000E-2	1.111800E-2	4.959130E-5	5.407165E-1
9.720000E-2	1.106270E-2	1.029970E-4	5.423880E-1
9.740000E-2	1.079370E-2	-4.959130E-5	5.434777E-1
9.760000E-2	1.094440E-2	-2.822890E-4	5.445156E-1
9.780000E-2	1.107410E-2	-2.117170E-4	5.472822E-1
9.800000E-2	1.106460E-2	-1.907360E-5	5.495587E-1
9.820000E-2	1.089290E-2	8.583120E-5	5.506734E-1
9.840000E-2	1.076320E-2	-1.602180E-4	5.515503E-1
9.860000E-2	1.094440E-2	-2.250680E-4	5.542217E-1
9.880000E-2	1.108750E-2	-1.449590E-4	5.563049E-1
9.900000E-2	1.084720E-2	1.335150E-5	5.576545E-1
9.920000E-2	1.073460E-2	-2.174390E-4	5.592214E-1
9.940000E-2	1.086430E-2	-3.051780E-4	5.607088E-1
9.960000E-2	1.097690E-2	-2.384200E-4	5.625173E-1
9.980000E-2	1.097110E-2	-3.433250E-5	5.645319E-1
1.000000E-1	1.079180E-2	-7.629450E-6	5.655188E-1
1.002000E-1	1.060110E-2	-4.196190E-5	5.667177E-1
1.004000E-1	1.067740E-2	-2.670310E-4	5.683078E-1
1.006000E-1	1.084520E-2	-3.166220E-4	5.699497E-1
1.008000E-1	1.096540E-2	-1.182560E-4	5.731142E-1
1.010000E-1	1.067170E-2	0.000000E+0	5.740494E-1
1.012000E-1	1.050760E-2	-1.087190E-4	5.749253E-1
1.014000E-1	1.066400E-2	-2.746600E-4	5.767930E-1
1.016000E-1	1.086240E-2	-3.013630E-4	5.783794E-1
1.018000E-1	1.091960E-2	-1.468670E-4	5.804671E-1
1.020000E-1	1.075370E-2	8.583120E-5	5.820424E-1
1.022000E-1	1.055910E-2	-1.468670E-4	5.829804E-1
1.024000E-1	1.060680E-2	-2.613090E-4	5.843947E-1
1.026000E-1	1.075750E-2	-2.250680E-4	5.867433E-1
1.028000E-1	1.082040E-2	-1.220710E-4	5.888347E-1
1.030000E-1	1.060300E-2	1.335150E-5	5.901103E-1
1.032000E-1	1.045610E-2	-6.675770E-5	5.916459E-1
1.034000E-1	1.047140E-2	-2.689380E-4	5.937744E-1
1.036000E-1	1.072130E-2	-3.128070E-4	5.961489E-1
1.038000E-1	1.088340E-2	-5.149860E-5	5.979526E-1
1.040000E-1	1.059540E-2	3.242520E-5	5.987805E-1
1.042000E-1	1.042750E-2	-5.912800E-5	5.997352E-1
1.044000E-1	1.061060E-2	-2.784750E-4	6.013475E-1
1.046000E-1	1.073270E-2	-2.269750E-4	6.039661E-1
1.048000E-1	1.069840E-2	-1.525890E-5	6.052251E-1
1.050000E-1	1.061250E-2	1.125340E-4	6.062491E-1
1.052000E-1	1.042940E-2	-1.106270E-4	6.070149E-1
1.054000E-1	1.045040E-2	-2.822890E-4	6.088364E-1
1.056000E-1	1.067930E-2	-2.250680E-4	6.109120E-1
1.058000E-1	1.071170E-2	-1.125340E-4	6.125512E-1
1.060000E-1	1.062400E-2	3.814730E-6	6.137491E-1
1.062000E-1	1.041230E-2	-7.629440E-5	6.147314E-1
1.064000E-1	1.039130E-2	-2.841970E-4	6.164677E-1
1.066000E-1	1.056680E-2	-3.051780E-4	6.184934E-1
1.068000E-1	1.067740E-2	-1.373300E-4	6.201743E-1
1.070000E-1	1.054200E-2	-9.536800E-6	6.217079E-1
1.072000E-1	1.034170E-2	7.820180E-5	6.230104E-1
1.074000E-1	1.033030E-2	-1.640330E-4	6.242535E-1
1.076000E-1	1.038750E-2	-3.623980E-4	6.258325E-1
1.078000E-1	1.054960E-2	-2.613090E-4	6.285197E-1
1.080000E-1	1.048280E-2	3.242520E-5	6.300357E-1
1.082000E-1	1.031310E-2	3.051780E-5	6.310819E-1
1.084000E-1	1.027880E-2	-2.269750E-4	6.321930E-1
1.086000E-1	1.044280E-2	-3.299730E-4	6.348264E-1
1.088000E-1	1.058970E-2	-1.640330E-4	6.363138E-1
1.090000E-1	1.058780E-2	2.288830E-5	6.377938E-1
1.092000E-1	1.033980E-2	6.103560E-5	6.391231E-1
1.094000E-1	1.020440E-2	-1.106270E-4	6.395578E-1
1.096000E-1	1.024060E-2	-2.632160E-4	6.413403E-1
