-2.000000E-1	8.411470E-3	-2.288830E-5	-1.328859E+0
-1.998000E-1	8.224550E-3	-5.149860E-5	-1.328035E+0
-1.996000E-1	8.304660E-3	-1.869210E-4	-1.326612E+0
-1.994000E-1	8.422910E-3	-1.049050E-4	-1.325040E+0
-1.992000E-1	8.356150E-3	5.340600E-5	-1.323254E+0
-1.990000E-1	8.255060E-3	2.479560E-5	-1.322357E+0
-1.988000E-1	8.228360E-3	-1.811990E-4	-1.321885E+0
-1.986000E-1	8.354250E-3	-2.231610E-4	-1.320193E+0
-1.984000E-1	8.436260E-3	-2.670300E-5	-1.318806E+0
-1.982000E-1	8.398120E-3	9.536800E-6	-1.317372E+0
-1.980000E-1	8.228360E-3	-6.866500E-5	-1.316642E+0
-1.978000E-1	8.268420E-3	-2.288830E-4	-1.315430E+0
-1.976000E-1	8.394300E-3	-1.354230E-4	-1.313525E+0
-1.974000E-1	8.407650E-3	3.242520E-5	-1.311915E+0
-1.972000E-1	8.205470E-3	-7.247970E-5	-1.310898E+0
-1.970000E-1	8.304660E-3	-2.803820E-4	-1.309345E+0
-1.968000E-1	8.436260E-3	-1.506810E-4	-1.307495E+0
-1.966000E-1	8.359970E-3	-3.814730E-6	-1.306366E+0
-1.964000E-1	8.239810E-3	-8.773850E-5	-1.305617E+0
-1.962000E-1	8.264600E-3	-2.288830E-4	-1.303934E+0
-1.960000E-1	8.434360E-3	-1.373300E-4	-1.301973E+0
-1.958000E-1	8.449610E-3	1.907360E-5	-1.300401E+0
-1.956000E-1	8.239810E-3	7.247970E-5	-1.299133E+0
-1.954000E-1	8.237900E-3	-1.773840E-4	-1.297755E+0
-1.952000E-1	8.443890E-3	-1.640330E-4	-1.296489E+0
-1.950000E-1	8.398120E-3	-4.959130E-5	-1.295129E+0
-1.948000E-1	8.407650E-3	7.629450E-6	-1.294102E+0
-1.946000E-1	8.245530E-3	-5.340600E-5	-1.292918E+0
-1.944000E-1	8.390490E-3	-1.926430E-4	-1.291697E+0
-1.942000E-1	8.514460E-3	-8.583120E-5	-1.290005E+0
-1.940000E-1	8.318010E-3	7.629450E-6	-1.289089E+0
-1.938000E-1	8.260790E-3	-7.629440E-5	-1.288386E+0
-1.936000E-1	8.365690E-3	-1.678480E-4	-1.286805E+0
-1.934000E-1	8.367600E-3	-2.536790E-4	-1.285760E+0
-1.932000E-1	8.482040E-3	-8.392380E-5	-1.284104E+0
-1.930000E-1	8.323730E-3	6.485030E-5	-1.282505E+0
-1.928000E-1	8.293210E-3	-1.564040E-4	-1.281894E+0
-1.926000E-1	8.405750E-3	-1.468670E-4	-1.280100E+0
-1.924000E-1	8.419100E-3	1.525890E-5	-1.278741E+0
-1.922000E-1	8.279860E-3	0.000000E+0	-1.277566E+0
-1.920000E-1	8.335170E-3	-1.544960E-4	-1.276233E+0
-1.918000E-1	8.447710E-3	-1.468670E-4	-1.275041E+0
-1.916000E-1	8.503020E-3	-4.577660E-5	-1.273339E+0
-1.914000E-1	8.283670E-3	-2.098100E-5	-1.273098E+0
-1.912000E-1	8.312280E-3	-1.850140E-4	-1.272136E+0
-1.910000E-1	8.421000E-3	-1.258860E-4	-1.270333E+0
-1.908000E-1	8.361880E-3	-5.722080E-6	-1.268641E+0
-1.906000E-1	8.237900E-3	7.629450E-6	-1.267512E+0
-1.904000E-1	8.279860E-3	-2.269750E-4	-1.266097E+0
-1.902000E-1	8.415280E-3	-2.193460E-4	-1.264831E+0
-1.900000E-1	8.478220E-3	-9.727520E-5	-1.263517E+0
-1.898000E-1	8.365690E-3	6.485030E-5	-1.262305E+0
-1.896000E-1	8.251250E-3	-7.438710E-5	-1.261048E+0
-1.894000E-1	8.337080E-3	-2.174390E-4	-1.259345E+0
-1.892000E-1	8.487760E-3	-1.163490E-4	-1.257182E+0
-1.890000E-1	8.476320E-3	-5.149860E-5	-1.256284E+0
-1.888000E-1	8.337080E-3	-1.716630E-5	-1.255637E+0
-1.886000E-1	8.375230E-3	-1.239790E-4	-1.254731E+0
-1.884000E-1	8.424820E-3	-2.288830E-4	-1.252585E+0
-1.882000E-1	8.461060E-3	-7.438710E-5	-1.251105E+0
-1.880000E-1	8.499210E-3	-7.629450E-6	-1.249634E+0
-1.878000E-1	8.310380E-3	-8.773850E-5	-1.248793E+0
-1.876000E-1	8.304660E-3	-1.716620E-4	-1.247674E+0
-1.874000E-1	8.461060E-3	-2.079020E-4	-1.245843E+0
-1.872000E-1	8.462970E-3	-9.536790E-5	-1.244334E+0
-1.870000E-1	8.396210E-3	3.051780E-5	-1.242846E+0
-1.868000E-1	8.237900E-3	7.629450E-6	-1.241699E+0
-1.866000E-1	8.318010E-3	-2.098090E-4	-1.240599E+0
-1.864000E-1	8.487760E-3	-1.735700E-4	-1.238610E+0
-1.862000E-1	8.546890E-3	-2.479560E-5	-1.237361E+0
-1.860000E-1	8.281770E-3	-1.144420E-5	-1.236520E+0
-1.858000E-1	8.260790E-3	-1.544960E-4	-1.235918E+0
-1.856000E-1	8.403840E-3	-2.021800E-4	-1.233782E+0
-1.854000E-1	8.421000E-3	-9.346050E-5	-1.232220E+0
-1.852000E-1	8.363780E-3	3.814730E-6	-1.230832E+0
-1.850000E-1	8.253160E-3	-9.536790E-5	-1.230083E+0
-1.848000E-1	8.316100E-3	-1.983650E-4	-1.228779E+0
-1.846000E-1	8.464870E-3	-1.659400E-4	-1.227401E+0
-1.844000E-1	8.415280E-3	1.907360E-6	-1.225856E+0
-1.842000E-1	8.266510E-3	-5.722080E-6	-1.225098E+0
-1.840000E-1	8.306560E-3	-1.449590E-4	-1.223526E+0
-1.838000E-1	8.430540E-3	-2.651230E-4	-1.222193E+0
-1.836000E-1	8.503020E-3	-1.449590E-4	-1.220427E+0
-1.834000E-1	8.409560E-3	-2.861030E-5	-1.219363E+0
-1.832000E-1	8.289400E-3	-4.386930E-5	-1.218567E+0
-1.830000E-1	8.331360E-3	-1.583110E-4	-1.217255E+0
-1.828000E-1	8.390490E-3	-1.735700E-4	-1.215738E+0
-1.826000E-1	8.472500E-3	-1.544960E-4	-1.214101E+0
-1.824000E-1	8.476320E-3	-3.814730E-6	-1.212501E+0
-1.822000E-1	8.293210E-3	-9.536800E-6	-1.211798E+0
-1.820000E-1	8.304660E-3	-1.659400E-4	-1.210170E+0
-1.818000E-1	8.409560E-3	-2.746600E-4	-1.208330E+0
-1.816000E-1	8.430540E-3	-6.485030E-5	-1.206638E+0
-1.814000E-1	8.356150E-3	1.907360E-6	-1.206184E+0
-1.812000E-1	8.291300E-3	-7.057240E-5	-1.204778E+0
-1.810000E-1	8.293210E-3	-2.365120E-4	-1.203261E+0
-1.808000E-1	8.478220E-3	-9.155320E-5	-1.201485E+0
-1.806000E-1	8.386670E-3	7.629450E-6	-1.199979E+0
-1.804000E-1	8.274140E-3	-1.716630E-5	-1.198914E+0
-1.802000E-1	8.342800E-3	-2.288830E-4	-1.197620E+0
-1.800000E-1	8.432450E-3	-2.460500E-4	-1.196334E+0
-1.798000E-1	8.409560E-3	-8.201650E-5	-1.194383E+0
-1.796000E-1	8.400020E-3	6.866500E-5	-1.193449E+0
-1.794000E-1	8.266510E-3	-1.335150E-5	-1.192403E+0
-1.792000E-1	8.321820E-3	-2.098090E-4	-1.191293E+0
-1.790000E-1	8.503020E-3	-1.926430E-4	-1.189675E+0
-1.788000E-1	8.478220E-3	-5.722080E-6	-1.188380E+0
-1.786000E-1	8.272230E-3	-2.670300E-5	-1.187511E+0
-1.784000E-1	8.287490E-3	-1.888280E-4	-1.186548E+0
-1.782000E-1	8.447710E-3	-2.193460E-4	-1.185134E+0
-1.780000E-1	8.459150E-3	-6.103560E-5	-1.182859E+0
-1.778000E-1	8.375230E-3	7.629450E-6	-1.181583E+0
-1.776000E-1	8.291300E-3	-6.485030E-5	-1.180953E+0
-1.774000E-1	8.377130E-3	-1.678480E-4	-1.179289E+0
-1.772000E-1	8.516370E-3	-1.182560E-4	-1.177578E+0
-1.770000E-1	8.548800E-3	4.768390E-5	-1.176154E+0
-1.768000E-1	8.428630E-3	7.629440E-5	-1.175580E+0
-1.766000E-1	8.253160E-3	-1.201630E-4	-1.174932E+0
-1.764000E-1	8.373320E-3	-2.021800E-4	-1.173813E+0
-1.762000E-1	8.474410E-3	-1.029970E-4	-1.172584E+0
-1.760000E-1	8.371410E-3	3.814720E-5	-1.171233E+0
-1.758000E-1	8.268420E-3	-5.722070E-5	-1.170170E+0
-1.756000E-1	8.358060E-3	-2.231610E-4	-1.169032E+0
-1.754000E-1	8.478220E-3	-8.964590E-5	-1.166637E+0
-1.752000E-1	8.422910E-3	3.623990E-5	-1.165536E+0
-1.750000E-1	8.281770E-3	-2.670300E-5	-1.165240E+0
-1.748000E-1	8.272230E-3	-1.468670E-4	-1.163233E+0
-1.746000E-1	8.426730E-3	-2.803820E-4	-1.161873E+0
-1.744000E-1	8.497300E-3	-1.487740E-4	-1.159718E+0
-1.742000E-1	8.462970E-3	1.907360E-5	-1.158645E+0
-1.740000E-1	8.327540E-3	-2.098100E-5	-1.157711E+0
-1.738000E-1	8.310380E-3	-1.049050E-4	-1.156454E+0
-1.736000E-1	8.417190E-3	-2.708450E-4	-1.154891E+0
-1.734000E-1	8.495390E-3	-2.059950E-4	-1.153180E+0
-1.732000E-1	8.495390E-3	-3.814730E-6	-1.151320E+0
-1.730000E-1	8.337080E-3	3.623990E-5	-1.151043E+0
-1.728000E-1	8.207380E-3	-1.926430E-4	-1.149638E+0
-1.726000E-1	8.398120E-3	-2.574940E-4	-1.147843E+0
-1.724000E-1	8.493480E-3	-9.155320E-5	-1.146196E+0
-1.722000E-1	8.310380E-3	1.144420E-5	-1.145364E+0
-1.720000E-1	8.197840E-3	-9.155320E-5	-1.144597E+0
-1.718000E-1	8.348520E-3	-2.021800E-4	-1.143404E+0
-1.716000E-1	8.495390E-3	-1.373300E-4	-1.141286E+0
-1.714000E-1	8.495390E-3	-1.716630E-5	-1.139806E+0
-1.712000E-1	8.342800E-3	1.525890E-5	-1.138956E+0
-1.710000E-1	8.314190E-3	-2.384200E-4	-1.137530E+0
-1.708000E-1	8.438170E-3	-1.850140E-4	-1.135228E+0
-1.706000E-1	8.541170E-3	-2.288830E-5	-1.134164E+0
-1.704000E-1	8.493480E-3	7.057240E-5	-1.133304E+0
-1.702000E-1	8.306560E-3	-5.149860E-5	-1.132324E+0
-1.700000E-1	8.318010E-3	-1.850140E-4	-1.131010E+0
-1.698000E-1	8.451520E-3	-1.678480E-4	-1.129457E+0
-1.696000E-1	8.480130E-3	2.288830E-5	-1.127958E+0
-1.694000E-1	8.306560E-3	9.536800E-6	-1.126728E+0
-1.692000E-1	8.268420E-3	-1.697550E-4	-1.125831E+0
-1.690000E-1	8.518280E-3	-9.536790E-5	-1.123870E+0
-1.688000E-1	8.434360E-3	2.479560E-5	-1.122353E+0
-1.686000E-1	8.272230E-3	2.861030E-5	-1.121382E+0
-1.684000E-1	8.235990E-3	-1.850140E-4	-1.120614E+0
-1.682000E-1	8.455340E-3	-2.517720E-4	-1.118922E+0
-1.680000E-1	8.525910E-3	-1.850140E-4	-1.117341E+0
-1.678000E-1	8.596480E-3	-1.354230E-4	-1.115852E+0
-1.676000E-1	8.432450E-3	-1.716630E-5	-1.114344E+0
-1.674000E-1	8.321820E-3	3.623990E-5	-1.112707E+0
-1.672000E-1	8.300840E-3	-1.583110E-4	-1.111643E+0
-1.670000E-1	8.380950E-3	-1.468670E-4	-1.110034E+0
-1.668000E-1	8.533540E-3	-4.005460E-5	-1.107722E+0
-1.666000E-1	8.503020E-3	6.103560E-5	-1.106529E+0
-1.664000E-1	8.276050E-3	-6.103560E-5	-1.106205E+0
-1.662000E-1	8.310380E-3	-2.441420E-4	-1.104864E+0
-1.660000E-1	8.426730E-3	-2.346050E-4	-1.103135E+0
-1.658000E-1	8.409560E-3	-1.716630E-5	-1.101858E+0
-1.656000E-1	8.291300E-3	2.479560E-5	-1.100693E+0
-1.654000E-1	8.287490E-3	-1.106270E-4	-1.100092E+0
-1.652000E-1	8.474410E-3	-2.250680E-4	-1.098510E+0
-1.650000E-1	8.552610E-3	-1.335150E-4	-1.096439E+0
-1.648000E-1	8.482040E-3	-4.005460E-5	-1.095245E+0
-1.646000E-1	8.277950E-3	-5.722070E-5	-1.093849E+0
-1.644000E-1	8.224550E-3	-1.792920E-4	-1.092925E+0
-1.642000E-1	8.390490E-3	-2.021800E-4	-1.091712E+0
-1.640000E-1	8.524000E-3	-1.659400E-4	-1.089668E+0
-1.638000E-1	8.482040E-3	5.149860E-5	-1.088152E+0
-1.636000E-1	8.283670E-3	-3.814720E-5	-1.087033E+0
-1.634000E-1	8.308470E-3	-2.288830E-4	-1.085756E+0
-1.632000E-1	8.491580E-3	-1.945500E-4	-1.084526E+0
-1.630000E-1	8.564050E-3	-1.811990E-4	-1.082825E+0
-1.628000E-1	8.495390E-3	-5.912800E-5	-1.081742E+0
-1.626000E-1	8.277950E-3	-7.820180E-5	-1.081261E+0
-1.624000E-1	8.304660E-3	-2.002730E-4	-1.080050E+0
-1.622000E-1	8.449610E-3	-1.888280E-4	-1.078514E+0
-1.620000E-1	8.476320E-3	-5.531330E-5	-1.077127E+0
-1.618000E-1	8.409560E-3	3.814720E-5	-1.075823E+0
-1.616000E-1	8.264600E-3	-8.010910E-5	-1.074879E+0
-1.614000E-1	8.308470E-3	-2.384200E-4	-1.073455E+0
-1.612000E-1	8.432450E-3	-2.346050E-4	-1.072429E+0
-1.610000E-1	8.495390E-3	-1.220710E-4	-1.070690E+0
-1.608000E-1	8.497300E-3	-1.716630E-5	-1.069025E+0
-1.606000E-1	8.308470E-3	4.959130E-5	-1.067565E+0
-1.604000E-1	8.237900E-3	-1.258860E-4	-1.066926E+0
-1.602000E-1	8.405750E-3	-1.964580E-4	-1.065492E+0
-1.600000E-1	8.550700E-3	-1.068120E-4	-1.063726E+0
-1.598000E-1	8.440080E-3	1.716630E-5	-1.062292E+0
-1.596000E-1	8.298930E-3	-1.373300E-4	-1.061839E+0
-1.594000E-1	8.434360E-3	-2.079020E-4	-1.060220E+0
-1.592000E-1	8.516370E-3	-1.983650E-4	-1.058556E+0
-1.590000E-1	8.543070E-3	-1.010900E-4	-1.056706E+0
-1.588000E-1	8.474410E-3	-9.536800E-6	-1.056142E+0
-1.586000E-1	8.354250E-3	3.242520E-5	-1.054820E+0
-1.584000E-1	8.306560E-3	-9.346050E-5	-1.053932E+0
-1.582000E-1	8.398120E-3	-2.250680E-4	-1.052571E+0
-1.580000E-1	8.520190E-3	-1.163490E-4	-1.050796E+0
-1.578000E-1	8.541170E-3	-3.433250E-5	-1.049372E+0
-1.576000E-1	8.398120E-3	-3.242520E-5	-1.049168E+0
-1.574000E-1	8.314190E-3	-8.010910E-5	-1.047781E+0
-1.572000E-1	8.382860E-3	-2.079020E-4	-1.046736E+0
-1.570000E-1	8.503020E-3	-1.506810E-4	-1.044868E+0
-1.568000E-1	8.548800E-3	-3.242520E-5	-1.043323E+0
-1.566000E-1	8.346620E-3	-2.670300E-5	-1.042324E+0
-1.564000E-1	8.295120E-3	-1.831060E-4	-1.040974E+0
-1.562000E-1	8.480130E-3	-1.831060E-4	-1.039217E+0
-1.560000E-1	8.621280E-3	-1.163490E-4	-1.037478E+0
-1.558000E-1	8.546890E-3	1.144420E-5	-1.035999E+0
-1.556000E-1	8.291300E-3	2.098100E-5	-1.035490E+0
-1.554000E-1	8.318010E-3	-1.468670E-4	-1.034537E+0
-1.552000E-1	8.462970E-3	-1.926430E-4	-1.033103E+0
-1.550000E-1	8.579310E-3	-1.297010E-4	-1.031125E+0
-1.548000E-1	8.556430E-3	-1.907360E-5	-1.029561E+0
-1.546000E-1	8.382860E-3	7.629450E-6	-1.028609E+0
-1.544000E-1	8.251250E-3	-1.068120E-4	-1.027823E+0
-1.542000E-1	8.401930E-3	-2.250680E-4	-1.026352E+0
-1.540000E-1	8.552610E-3	-7.247970E-5	-1.024530E+0
-1.538000E-1	8.462970E-3	4.386930E-5	-1.022967E+0
-1.536000E-1	8.306560E-3	6.103560E-5	-1.021829E+0
-1.534000E-1	8.251250E-3	3.623990E-5	-1.020358E+0
-1.532000E-1	8.329450E-3	-1.831060E-4	-1.019369E+0
-1.530000E-1	8.594570E-3	-9.727520E-5	-1.017501E+0
-1.528000E-1	8.462970E-3	1.525890E-5	-1.016169E+0
-1.526000E-1	8.298930E-3	-1.163490E-4	-1.015355E+0
-1.524000E-1	8.285580E-3	-2.594010E-4	-1.014365E+0
-1.522000E-1	8.524000E-3	-2.231610E-4	-1.012552E+0
-1.520000E-1	8.590760E-3	-6.294300E-5	-1.010805E+0
-1.518000E-1	8.348520E-3	0.000000E+0	-1.009584E+0
-1.516000E-1	8.344710E-3	-1.125340E-4	-1.008696E+0
-1.514000E-1	8.436260E-3	-2.365120E-4	-1.007188E+0
-1.512000E-1	8.565960E-3	-1.468670E-4	-1.005709E+0
-1.510000E-1	8.485850E-3	1.144420E-5	-1.003618E+0
-1.508000E-1	8.380950E-3	3.814730E-6	-1.002813E+0
-1.506000E-1	8.287490E-3	-8.392380E-5	-1.001695E+0
-1.504000E-1	8.409560E-3	-1.945500E-4	-1.000465E+0
-1.502000E-1	8.485850E-3	-1.258860E-4	-9.988128E-1
-1.500000E-1	8.556430E-3	-2.098100E-5	-9.972135E-1
-1.498000E-1	8.409560E-3	5.149860E-5	-9.960730E-1
-1.496000E-1	8.266510E-3	-4.959130E-5	-9.960387E-1
-1.494000E-1	8.409560E-3	-1.850140E-4	-9.941841E-1
-1.492000E-1	8.552610E-3	-2.384200E-4	-9.925311E-1
-1.490000E-1	8.518280E-3	-3.814720E-5	-9.907208E-1
-1.488000E-1	8.359970E-3	5.531330E-5	-9.899013E-1
-1.486000E-1	8.316100E-3	-1.659400E-4	-9.890863E-1
-1.484000E-1	8.422910E-3	-2.422340E-4	-9.871577E-1
-1.482000E-1	8.516370E-3	-1.468670E-4	-9.855972E-1
-1.480000E-1	8.516370E-3	-1.525890E-5	-9.841486E-1
-1.478000E-1	8.367600E-3	2.098100E-5	-9.833134E-1
-1.476000E-1	8.298930E-3	-9.155320E-5	-9.823356E-1
-1.474000E-1	8.455340E-3	-2.307900E-4	-9.809777E-1
-1.472000E-1	8.562150E-3	-1.697550E-4	-9.791970E-1
-1.470000E-1	8.611740E-3	3.051780E-5	-9.773304E-1
-1.468000E-1	8.373320E-3	3.814720E-5	-9.765256E-1
-1.466000E-1	8.314190E-3	-1.144410E-4	-9.749105E-1
-1.464000E-1	8.388580E-3	-2.155310E-4	-9.733797E-1
-1.462000E-1	8.581220E-3	-1.773840E-4	-9.715425E-1
-1.460000E-1	8.579310E-3	-5.340600E-5	-9.700755E-1
-1.458000E-1	8.419100E-3	1.525890E-5	-9.689627E-1
-1.456000E-1	8.342800E-3	-1.125340E-4	-9.680969E-1
-1.454000E-1	8.432450E-3	-2.269750E-4	-9.663930E-1
-1.452000E-1	8.554520E-3	-1.468670E-4	-9.644672E-1
-1.450000E-1	8.516370E-3	-1.907360E-6	-9.633026E-1
-1.448000E-1	8.335170E-3	-1.525890E-5	-9.628631E-1
-1.446000E-1	8.319910E-3	-1.411450E-4	-9.618706E-1
-1.444000E-1	8.516370E-3	-2.555870E-4	-9.601150E-1
-1.442000E-1	8.544980E-3	-1.392370E-4	-9.583694E-1
-1.440000E-1	8.497300E-3	3.814720E-5	-9.572039E-1
-1.438000E-1	8.325640E-3	-1.907360E-5	-9.561559E-1
-1.436000E-1	8.276050E-3	-1.773840E-4	-9.554075E-1
-1.434000E-1	8.434360E-3	-2.479570E-4	-9.536176E-1
-1.432000E-1	8.543070E-3	0.000000E+0	-9.519212E-1
-1.430000E-1	8.413370E-3	0.000000E+0	-9.504856E-1
-1.428000E-1	8.352340E-3	-1.792920E-4	-9.498325E-1
-1.426000E-1	8.462970E-3	-2.746600E-4	-9.478918E-1
-1.424000E-1	8.600290E-3	-6.866500E-5	-9.470232E-1
-1.422000E-1	8.462970E-3	7.629440E-5	-9.454221E-1
-1.420000E-1	8.300840E-3	-2.479560E-5	-9.447884E-1
-1.418000E-1	8.409560E-3	-1.602180E-4	-9.433593E-1
-1.416000E-1	8.491580E-3	-1.525890E-4	-9.418191E-1
-1.414000E-1	8.522090E-3	4.386930E-5	-9.402216E-1
-1.412000E-1	8.388580E-3	5.149860E-5	-9.388850E-1
-1.410000E-1	8.363780E-3	-9.536790E-5	-9.379369E-1
-1.408000E-1	8.323730E-3	-1.716620E-4	-9.368814E-1
-1.406000E-1	8.476320E-3	-1.697550E-4	-9.353274E-1
-1.404000E-1	8.548800E-3	-6.675770E-5	-9.334570E-1
-1.402000E-1	8.462970E-3	3.051780E-5	-9.321841E-1
-1.400000E-1	8.329450E-3	-8.964590E-5	-9.313721E-1
-1.398000E-1	8.495390E-3	-2.231610E-4	-9.294304E-1
-1.396000E-1	8.594570E-3	-7.438710E-5	-9.277219E-1
-1.394000E-1	8.503020E-3	6.866500E-5	-9.266368E-1
-1.392000E-1	8.327540E-3	-1.335150E-5	-9.257248E-1
-1.390000E-1	8.386670E-3	-2.021800E-4	-9.245834E-1
-1.388000E-1	8.476320E-3	-2.803820E-4	-9.224799E-1
-1.386000E-1	8.567870E-3	-9.155320E-5	-9.209777E-1
-1.384000E-1	8.638440E-3	-6.485030E-5	-9.194662E-1
-1.382000E-1	8.489670E-3	3.814720E-5	-9.181156E-1
-1.380000E-1	8.304660E-3	-2.479560E-5	-9.170103E-1
-1.378000E-1	8.359970E-3	-2.021800E-4	-9.157328E-1
-1.376000E-1	8.548800E-3	-1.659400E-4	-9.137699E-1
-1.374000E-1	8.462970E-3	1.907360E-6	-9.118977E-1
-1.372000E-1	8.319910E-3	0.000000E+0	-9.109404E-1
-1.370000E-1	8.380950E-3	-1.564040E-4	-9.102216E-1
-1.368000E-1	8.506830E-3	-4.959130E-5	-9.084909E-1
-1.366000E-1	8.482040E-3	-1.335150E-5	-9.070136E-1
-1.364000E-1	8.304660E-3	-1.583110E-4	-9.064365E-1
-1.362000E-1	8.367600E-3	-2.384200E-4	-9.049472E-1
-1.360000E-1	8.503020E-3	-2.040870E-4	-9.036281E-1
-1.358000E-1	8.543070E-3	-4.005460E-5	-9.021454E-1
-1.356000E-1	8.411470E-3	4.196190E-5	-9.008771E-1
-1.354000E-1	8.285580E-3	-7.629440E-5	-8.997893E-1
-1.352000E-1	8.417190E-3	-1.964580E-4	-8.984452E-1
-1.350000E-1	8.529720E-3	-2.002730E-4	-8.968367E-1
-1.348000E-1	8.489670E-3	-1.125340E-4	-8.957220E-1
-1.346000E-1	8.380950E-3	-3.814730E-6	-8.943030E-1
-1.344000E-1	8.310380E-3	-9.536800E-6	-8.935899E-1
-1.342000E-1	8.270320E-3	-1.564040E-4	-8.925104E-1
-1.340000E-1	8.436260E-3	-2.193460E-4	-8.909110E-1
-1.338000E-1	8.575500E-3	-2.136240E-4	-8.885902E-1
-1.336000E-1	8.506830E-3	-2.670300E-5	-8.870750E-1
-1.334000E-1	8.384760E-3	2.670300E-5	-8.857754E-1
-1.332000E-1	8.276050E-3	-1.907360E-4	-8.852796E-1
-1.330000E-1	8.419100E-3	-2.632160E-4	-8.837505E-1
-1.328000E-1	8.497300E-3	-1.487740E-4	-8.816471E-1
-1.326000E-1	8.459150E-3	1.907360E-6	-8.808858E-1
-1.324000E-1	8.291300E-3	0.000000E+0	-8.802392E-1
-1.322000E-1	8.438170E-3	-1.659400E-4	-8.790367E-1
-1.320000E-1	8.554520E-3	-1.659400E-4	-8.777148E-1
-1.318000E-1	8.506830E-3	-4.386930E-5	-8.760849E-1
-1.316000E-1	8.291300E-3	-5.149860E-5	-8.753893E-1
-1.314000E-1	8.318010E-3	-1.735700E-4	-8.740073E-1
-1.312000E-1	8.459150E-3	-2.422340E-4	-8.722869E-1
-1.310000E-1	8.489670E-3	-1.010900E-4	-8.707392E-1
-1.308000E-1	8.480130E-3	9.155320E-5	-8.690863E-1
-1.306000E-1	8.344710E-3	2.670300E-5	-8.681372E-1
-1.304000E-1	8.377130E-3	-2.288830E-4	-8.672715E-1
-1.302000E-1	8.501110E-3	-2.517720E-4	-8.656064E-1
-1.300000E-1	8.573590E-3	-5.722070E-5	-8.636648E-1
-1.298000E-1	8.392390E-3	-1.716630E-5	-8.625631E-1
-1.296000E-1	8.272230E-3	-9.918260E-5	-8.620857E-1
-1.294000E-1	8.348520E-3	-2.117170E-4	-8.603347E-1
-1.292000E-1	8.476320E-3	-9.536790E-5	-8.583950E-1
-1.290000E-1	8.491580E-3	2.288830E-5	-8.571749E-1
-1.288000E-1	8.297030E-3	-2.670300E-5	-8.564026E-1
-1.286000E-1	8.256970E-3	-1.716620E-4	-8.552000E-1
-1.284000E-1	8.396210E-3	-2.155310E-4	-8.535877E-1
-1.282000E-1	8.447710E-3	-5.722070E-5	-8.521483E-1
-1.280000E-1	8.390490E-3	4.386930E-5	-8.510420E-1
-1.278000E-1	8.237900E-3	-1.068120E-4	-8.502124E-1
-1.276000E-1	8.304660E-3	-1.983650E-4	-8.487249E-1
-1.274000E-1	8.451520E-3	-1.277930E-4	-8.466168E-1
-1.272000E-1	8.411470E-3	-3.433250E-5	-8.451775E-1
-1.270000E-1	8.318010E-3	5.340600E-5	-8.442053E-1
-1.268000E-1	8.255060E-3	-1.697550E-4	-8.431627E-1
-1.266000E-1	8.329450E-3	-2.651230E-4	-8.414089E-1
-1.264000E-1	8.543070E-3	-1.850140E-4	-8.398346E-1
-1.262000E-1	8.514460E-3	7.629450E-6	-8.384212E-1
-1.260000E-1	8.367600E-3	3.814720E-5	-8.376091E-1
-1.258000E-1	8.285580E-3	-1.258860E-4	-8.364694E-1
-1.256000E-1	8.388580E-3	-2.555870E-4	-8.348857E-1
-1.254000E-1	8.457240E-3	-9.918260E-5	-8.331949E-1
-1.252000E-1	8.462970E-3	1.525890E-5	-8.316261E-1
-1.250000E-1	8.281770E-3	4.959130E-5	-8.302468E-1
-1.248000E-1	8.224550E-3	-1.659400E-4	-8.294643E-1
-1.246000E-1	8.331360E-3	-2.574940E-4	-8.279529E-1
-1.244000E-1	8.476320E-3	-2.384200E-4	-8.263553E-1
-1.242000E-1	8.478220E-3	-6.485030E-5	-8.246033E-1
-1.240000E-1	8.298930E-3	7.629450E-6	-8.233268E-1
-1.238000E-1	8.289400E-3	-1.335150E-4	-8.226794E-1
-1.236000E-1	8.382860E-3	-2.651230E-4	-8.214408E-1
-1.234000E-1	8.516370E-3	-2.098090E-4	-8.194788E-1
-1.232000E-1	8.489670E-3	-2.670300E-5	-8.178610E-1
-1.230000E-1	8.356150E-3	6.485030E-5	-8.168564E-1
-1.228000E-1	8.314190E-3	-7.629440E-5	-8.160090E-1
-1.226000E-1	8.375230E-3	-1.983650E-4	-8.145614E-1
-1.224000E-1	8.489670E-3	-1.239790E-4	-8.128362E-1
-1.222000E-1	8.447710E-3	5.722080E-6	-8.118326E-1
-1.220000E-1	8.308470E-3	4.196190E-5	-8.106671E-1
-1.218000E-1	8.281770E-3	-6.866500E-5	-8.096486E-1
-1.216000E-1	8.344710E-3	-2.040870E-4	-8.086802E-1
-1.214000E-1	8.485850E-3	-2.384200E-4	-8.068274E-1
-1.212000E-1	8.453430E-3	-6.485030E-5	-8.052946E-1
-1.210000E-1	8.297030E-3	-5.722080E-6	-8.041662E-1
-1.208000E-1	8.298930E-3	-1.144410E-4	-8.035436E-1
-1.206000E-1	8.382860E-3	-1.869210E-4	-8.019497E-1
-1.204000E-1	8.577410E-3	-1.602180E-4	-7.999758E-1
-1.202000E-1	8.398120E-3	-1.525890E-5	-7.986243E-1
-1.200000E-1	8.287490E-3	-7.820180E-5	-7.978492E-1
-1.198000E-1	8.308470E-3	-1.983650E-4	-7.966457E-1
-1.196000E-1	8.365690E-3	-2.384200E-4	-7.955598E-1
-1.194000E-1	8.506830E-3	-2.021800E-4	-7.937754E-1
-1.192000E-1	8.508740E-3	-3.242520E-5	-7.918514E-1
-1.190000E-1	8.424820E-3	5.340600E-5	-7.900893E-1
-1.188000E-1	8.264600E-3	-2.288830E-5	-7.894944E-1
-1.186000E-1	8.318010E-3	-1.144410E-4	-7.881208E-1
-1.184000E-1	8.394300E-3	-2.384200E-4	-7.870496E-1
-1.182000E-1	8.478220E-3	-1.831060E-4	-7.852459E-1
-1.180000E-1	8.543070E-3	-9.918260E-5	-7.838796E-1
-1.178000E-1	8.438170E-3	3.623990E-5	-7.827632E-1
-1.176000E-1	8.319910E-3	-1.583110E-4	-7.820250E-1
-1.174000E-1	8.422910E-3	-2.288830E-4	-7.804294E-1
-1.172000E-1	8.508740E-3	-1.602180E-4	-7.785321E-1
-1.170000E-1	8.470590E-3	0.000000E+0	-7.770633E-1
-1.168000E-1	8.344710E-3	-7.820180E-5	-7.763593E-1
-1.166000E-1	8.352340E-3	-1.564040E-4	-7.744223E-1
-1.164000E-1	8.451520E-3	-1.964580E-4	-7.726481E-1
-1.162000E-1	8.564050E-3	-1.335150E-4	-7.707694E-1
-1.160000E-1	8.476320E-3	2.288830E-5	-7.697408E-1
-1.158000E-1	8.346620E-3	2.479560E-5	-7.690156E-1
-1.156000E-1	8.396210E-3	-1.831060E-4	-7.679639E-1
-1.154000E-1	8.546890E-3	-1.487740E-4	-7.662683E-1
-1.152000E-1	8.583130E-3	-1.297010E-4	-7.648106E-1
-1.150000E-1	8.583130E-3	-4.577660E-5	-7.634637E-1
-1.148000E-1	8.409560E-3	-1.907360E-6	-7.627690E-1
-1.146000E-1	8.417190E-3	-1.754770E-4	-7.615295E-1
-1.144000E-1	8.531630E-3	-2.059950E-4	-7.600319E-1
-1.142000E-1	8.628900E-3	-4.005460E-5	-7.583151E-1
-1.140000E-1	8.594570E-3	6.485030E-5	-7.569950E-1
-1.138000E-1	8.478220E-3	-1.525890E-5	-7.558425E-1
-1.136000E-1	8.411470E-3	-8.583120E-5	-7.547528E-1
-1.134000E-1	8.461060E-3	-1.888280E-4	-7.535078E-1
-1.132000E-1	8.607920E-3	-1.907360E-4	-7.521194E-1
-1.130000E-1	8.630810E-3	-9.346050E-5	-7.510703E-1
-1.128000E-1	8.634630E-3	3.242520E-5	-7.491768E-1
-1.126000E-1	8.476320E-3	1.144420E-5	-7.481335E-1
-1.124000E-1	8.485850E-3	-1.678480E-4	-7.468551E-1
-1.122000E-1	8.594570E-3	-1.831060E-4	-7.452770E-1
-1.120000E-1	8.693750E-3	-1.983650E-4	-7.437887E-1
-1.118000E-1	8.678500E-3	-3.623990E-5	-7.429136E-1
-1.116000E-1	8.516370E-3	-4.005460E-5	-7.416639E-1
-1.114000E-1	8.527820E-3	-1.811990E-4	-7.408481E-1
-1.112000E-1	8.672770E-3	-2.002730E-4	-7.390961E-1
-1.110000E-1	8.764330E-3	-1.411450E-4	-7.374532E-1
-1.108000E-1	8.647980E-3	3.242520E-5	-7.360278E-1
-1.106000E-1	8.529720E-3	1.335150E-5	-7.346403E-1
-1.104000E-1	8.642260E-3	-1.869210E-4	-7.335386E-1
-1.102000E-1	8.720460E-3	-2.365120E-4	-7.319097E-1
-1.100000E-1	8.832990E-3	-9.346050E-5	-7.299070E-1
-1.098000E-1	8.686130E-3	1.525890E-5	-7.287314E-1
-1.096000E-1	8.539260E-3	-5.722070E-5	-7.279413E-1
-1.094000E-1	8.600290E-3	-1.659400E-4	-7.263994E-1
-1.092000E-1	8.812010E-3	-2.079020E-4	-7.249017E-1
-1.090000E-1	8.855880E-3	-6.675770E-5	-7.230888E-1
-1.088000E-1	8.667050E-3	-1.335150E-5	-7.218048E-1
-1.086000E-1	8.644160E-3	-6.675770E-5	-7.203470E-1
-1.084000E-1	8.703290E-3	-2.670310E-4	-7.190335E-1
-1.082000E-1	8.825360E-3	-2.918260E-4	-7.173333E-1
-1.080000E-1	8.932170E-3	-8.583120E-5	-7.155129E-1
-1.078000E-1	8.863510E-3	5.340600E-5	-7.145084E-1
-1.076000E-1	8.724270E-3	-8.964590E-5	-7.138025E-1
-1.074000E-1	8.722360E-3	-1.602180E-4	-7.122272E-1
-1.072000E-1	8.832990E-3	-2.307900E-4	-7.101821E-1
-1.070000E-1	9.004650E-3	-9.536790E-5	-7.090211E-1
-1.068000E-1	8.924540E-3	8.201650E-5	-7.076632E-1
-1.066000E-1	8.836810E-3	-5.149860E-5	-7.064524E-1
-1.064000E-1	8.758600E-3	-2.231610E-4	-7.055791E-1
-1.062000E-1	8.894030E-3	-2.651230E-4	-7.035127E-1
-1.060000E-1	9.096210E-3	-1.659400E-4	-7.011632E-1
-1.058000E-1	9.096210E-3	-3.814730E-6	-6.993678E-1
-1.056000E-1	9.012280E-3	9.918260E-5	-6.978942E-1
-1.054000E-1	8.861600E-3	-1.907360E-5	-6.965779E-1
-1.052000E-1	8.930270E-3	-1.716620E-4	-6.951755E-1
-1.050000E-1	9.107650E-3	-1.926430E-4	-6.930489E-1
-1.048000E-1	9.153430E-3	-4.386930E-5	-6.911961E-1
-1.046000E-1	9.033260E-3	2.479560E-5	-6.903313E-1
-1.044000E-1	9.046610E-3	-1.850140E-4	-6.892703E-1
-1.042000E-1	9.203020E-3	-2.517720E-4	-6.873684E-1
-1.040000E-1	9.285030E-3	-9.346050E-5	-6.858764E-1
-1.038000E-1	9.231630E-3	-1.907360E-6	-6.846230E-1
-1.036000E-1	9.050430E-3	-7.438710E-5	-6.834178E-1
-1.034000E-1	9.006560E-3	-1.888280E-4	-6.827591E-1
-1.032000E-1	9.182040E-3	-2.899190E-4	-6.811394E-1
-1.030000E-1	9.307920E-3	-1.277930E-4	-6.793523E-1
-1.028000E-1	9.264050E-3	6.294300E-5	-6.775051E-1
-1.026000E-1	9.136260E-3	-1.335150E-5	-6.770092E-1
-1.024000E-1	9.128630E-3	-1.468670E-4	-6.751185E-1
-1.022000E-1	9.326990E-3	-2.994560E-4	-6.734017E-1
-1.020000E-1	9.405200E-3	-9.346050E-5	-6.714666E-1
-1.018000E-1	9.326990E-3	-2.288830E-5	-6.697312E-1
-1.016000E-1	9.298380E-3	-3.433250E-5	-6.689449E-1
-1.014000E-1	9.227810E-3	-1.297010E-4	-6.679173E-1
-1.012000E-1	9.466230E-3	-2.040870E-4	-6.659451E-1
-1.010000E-1	9.582580E-3	-6.675770E-5	-6.638926E-1
-1.008000E-1	9.447160E-3	-7.629450E-6	-6.629435E-1
-1.006000E-1	9.306010E-3	1.144420E-5	-6.614283E-1
-1.004000E-1	9.267870E-3	-1.697550E-4	-6.602155E-1
-1.002000E-1	9.447160E-3	-1.811990E-4	-6.583777E-1
-1.000000E-1	9.548250E-3	-1.926430E-4	-6.565155E-1
-9.980000E-2	9.609280E-3	-9.536790E-5	-6.541096E-1
-9.960000E-2	9.506290E-3	3.623990E-5	-6.526222E-1
-9.940000E-2	9.353700E-3	-3.433250E-5	-6.518951E-1
-9.920000E-2	9.325090E-3	-1.449590E-4	-6.510025E-1
-9.900000E-2	9.492930E-3	-2.632160E-4	-6.493791E-1
-9.880000E-2	9.620730E-3	-2.250680E-4	-6.469657E-1
-9.860000E-2	9.674130E-3	-3.433250E-5	-6.457929E-1
-9.840000E-2	9.405200E-3	-3.051780E-5	-6.444026E-1
-9.820000E-2	9.300290E-3	-2.288830E-5	-6.430020E-1
-9.800000E-2	9.552060E-3	-2.670310E-4	-6.413703E-1
-9.780000E-2	9.571140E-3	-3.185290E-4	-6.400604E-1
-9.760000E-2	9.742800E-3	-1.583110E-4	-6.381041E-1
-9.740000E-2	9.735170E-3	-1.144410E-4	-6.367647E-1
-9.720000E-2	9.586390E-3	1.525890E-5	-6.357305E-1
-9.700000E-2	9.546340E-3	5.722080E-6	-6.339592E-1
-9.680000E-2	9.500560E-3	-1.583110E-4	-6.330462E-1
-9.660000E-2	9.679850E-3	-2.918260E-4	-6.305866E-1
-9.640000E-2	9.800020E-3	-1.678480E-4	-6.286052E-1
-9.620000E-2	9.754240E-3	8.583120E-5	-6.273675E-1
-9.600000E-2	9.553970E-3	-5.340600E-5	-6.269873E-1
-9.580000E-2	9.660780E-3	-2.098090E-4	-6.255193E-1
-9.560000E-2	9.889660E-3	-1.678480E-4	-6.229182E-1
-9.540000E-2	9.847700E-3	-1.010900E-4	-6.214169E-1
-9.520000E-2	9.756150E-3	6.866500E-5	-6.202208E-1
-9.500000E-2	9.634080E-3	6.294300E-5	-6.191386E-1
-9.480000E-2	9.634080E-3	-2.250680E-4	-6.177011E-1
-9.460000E-2	9.809550E-3	-2.250680E-4	-6.153700E-1
-9.440000E-2	9.862960E-3	-2.479560E-5	-6.135903E-1
-9.420000E-2	9.809550E-3	6.103560E-5	-6.120021E-1
-9.400000E-2	9.666500E-3	-1.411450E-4	-6.107210E-1
-9.380000E-2	9.674130E-3	-2.307900E-4	-6.091753E-1
-9.360000E-2	9.906830E-3	-2.155310E-4	-6.071670E-1
-9.340000E-2	9.927810E-3	-1.201630E-4	-6.047610E-1
-9.320000E-2	9.811460E-3	1.716630E-5	-6.043300E-1
-9.300000E-2	9.733260E-3	2.479560E-5	-6.030285E-1
-9.280000E-2	9.826720E-3	-2.193460E-4	-6.016022E-1
-9.260000E-2	9.985030E-3	-3.147140E-4	-5.999621E-1
-9.240000E-2	1.003460E-2	-9.918260E-5	-5.983924E-1
-9.220000E-2	9.965960E-3	-1.525890E-5	-5.974045E-1
-9.200000E-2	9.763780E-3	-4.005460E-5	-5.967726E-1
-9.180000E-2	9.746610E-3	-1.335150E-4	-5.951743E-1
-9.160000E-2	9.872500E-3	-2.384200E-4	-5.935435E-1
-9.140000E-2	1.003270E-2	-1.163490E-4	-5.921624E-1
-9.120000E-2	1.001550E-2	5.149860E-5	-5.905094E-1
-9.100000E-2	9.796200E-3	2.098100E-5	-5.893670E-1
-9.080000E-2	9.796200E-3	-2.708450E-4	-5.872210E-1
-9.060000E-2	1.000980E-2	-2.765670E-4	-5.847530E-1
-9.040000E-2	1.009950E-2	-2.422340E-4	-5.835182E-1
-9.020000E-2	1.005370E-2	-4.005460E-5	-5.822519E-1
-9.000000E-2	9.862960E-3	1.716630E-5	-5.808190E-1
-8.980000E-2	9.876310E-3	-1.087190E-4	-5.794925E-1
-8.960000E-2	9.832440E-3	-2.136240E-4	-5.780061E-1
-8.940000E-2	9.908740E-3	-2.613090E-4	-5.758174E-1
-8.920000E-2	1.012620E-2	-2.822890E-4	-5.734309E-1
-8.900000E-2	1.016620E-2	-3.623990E-5	-5.717945E-1
-8.880000E-2	1.000600E-2	8.583120E-5	-5.702017E-1
-8.860000E-2	9.862960E-3	-1.907360E-5	-5.694607E-1
-8.840000E-2	9.847700E-3	-2.059950E-4	-5.675830E-1
-8.820000E-2	1.004990E-2	-2.422340E-4	-5.656377E-1
-8.800000E-2	1.018340E-2	-9.536790E-5	-5.630569E-1
-8.780000E-2	1.013950E-2	2.288830E-5	-5.617110E-1
-8.760000E-2	9.952600E-3	-4.005460E-5	-5.604604E-1
-8.740000E-2	9.914460E-3	-1.544960E-4	-5.585900E-1
-8.720000E-2	1.006700E-2	-2.250680E-4	-5.567816E-1
-8.700000E-2	1.019670E-2	-1.258860E-4	-5.548751E-1
-8.680000E-2	1.011280E-2	1.010900E-4	-5.531509E-1
-8.660000E-2	1.006320E-2	1.239790E-4	-5.519447E-1
-8.640000E-2	1.001750E-2	-1.068120E-4	-5.512852E-1
-8.620000E-2	1.012240E-2	-2.803820E-4	-5.497071E-1
-8.600000E-2	1.018720E-2	-2.441420E-4	-5.471143E-1
-8.580000E-2	1.023490E-2	-5.340600E-5	-5.450941E-1
-8.560000E-2	1.009180E-2	9.346050E-5	-5.440303E-1
-8.540000E-2	9.994570E-3	7.438710E-5	-5.425466E-1
-8.520000E-2	1.000600E-2	-2.098090E-4	-5.416391E-1
-8.500000E-2	1.006510E-2	-2.613090E-4	-5.399944E-1
-8.480000E-2	1.027880E-2	-1.773840E-4	-5.379308E-1
-8.460000E-2	1.029780E-2	-7.820180E-5	-5.360132E-1
-8.440000E-2	1.023300E-2	0.000000E+0	-5.351150E-1
-8.420000E-2	1.008990E-2	-1.983650E-4	-5.334842E-1
-8.400000E-2	1.023300E-2	-2.594010E-4	-5.312946E-1
-8.380000E-2	1.040460E-2	-1.716620E-4	-5.293448E-1
-8.360000E-2	1.035510E-2	-2.479560E-5	-5.280026E-1
-8.340000E-2	1.021960E-2	4.768390E-5	-5.269360E-1
-8.320000E-2	1.010330E-2	-1.220710E-4	-5.252091E-1
-8.300000E-2	1.016620E-2	-2.117170E-4	-5.234293E-1
-8.280000E-2	1.037030E-2	-2.880120E-4	-5.214193E-1
-8.260000E-2	1.043130E-2	-1.392370E-4	-5.200798E-1
-8.240000E-2	1.034170E-2	7.820180E-5	-5.179301E-1
-8.220000E-2	1.019670E-2	-4.959130E-5	-5.173826E-1
-8.200000E-2	1.027110E-2	-1.850140E-4	-5.161218E-1
-8.180000E-2	1.048670E-2	-1.869210E-4	-5.139415E-1
-8.160000E-2	1.048480E-2	-3.623990E-5	-5.116030E-1
-8.140000E-2	1.041230E-2	6.103560E-5	-5.104395E-1
-8.120000E-2	1.022540E-2	-9.536800E-6	-5.092239E-1
-8.100000E-2	1.024440E-2	-2.212530E-4	-5.077652E-1
-8.080000E-2	1.041990E-2	-2.918260E-4	-5.058735E-1
-8.060000E-2	1.053630E-2	-1.678480E-4	-5.037423E-1
-8.040000E-2	1.041040E-2	9.918260E-5	-5.023261E-1
-8.020000E-2	1.027300E-2	9.536800E-6	-5.008591E-1
-8.000000E-2	1.025400E-2	-2.269750E-4	-4.995631E-1
-7.980000E-2	1.049620E-2	-3.128070E-4	-4.970220E-1
-7.960000E-2	1.068120E-2	-8.773850E-5	-4.950157E-1
-7.940000E-2	1.050380E-2	3.242520E-5	-4.934904E-1
-7.920000E-2	1.029400E-2	-4.768390E-5	-4.928910E-1
-7.900000E-2	1.035890E-2	-2.841970E-4	-4.917310E-1
-7.880000E-2	1.054960E-2	-2.174390E-4	-4.889005E-1
-7.860000E-2	1.067170E-2	-6.485030E-5	-4.872863E-1
-7.840000E-2	1.053050E-2	9.155320E-5	-4.855547E-1
-7.820000E-2	1.040460E-2	-3.433250E-5	-4.846057E-1
-7.800000E-2	1.040850E-2	-2.059950E-4	-4.833587E-1
-7.780000E-2	1.062210E-2	-2.117170E-4	-4.809000E-1
-7.760000E-2	1.074610E-2	-1.354230E-4	-4.786939E-1
-7.740000E-2	1.058390E-2	-1.335150E-5	-4.777920E-1
-7.720000E-2	1.050000E-2	-9.346050E-5	-4.768956E-1
-7.700000E-2	1.039320E-2	-2.307900E-4	-4.750475E-1
-7.680000E-2	1.060490E-2	-3.032700E-4	-4.727497E-1
-7.660000E-2	1.082430E-2	-1.163490E-4	-4.706887E-1
-7.640000E-2	1.074420E-2	4.005460E-5	-4.688258E-1
-7.620000E-2	1.052290E-2	-2.288830E-5	-4.681247E-1
-7.600000E-2	1.061830E-2	-2.479570E-4	-4.666715E-1
-7.580000E-2	1.082620E-2	-3.299730E-4	-4.643016E-1
-7.560000E-2	1.097110E-2	-3.814720E-5	-4.625154E-1
-7.540000E-2	1.078610E-2	5.149860E-5	-4.610575E-1
-7.520000E-2	1.071750E-2	-1.144420E-5	-4.593222E-1
-7.500000E-2	1.073270E-2	-2.231610E-4	-4.575018E-1
-7.480000E-2	1.086240E-2	-2.918260E-4	-4.553585E-1
-7.460000E-2	1.106460E-2	-1.125340E-4	-4.531330E-1
-7.440000E-2	1.085670E-2	5.340600E-5	-4.518121E-1
-7.420000E-2	1.072320E-2	-1.373300E-4	-4.510351E-1
-7.400000E-2	1.090440E-2	-2.384200E-4	-4.490472E-1
-7.380000E-2	1.108940E-2	-1.678480E-4	-4.463804E-1
-7.360000E-2	1.102830E-2	5.722070E-5	-4.443231E-1
-7.340000E-2	1.077850E-2	-7.438710E-5	-4.437062E-1
-7.320000E-2	1.079950E-2	-2.727530E-4	-4.421226E-1
-7.300000E-2	1.104170E-2	-2.708450E-4	-4.400644E-1
-7.280000E-2	1.120570E-2	-2.079020E-4	-4.384790E-1
-7.260000E-2	1.108180E-2	3.814730E-6	-4.373106E-1
-7.240000E-2	1.099590E-2	1.144420E-5	-4.355503E-1
-7.220000E-2	1.097110E-2	-1.621260E-4	-4.343710E-1
-7.200000E-2	1.109320E-2	-3.643050E-4	-4.315284E-1
-7.180000E-2	1.130870E-2	-2.365120E-4	-4.293880E-1
-7.160000E-2	1.135450E-2	-1.544960E-4	-4.268821E-1
-7.140000E-2	1.110270E-2	-6.485030E-5	-4.261125E-1
-7.120000E-2	1.112370E-2	-1.792920E-4	-4.242559E-1
-7.100000E-2	1.141170E-2	-2.346050E-4	-4.222570E-1
-7.080000E-2	1.139460E-2	-1.506810E-4	-4.203829E-1
-7.060000E-2	1.137550E-2	-1.907360E-6	-4.189037E-1
-7.040000E-2	1.121150E-2	5.340600E-5	-4.167522E-1
-7.020000E-2	1.114280E-2	-2.117170E-4	-4.151455E-1
-7.000000E-2	1.142320E-2	-4.005450E-4	-4.130809E-1
-6.980000E-2	1.154520E-2	-2.059950E-4	-4.107517E-1
-6.960000E-2	1.148610E-2	4.386930E-5	-4.093373E-1
-6.940000E-2	1.135450E-2	-1.029970E-4	-4.082828E-1
-6.920000E-2	1.141740E-2	-2.174390E-4	-4.067907E-1
-6.900000E-2	1.163110E-2	-3.070850E-4	-4.042461E-1
-6.880000E-2	1.182940E-2	-1.277930E-4	-4.020149E-1
-6.860000E-2	1.159290E-2	-7.629450E-6	-4.006413E-1
-6.840000E-2	1.149370E-2	-2.021800E-4	-3.996339E-1
-6.820000E-2	1.169970E-2	-2.918260E-4	-3.975592E-1
-6.800000E-2	1.184660E-2	-1.678480E-4	-3.948341E-1
-6.780000E-2	1.179510E-2	-3.433250E-5	-3.935963E-1
-6.760000E-2	1.161770E-2	5.912800E-5	-3.925947E-1
-6.740000E-2	1.163300E-2	-7.057240E-5	-3.915549E-1
-6.720000E-2	1.172450E-2	-1.850140E-4	-3.888622E-1
-6.700000E-2	1.191720E-2	-2.765670E-4	-3.865237E-1
-6.680000E-2	1.200490E-2	-9.155320E-5	-3.840030E-1
-6.660000E-2	1.192670E-2	1.144420E-5	-3.823713E-1
-6.640000E-2	1.184280E-2	7.629450E-6	-3.809340E-1
-6.620000E-2	1.208880E-2	-3.261580E-4	-3.788665E-1
-6.600000E-2	1.218800E-2	-1.869210E-4	-3.761590E-1
-6.580000E-2	1.216890E-2	2.861030E-5	-3.739667E-1
-6.560000E-2	1.197630E-2	-8.392380E-5	-3.730981E-1
-6.540000E-2	1.201640E-2	-3.204360E-4	-3.714904E-1
-6.520000E-2	1.221470E-2	-2.822890E-4	-3.690300E-1
-6.500000E-2	1.244740E-2	-1.487740E-4	-3.665101E-1
-6.480000E-2	1.232150E-2	1.716630E-5	-3.653530E-1
-6.460000E-2	1.221090E-2	-8.964590E-5	-3.639285E-1
-6.440000E-2	1.228530E-2	-4.005450E-4	-3.620007E-1
-6.420000E-2	1.256950E-2	-3.185290E-4	-3.590574E-1
-6.400000E-2	1.265720E-2	-6.675770E-5	-3.571009E-1
-6.380000E-2	1.254660E-2	3.433250E-5	-3.558873E-1
-6.360000E-2	1.239210E-2	-2.479560E-5	-3.542010E-1
-6.340000E-2	1.250460E-2	-2.155310E-4	-3.526026E-1
-6.320000E-2	1.275450E-2	-3.395100E-4	-3.504677E-1
-6.300000E-2	1.284410E-2	-1.602180E-4	-3.482587E-1
-6.280000E-2	1.275070E-2	8.964590E-5	-3.462820E-1
-6.260000E-2	1.267440E-2	7.629450E-6	-3.449814E-1
-6.240000E-2	1.266100E-2	-2.498650E-4	-3.428446E-1
-6.220000E-2	1.286890E-2	-4.138970E-4	-3.408891E-1
-6.200000E-2	1.309970E-2	-3.414170E-4	-3.379652E-1
-6.180000E-2	1.324470E-2	-9.536800E-6	-3.358968E-1
-6.160000E-2	1.297190E-2	3.051780E-5	-3.345380E-1
-6.140000E-2	1.293760E-2	-1.716620E-4	-3.333114E-1
-6.120000E-2	1.319700E-2	-3.147140E-4	-3.313041E-1
-6.100000E-2	1.339350E-2	1.907360E-5	-3.282340E-1
-6.080000E-2	1.321610E-2	8.201650E-5	-3.265987E-1
-6.060000E-2	1.318370E-2	-8.964590E-5	-3.244832E-1
-6.040000E-2	1.331530E-2	-1.964580E-4	-3.220068E-1
-6.020000E-2	1.364900E-2	-2.956410E-4	-3.190006E-1
-6.000000E-2	1.362620E-2	-2.479560E-5	-3.173208E-1
-5.980000E-2	1.353080E-2	-1.049050E-4	-3.164068E-1
-5.960000E-2	1.359950E-2	-3.376030E-4	-3.140471E-1
-5.940000E-2	1.379780E-2	-3.395100E-4	-3.112416E-1
-5.920000E-2	1.398860E-2	-3.185290E-4	-3.090474E-1
-5.900000E-2	1.404390E-2	5.149860E-5	-3.070439E-1
-5.880000E-2	1.378450E-2	-2.098100E-5	-3.056758E-1
-5.860000E-2	1.389320E-2	-3.566760E-4	-3.038914E-1
-5.840000E-2	1.416400E-2	-3.490470E-4	-3.008574E-1
-5.820000E-2	1.446160E-2	-1.907360E-4	-2.981702E-1
-5.800000E-2	1.440630E-2	7.438710E-5	-2.953536E-1
-5.780000E-2	1.429180E-2	5.149860E-5	-2.937607E-1
-5.760000E-2	1.428800E-2	-1.640330E-4	-2.918977E-1
-5.740000E-2	1.439290E-2	-3.337880E-4	-2.899201E-1
-5.720000E-2	1.471140E-2	-4.253410E-4	-2.870145E-1
-5.700000E-2	1.482210E-2	-5.455050E-4	-2.846392E-1
-5.680000E-2	1.503570E-2	-1.373300E-4	-2.821638E-1
-5.660000E-2	1.462750E-2	-1.316080E-4	-2.801565E-1
-5.640000E-2	1.487170E-2	-3.395100E-4	-2.776951E-1
-5.620000E-2	1.516540E-2	-2.441420E-4	-2.744381E-1
-5.600000E-2	1.526270E-2	-6.485030E-5	-2.724576E-1
-5.580000E-2	1.515200E-2	1.964580E-4	-2.700109E-1
-5.560000E-2	1.503380E-2	-8.773850E-5	-2.683090E-1
-5.540000E-2	1.513680E-2	-3.719350E-4	-2.662527E-1
-5.520000E-2	1.558880E-2	-3.299730E-4	-2.626711E-1
-5.500000E-2	1.572810E-2	-1.010900E-4	-2.605397E-1
-5.480000E-2	1.573000E-2	3.814720E-5	-2.586509E-1
-5.460000E-2	1.551250E-2	-9.536790E-5	-2.575500E-1
-5.440000E-2	1.558310E-2	-3.948230E-4	-2.553366E-1
-5.420000E-2	1.598180E-2	-2.822890E-4	-2.517596E-1
-5.400000E-2	1.620110E-2	-1.716620E-4	-2.490520E-1
-5.380000E-2	1.627740E-2	0.000000E+0	-2.457904E-1
-5.360000E-2	1.606950E-2	1.258860E-4	-2.440394E-1
-5.340000E-2	1.611720E-2	-3.833790E-4	-2.425085E-1
-5.320000E-2	1.633080E-2	-3.662130E-4	-2.401904E-1
-5.300000E-2	1.658450E-2	-2.117170E-4	-2.362230E-1
-5.280000E-2	1.677530E-2	9.918260E-5	-2.334258E-1
-5.260000E-2	1.663220E-2	9.918260E-5	-2.298322E-1
-5.240000E-2	1.644150E-2	-1.621260E-4	-2.289330E-1
-5.220000E-2	1.668750E-2	-4.634880E-4	-2.254522E-1
-5.200000E-2	1.710330E-2	-3.433250E-4	-2.222609E-1
-5.180000E-2	1.723110E-2	2.098100E-5	-2.196487E-1
-5.160000E-2	1.696600E-2	9.536790E-5	-2.180456E-1
-5.140000E-2	1.688590E-2	-3.623990E-5	-2.156221E-1
-5.120000E-2	1.700600E-2	-4.959140E-4	-2.133142E-1
-5.100000E-2	1.737800E-2	-3.528610E-4	-2.082173E-1
-5.080000E-2	1.768120E-2	-1.525890E-5	-2.044711E-1
-5.060000E-2	1.741230E-2	6.485030E-5	-2.019892E-1
-5.040000E-2	1.719110E-2	-1.602180E-4	-1.997331E-1
-5.020000E-2	1.751150E-2	-3.109000E-4	-1.969165E-1
-5.000000E-2	1.788530E-2	-1.811990E-4	-1.928918E-1
-4.980000E-2	1.776130E-2	1.525890E-4	-1.903340E-1
-4.960000E-2	1.757440E-2	-1.907360E-6	-1.885118E-1
-4.940000E-2	1.759730E-2	-3.337880E-4	-1.864204E-1
-4.920000E-2	1.782050E-2	-4.234330E-4	-1.836971E-1
-4.900000E-2	1.798260E-2	-1.525890E-4	-1.804133E-1
-4.880000E-2	1.803410E-2	8.583120E-5	-1.769926E-1
-4.860000E-2	1.768510E-2	7.438710E-5	-1.756994E-1
-4.840000E-2	1.743520E-2	-2.574940E-4	-1.737356E-1
-4.820000E-2	1.765070E-2	-3.833790E-4	-1.698107E-1
-4.800000E-2	1.799210E-2	-3.585830E-4	-1.656732E-1
-4.780000E-2	1.796930E-2	6.103560E-5	-1.617632E-1
-4.760000E-2	1.761830E-2	2.288830E-4	-1.618150E-1
-4.740000E-2	1.749430E-2	-4.959130E-5	-1.595173E-1
-4.720000E-2	1.734170E-2	-3.795640E-4	-1.568569E-1
-4.700000E-2	1.765260E-2	-1.945500E-4	-1.518202E-1
-4.680000E-2	1.763550E-2	-1.239790E-4	-1.497261E-1
-4.660000E-2	1.729600E-2	-2.670300E-5	-1.483579E-1
-4.640000E-2	1.717960E-2	-2.269750E-4	-1.471803E-1
-4.620000E-2	1.718910E-2	-3.528610E-4	-1.441103E-1
-4.600000E-2	1.731880E-2	-3.662130E-4	-1.401568E-1
-4.580000E-2	1.717770E-2	3.623990E-5	-1.369525E-1
-4.560000E-2	1.696220E-2	1.182560E-4	-1.349646E-1
-4.540000E-2	1.657880E-2	0.000000E+0	-1.318834E-1
-4.520000E-2	1.653490E-2	-3.376030E-4	-1.300426E-1
-4.500000E-2	1.664750E-2	-2.536790E-4	-1.272223E-1
-4.480000E-2	1.649490E-2	5.722080E-6	-1.241624E-1
-4.460000E-2	1.596270E-2	3.814720E-5	-1.222707E-1
-4.440000E-2	1.575480E-2	-3.089920E-4	-1.213050E-1
-4.420000E-2	1.583300E-2	-4.653950E-4	-1.178565E-1
-4.400000E-2	1.577770E-2	-1.964580E-4	-1.137550E-1
-4.380000E-2	1.536380E-2	-2.670300E-5	-1.116275E-1
-4.360000E-2	1.485260E-2	-7.820180E-5	-1.097229E-1
-4.340000E-2	1.488310E-2	-2.212530E-4	-1.068258E-1
-4.320000E-2	1.478770E-2	-3.814720E-5	-1.038343E-1
-4.300000E-2	1.411830E-2	-9.536790E-5	-1.017317E-1
-4.280000E-2	1.404010E-2	-2.746600E-4	-1.000164E-1
-4.260000E-2	1.384930E-2	-3.528610E-4	-9.713757E-2
-4.240000E-2	1.355180E-2	-1.354230E-4	-9.451926E-2
-4.220000E-2	1.315700E-2	1.907360E-5	-9.267841E-2
-4.200000E-2	1.291090E-2	-1.297010E-4	-9.111915E-2
-4.180000E-2	1.263240E-2	-3.623980E-4	-8.877534E-2
-4.160000E-2	1.256190E-2	-9.536790E-5	-8.549577E-2
-4.140000E-2	1.237300E-2	-9.346050E-5	-8.384108E-2
-4.120000E-2	1.202590E-2	-8.392380E-5	-8.143254E-2
-4.100000E-2	1.159670E-2	1.335150E-5	-8.001892E-2
-4.080000E-2	1.135830E-2	-1.602180E-4	-7.870204E-2
-4.060000E-2	1.124960E-2	-3.910080E-4	-7.761271E-2
-4.040000E-2	1.110850E-2	-2.422340E-4	-7.443913E-2
-4.020000E-2	1.074800E-2	-2.479560E-5	-7.250792E-2
-4.000000E-2	1.030360E-2	1.182560E-4	-7.083675E-2
-3.980000E-2	1.009950E-2	1.144420E-5	-6.977325E-2
-3.960000E-2	9.824810E-3	-1.354230E-4	-6.811623E-2
-3.940000E-2	9.710370E-3	-3.490470E-4	-6.637314E-2
-3.920000E-2	9.504380E-3	-2.193460E-4	-6.476501E-2
-3.900000E-2	9.285030E-3	-7.629440E-5	-6.310162E-2
-3.880000E-2	9.038980E-3	-8.010910E-5	-6.270402E-2
-3.860000E-2	8.739530E-3	-1.068120E-4	-6.175123E-2
-3.840000E-2	8.636530E-3	-2.803820E-4	-6.008173E-2
-3.820000E-2	8.543070E-3	-1.373300E-4	-5.850841E-2
-3.800000E-2	8.142530E-3	3.814720E-5	-5.686427E-2
-3.780000E-2	7.804900E-3	-1.201630E-4	-5.609700E-2
-3.760000E-2	7.650410E-3	-2.021800E-4	-5.462135E-2
-3.740000E-2	7.600810E-3	-1.964580E-4	-5.360682E-2
-3.720000E-2	7.425340E-3	-7.629440E-5	-5.200175E-2
-3.700000E-2	7.030520E-3	1.907360E-6	-5.092400E-2
-3.680000E-2	6.759670E-3	-1.087190E-4	-5.032466E-2
-3.660000E-2	6.616620E-3	-1.850140E-4	-4.887160E-2
-3.640000E-2	6.458310E-3	-1.277930E-4	-4.761711E-2
-3.620000E-2	6.273300E-3	-4.196190E-5	-4.630837E-2
-3.600000E-2	6.078750E-3	-5.531330E-5	-4.500936E-2
-3.580000E-2	5.826980E-3	1.335150E-5	-4.450890E-2
-3.560000E-2	5.600010E-3	-8.010910E-5	-4.384171E-2
-3.540000E-2	5.540880E-3	-1.983650E-4	-4.310870E-2
-3.520000E-2	5.466490E-3	-1.335150E-4	-4.198372E-2
-3.500000E-2	5.174670E-3	-2.670300E-5	-4.101196E-2
-3.480000E-2	5.004910E-3	0.000000E+0	-4.067934E-2
-3.460000E-2	4.922900E-3	-7.247970E-5	-3.968119E-2
-3.440000E-2	4.787470E-3	-5.912800E-5	-3.869128E-2
-3.420000E-2	4.625350E-3	-7.629450E-6	-3.787477E-2
-3.400000E-2	4.360230E-3	-4.005460E-5	-3.742883E-2
-3.380000E-2	4.211460E-3	-8.010910E-5	-3.715694E-2
-3.360000E-2	4.125620E-3	-1.087190E-4	-3.644809E-2
-3.340000E-2	4.039790E-3	-2.670300E-5	-3.544939E-2
-3.320000E-2	3.856670E-3	0.000000E+0	-3.488329E-2
-3.300000E-2	3.589650E-3	1.335150E-5	-3.442403E-2
-3.280000E-2	3.433240E-3	-8.583120E-5	-3.357289E-2
-3.260000E-2	3.353130E-3	-6.866500E-5	-3.285488E-2
-3.240000E-2	3.215800E-3	-2.670300E-5	-3.253058E-2
-3.220000E-2	3.044140E-3	-7.247970E-5	-3.215121E-2
-3.200000E-2	2.857220E-3	-1.010900E-4	-3.179804E-2
-3.180000E-2	2.716080E-3	-4.577660E-5	-3.133619E-2
-3.160000E-2	2.641690E-3	-3.242520E-5	-3.066880E-2
-3.140000E-2	2.426160E-3	-4.005460E-5	-3.028785E-2
-3.120000E-2	2.304090E-3	2.098100E-5	-2.995931E-2
-3.100000E-2	2.161040E-3	2.861030E-5	-2.964575E-2
-3.080000E-2	1.993190E-3	-2.670300E-5	-2.927684E-2
-3.060000E-2	1.895910E-3	5.912800E-5	-2.876999E-2
-3.040000E-2	1.766210E-3	2.288830E-5	-2.855476E-2
-3.020000E-2	1.583110E-3	9.536800E-6	-2.839821E-2
-3.000000E-2	1.487740E-3	-5.912800E-5	-2.818038E-2
-2.980000E-2	1.338970E-3	-5.149860E-5	-2.781332E-2
-2.960000E-2	1.165400E-3	3.051780E-5	-2.759281E-2
-2.940000E-2	9.956430E-4	3.433250E-5	-2.738812E-2
-2.920000E-2	8.907360E-4	2.479560E-5	-2.722194E-2
-2.900000E-2	7.514990E-4	-2.670300E-5	-2.716659E-2
-2.880000E-2	6.713900E-4	-4.577660E-5	-2.716557E-2
-2.860000E-2	6.103550E-4	-5.912800E-5	-2.697310E-2
-2.840000E-2	5.245250E-4	-2.670300E-5	-2.693209E-2
-2.820000E-2	3.547690E-4	-5.722080E-6	-2.681461E-2
-2.800000E-2	2.727530E-4	0.000000E+0	-2.670205E-2
-2.780000E-2	1.449590E-4	1.716630E-5	-2.667862E-2
-2.760000E-2	3.814720E-5	-1.907360E-5	-2.669797E-2
-2.740000E-2	-5.149860E-5	5.722080E-6	-2.670001E-2
-2.720000E-2	-1.125340E-4	1.144420E-5	-2.673519E-2
-2.700000E-2	-1.792920E-4	-1.716630E-5	-2.673574E-2
-2.680000E-2	-2.517720E-4	-1.335150E-5	-2.681258E-2
-2.660000E-2	-3.585830E-4	-9.536800E-6	-2.682637E-2
-2.640000E-2	-4.386920E-4	1.144420E-5	-2.693015E-2
-2.620000E-2	-5.149880E-4	5.722080E-6	-2.688312E-2
-2.600000E-2	-6.313360E-4	2.479560E-5	-2.698829E-2
-2.580000E-2	-6.732980E-4	7.629450E-6	-2.716974E-2
-2.560000E-2	-6.866490E-4	-1.144420E-5	-2.713483E-2
-2.540000E-2	-7.076300E-4	-3.814720E-5	-2.726065E-2
-2.520000E-2	-7.267040E-4	-2.670300E-5	-2.736193E-2
-2.500000E-2	-7.343330E-4	-2.098100E-5	-2.754411E-2
-2.480000E-2	-7.801090E-4	1.144420E-5	-2.762863E-2
-2.460000E-2	-7.991830E-4	1.525890E-5	-2.779202E-2
-2.440000E-2	-7.743870E-4	1.716630E-5	-2.787331E-2
-2.420000E-2	-8.049050E-4	9.536800E-6	-2.791783E-2
-2.400000E-2	-7.667580E-4	3.623990E-5	-2.811169E-2
-2.380000E-2	-7.400550E-4	6.103560E-5	-2.814964E-2
-2.360000E-2	-7.762950E-4	-9.536800E-6	-2.842033E-2
-2.340000E-2	-7.743870E-4	1.716630E-5	-2.842515E-2
-2.320000E-2	-7.114450E-4	-3.814730E-6	-2.859234E-2
-2.300000E-2	-7.152590E-4	4.386930E-5	-2.864983E-2
-2.280000E-2	-6.675760E-4	1.335150E-5	-2.868723E-2
-2.260000E-2	-6.446880E-4	2.288830E-5	-2.878129E-2
-2.240000E-2	-6.599460E-4	3.051780E-5	-2.888201E-2
-2.220000E-2	-6.275210E-4	1.335150E-5	-2.899698E-2
-2.200000E-2	-5.874670E-4	-1.335150E-5	-2.913594E-2
-2.180000E-2	-5.378760E-4	-9.536800E-6	-2.922693E-2
-2.160000E-2	-5.016360E-4	-1.144420E-5	-2.934497E-2
-2.140000E-2	-4.940070E-4	0.000000E+0	-2.942848E-2
-2.120000E-2	-4.596730E-4	1.525890E-5	-2.949698E-2
-2.100000E-2	-4.367850E-4	1.907360E-5	-2.957669E-2
-2.080000E-2	-4.024520E-4	5.722080E-6	-2.959233E-2
-2.060000E-2	-3.490470E-4	-1.335150E-5	-2.971454E-2
-2.040000E-2	-3.509540E-4	0.000000E+0	-2.975333E-2
-2.020000E-2	-3.433250E-4	1.525890E-5	-2.985081E-2
-2.000000E-2	-3.242510E-4	9.536800E-6	-2.988034E-2
-1.980000E-2	-2.899190E-4	1.907360E-6	-2.993607E-2
-1.960000E-2	-2.784750E-4	-2.098100E-5	-2.999291E-2
-1.940000E-2	-2.784750E-4	9.536800E-6	-3.006891E-2
-1.920000E-2	-2.651230E-4	5.722080E-6	-3.010464E-2
-1.900000E-2	-2.651230E-4	2.098100E-5	-3.016056E-2
-1.880000E-2	-2.517720E-4	1.907360E-6	-3.017380E-2
-1.860000E-2	-2.651230E-4	1.907360E-6	-3.025638E-2
-1.840000E-2	-2.517720E-4	-5.722080E-6	-3.028045E-2
-1.820000E-2	-2.307900E-4	3.051780E-5	-3.031730E-2
-1.800000E-2	-2.117170E-4	2.288830E-5	-3.036645E-2
-1.780000E-2	-2.098090E-4	1.144420E-5	-3.042791E-2
-1.760000E-2	-1.983650E-4	1.907360E-5	-3.045754E-2
-1.740000E-2	-2.212530E-4	1.144420E-5	-3.043607E-2
-1.720000E-2	-2.059950E-4	-1.144420E-5	-3.046402E-2
-1.700000E-2	-1.945500E-4	5.722080E-6	-3.051429E-2
-1.680000E-2	-2.174390E-4	-3.814730E-6	-3.054679E-2
-1.660000E-2	-1.926430E-4	0.000000E+0	-3.060261E-2
-1.640000E-2	-2.040870E-4	3.814730E-6	-3.062131E-2
-1.620000E-2	-2.384200E-4	2.098100E-5	-3.062992E-2
-1.600000E-2	-1.983650E-4	-9.536800E-6	-3.073212E-2
-1.580000E-2	-1.583110E-4	0.000000E+0	-3.071564E-2
-1.560000E-2	-1.525890E-4	-1.144420E-5	-3.070417E-2
-1.540000E-2	-1.277930E-4	7.629450E-6	-3.070037E-2
-1.520000E-2	-1.430520E-4	-9.536800E-6	-3.076480E-2
-1.500000E-2	-1.068120E-4	-1.335150E-5	-3.074305E-2
-1.480000E-2	-4.768390E-5	-2.479560E-5	-3.076111E-2
-1.460000E-2	-5.340600E-5	-3.814730E-6	-3.074833E-2
-1.440000E-2	-1.907360E-6	1.907360E-6	-3.074971E-2
-1.420000E-2	2.479560E-5	1.716630E-5	-3.072684E-2
-1.400000E-2	8.201650E-5	9.536800E-6	-3.067602E-2
-1.380000E-2	1.544960E-4	-9.536800E-6	-3.065445E-2
-1.360000E-2	2.498650E-4	9.536800E-6	-3.057881E-2
-1.340000E-2	3.299730E-4	2.479560E-5	-3.057215E-2
-1.320000E-2	4.425070E-4	-9.536800E-6	-3.043283E-2
-1.300000E-2	5.321540E-4	1.335150E-5	-3.029156E-2
-1.280000E-2	7.019080E-4	-7.629450E-6	-3.024323E-2
-1.260000E-2	8.754770E-4	-3.051780E-5	-2.997135E-2
-1.240000E-2	1.045230E-3	1.907360E-5	-2.978906E-2
-1.220000E-2	1.129160E-3	-1.716630E-5	-2.977267E-2
-1.200000E-2	1.319890E-3	-7.438710E-5	-2.966278E-2
-1.180000E-2	1.632700E-3	-3.814720E-5	-2.902235E-2
-1.160000E-2	1.886380E-3	-3.433250E-5	-2.868186E-2
-1.140000E-2	2.040880E-3	1.335150E-5	-2.845042E-2
-1.120000E-2	2.218260E-3	1.907360E-6	-2.829785E-2
-1.100000E-2	2.441420E-3	-3.814720E-5	-2.803133E-2
-1.080000E-2	2.748500E-3	-4.005460E-5	-2.740025E-2
-1.060000E-2	3.009810E-3	-1.010900E-4	-2.678082E-2
-1.040000E-2	3.347410E-3	-6.866500E-5	-2.617298E-2
-1.020000E-2	3.532420E-3	3.814720E-5	-2.578388E-2
-1.000000E-2	3.715530E-3	-4.768390E-5	-2.545774E-2
-9.800000E-3	4.041700E-3	-7.820180E-5	-2.470029E-2
-9.600000E-3	4.276310E-3	-4.386930E-5	-2.384693E-2
-9.400000E-3	4.509000E-3	-3.814730E-6	-2.341016E-2
-9.200000E-3	4.713090E-3	-4.196190E-5	-2.271880E-2
-9.000000E-3	5.039240E-3	-7.629440E-5	-2.188822E-2
-8.800000E-3	5.357770E-3	-1.449590E-4	-2.081046E-2
-8.600000E-3	5.647690E-3	-1.583110E-4	-1.988202E-2
-8.400000E-3	5.992920E-3	-4.005460E-5	-1.902506E-2
-8.200000E-3	6.156950E-3	-2.479560E-5	-1.802542E-2
-8.000000E-3	6.422070E-3	-1.163490E-4	-1.717114E-2
-7.800000E-3	6.738690E-3	-2.422340E-4	-1.613097E-2
-7.600000E-3	7.034330E-3	-2.689380E-4	-1.455524E-2
-7.400000E-3	7.404360E-3	-6.675770E-5	-1.286825E-2
-7.200000E-3	7.495910E-3	-1.907360E-6	-1.235112E-2
-7.000000E-3	7.793460E-3	-5.531330E-5	-1.181390E-2
-6.800000E-3	8.106290E-3	-2.117170E-4	-9.942311E-3
-6.600000E-3	8.382860E-3	-5.722070E-5	-8.073119E-3
-6.400000E-3	8.504930E-3	1.335150E-5	-6.767905E-3
-6.200000E-3	8.539260E-3	-2.670300E-5	-5.709860E-3
-6.000000E-3	8.649890E-3	-1.335150E-4	-4.242638E-3
-5.800000E-3	8.812010E-3	-2.136240E-4	-2.995275E-3
-5.600000E-3	9.006560E-3	-2.174390E-4	-1.186904E-3
-5.400000E-3	9.054240E-3	2.288830E-5	-5.694221E-5
-5.200000E-3	8.880670E-3	-6.866500E-5	9.513907E-4
-5.000000E-3	8.821550E-3	-1.869210E-4	1.971295E-3
-4.800000E-3	8.842530E-3	-2.250680E-4	3.724579E-3
-4.600000E-3	8.867320E-3	-1.506810E-4	5.531645E-3
-4.400000E-3	8.712830E-3	-8.010910E-5	6.655976E-3
-4.200000E-3	8.398120E-3	-5.149860E-5	8.154210E-3
-4.000000E-3	8.012830E-3	9.536800E-6	9.899908E-3
-3.800000E-3	7.802990E-3	-7.247970E-5	1.074475E-2
-3.600000E-3	7.782010E-3	-1.983650E-4	1.172364E-2
-3.400000E-3	7.524520E-3	-7.247970E-5	1.350488E-2
-3.200000E-3	7.242230E-3	-1.144420E-5	1.480954E-2
-3.000000E-3	6.845500E-3	5.912800E-5	1.541887E-2
-2.800000E-3	6.507900E-3	-1.335150E-4	1.623243E-2
-2.600000E-3	6.305720E-3	-1.716620E-4	1.749191E-2
-2.400000E-3	6.044420E-3	-7.438710E-5	1.843747E-2
-2.200000E-3	5.624800E-3	-4.577660E-5	1.954097E-2
-2.000000E-3	5.382570E-3	3.242520E-5	2.036629E-2
-1.800000E-3	5.069760E-3	-4.196190E-5	2.074926E-2
-1.600000E-3	4.755050E-3	-1.411450E-4	2.165316E-2
-1.400000E-3	4.539520E-3	-1.201630E-4	2.243793E-2
-1.200000E-3	4.198100E-3	-6.866500E-5	2.339840E-2
-1.000000E-3	3.868120E-3	-4.196190E-5	2.420390E-2
-8.000000E-4	3.549590E-3	-1.907360E-5	2.468853E-2
-6.000000E-4	3.217710E-3	-4.005460E-5	2.508558E-2
-4.000000E-4	3.059400E-3	-1.258860E-4	2.560234E-2
-2.000000E-4	2.838150E-3	-1.125340E-4	2.607845E-2
0.000000E+0	2.645510E-3	-3.242520E-5	2.677684E-2
2.000000E-4	2.439510E-3	-1.716630E-5	2.722814E-2
4.000000E-4	2.220170E-3	-1.907360E-6	2.752670E-2
6.000000E-4	2.004640E-3	-5.340600E-5	2.780906E-2
8.000000E-4	1.853950E-3	-4.959130E-5	2.810640E-2
1.000000E-3	1.752860E-3	-7.629450E-6	2.847115E-2
1.200000E-3	1.588830E-3	-5.912800E-5	2.864195E-2
1.400000E-3	1.400000E-3	-5.912800E-5	2.883710E-2
1.600000E-3	1.266490E-3	-7.438710E-5	2.901439E-2
1.800000E-3	1.173030E-3	-7.057240E-5	2.915732E-2
2.000000E-3	1.054770E-3	-3.814720E-5	2.944291E-2
2.200000E-3	9.098090E-4	-5.722080E-6	2.957789E-2
2.400000E-3	7.247960E-4	0.000000E+0	2.979257E-2
2.600000E-3	6.351510E-4	-3.814730E-6	2.984025E-2
2.800000E-3	5.741160E-4	-1.907360E-6	3.004762E-2
3.000000E-3	4.825610E-4	1.144420E-5	3.012176E-2
3.200000E-3	3.833790E-4	-9.536800E-6	3.018935E-2
3.400000E-3	3.414170E-4	-1.907360E-6	3.025193E-2
3.600000E-3	2.765670E-4	-2.098100E-5	3.033155E-2
3.800000E-3	2.117170E-4	-1.525890E-5	3.031544E-2
4.000000E-3	2.040870E-4	-1.907360E-6	3.040172E-2
4.200000E-3	1.678480E-4	7.629450E-6	3.046309E-2
4.400000E-3	9.155320E-5	3.814730E-6	3.044356E-2
4.600000E-3	4.577660E-5	-3.814730E-6	3.052235E-2
4.800000E-3	3.242520E-5	-1.716630E-5	3.051198E-2
5.000000E-3	-1.335150E-5	5.722080E-6	3.054151E-2
5.200000E-3	-3.814720E-5	9.536800E-6	3.053613E-2
5.400000E-3	-6.103560E-5	2.098100E-5	3.051021E-2
5.600000E-3	-6.103560E-5	9.536800E-6	3.053771E-2
5.800000E-3	-7.438710E-5	-5.722080E-6	3.044273E-2
6.000000E-3	-6.675770E-5	2.098100E-5	3.057687E-2
6.200000E-3	-1.049050E-4	1.144420E-5	3.048328E-2
6.400000E-3	-1.106270E-4	-1.907360E-6	3.048078E-2
6.600000E-3	-1.201630E-4	7.629450E-6	3.037432E-2
6.800000E-3	-1.201630E-4	-1.907360E-5	3.043699E-2
7.000000E-3	-1.316080E-4	-1.335150E-5	3.043292E-2
7.200000E-3	-1.392370E-4	-3.814730E-6	3.033358E-2
7.400000E-3	-1.525890E-4	5.722080E-6	3.033766E-2
7.600000E-3	-1.487740E-4	9.536800E-6	3.030961E-2
7.800000E-3	-1.697550E-4	1.525890E-5	3.034562E-2
8.000000E-3	-1.983650E-4	0.000000E+0	3.030572E-2
8.200000E-3	-1.907360E-4	-7.629450E-6	3.025249E-2
8.400000E-3	-1.964580E-4	1.144420E-5	3.022397E-2
8.600000E-3	-1.926430E-4	-9.536800E-6	3.017648E-2
8.800000E-3	-2.059950E-4	0.000000E+0	3.020046E-2
9.000000E-3	-2.346050E-4	1.907360E-6	3.009761E-2
9.200000E-3	-2.765670E-4	0.000000E+0	3.007150E-2
9.400000E-3	-3.280660E-4	-1.335150E-5	3.001050E-2
9.600000E-3	-3.166220E-4	-1.907360E-6	2.991635E-2
9.800000E-3	-3.223440E-4	1.144420E-5	2.996078E-2
1.000000E-2	-3.318810E-4	1.144420E-5	2.981757E-2
1.020000E-2	-3.623980E-4	1.716630E-5	2.980174E-2
1.040000E-2	-4.043600E-4	1.716630E-5	2.977406E-2
1.060000E-2	-4.329700E-4	-7.629450E-6	2.967472E-2
1.080000E-2	-4.711170E-4	-1.716630E-5	2.960862E-2
1.100000E-2	-4.863760E-4	1.907360E-5	2.950633E-2
1.120000E-2	-5.359690E-4	1.716630E-5	2.947162E-2
1.140000E-2	-5.893740E-4	3.051780E-5	2.935127E-2
1.160000E-2	-6.256140E-4	5.722080E-6	2.919426E-2
1.180000E-2	-6.485020E-4	1.144420E-5	2.914881E-2
1.200000E-2	-6.599460E-4	3.433250E-5	2.912177E-2
1.220000E-2	-7.000010E-4	2.670300E-5	2.899401E-2
1.240000E-2	-7.400550E-4	1.335150E-5	2.877860E-2
1.260000E-2	-7.743870E-4	-5.722080E-6	2.866472E-2
1.280000E-2	-7.934610E-4	0.000000E+0	2.857150E-2
1.300000E-2	-7.801090E-4	1.716630E-5	2.853845E-2
1.320000E-2	-7.972750E-4	1.335150E-5	2.840209E-2
1.340000E-2	-8.392370E-4	4.005460E-5	2.819621E-2
1.360000E-2	-8.411440E-4	-7.629450E-6	2.806151E-2
1.380000E-2	-8.220710E-4	-7.629450E-6	2.796764E-2
1.400000E-2	-7.896460E-4	1.907360E-6	2.785673E-2
1.420000E-2	-7.400550E-4	7.629450E-6	2.773759E-2
1.440000E-2	-7.782020E-4	-7.629450E-6	2.759364E-2
1.460000E-2	-7.171670E-4	-1.335150E-5	2.753670E-2
1.480000E-2	-6.485020E-4	2.288830E-5	2.742089E-2
1.500000E-2	-5.989110E-4	-7.629450E-6	2.733220E-2
1.520000E-2	-5.264320E-4	5.722080E-6	2.728720E-2
1.540000E-2	-4.673020E-4	1.144420E-5	2.720361E-2
1.560000E-2	-4.043600E-4	3.814730E-6	2.713890E-2
1.580000E-2	-3.223440E-4	1.144420E-5	2.710150E-2
1.600000E-2	-2.517720E-4	3.433250E-5	2.705105E-2
1.620000E-2	-1.373300E-4	3.242520E-5	2.701865E-2
1.640000E-2	-1.525890E-5	9.536800E-6	2.704059E-2
1.660000E-2	3.433250E-5	-1.335150E-5	2.697690E-2
1.680000E-2	1.373300E-4	-2.479560E-5	2.703299E-2
1.700000E-2	2.918260E-4	-2.479560E-5	2.707586E-2
1.720000E-2	3.509540E-4	5.722080E-6	2.717667E-2
1.740000E-2	4.844680E-4	2.098100E-5	2.724601E-2
1.760000E-2	5.722080E-4	-1.335150E-5	2.715779E-2
1.780000E-2	7.095370E-4	-2.670300E-5	2.738701E-2
1.800000E-2	7.953680E-4	-3.051780E-5	2.746412E-2
1.820000E-2	9.765700E-4	-6.485030E-5	2.770703E-2
1.840000E-2	1.079570E-3	-1.907360E-6	2.786608E-2
1.860000E-2	1.134880E-3	-1.335150E-5	2.796578E-2
1.880000E-2	1.331340E-3	-1.335150E-5	2.832553E-2
1.900000E-2	1.503000E-3	0.000000E+0	2.857650E-2
1.920000E-2	1.642230E-3	4.386930E-5	2.870176E-2
1.940000E-2	1.728070E-3	5.722080E-6	2.896838E-2
1.960000E-2	1.798640E-3	-2.861030E-5	2.920213E-2
1.980000E-2	1.997010E-3	-3.623990E-5	2.969851E-2
2.000000E-2	2.067580E-3	-9.346050E-5	2.980646E-2
2.020000E-2	2.216350E-3	-1.335150E-5	3.021120E-2
2.040000E-2	2.298370E-3	-2.861030E-5	3.052133E-2
2.060000E-2	2.447140E-3	-6.866500E-5	3.093042E-2
2.080000E-2	2.632160E-3	-1.068120E-4	3.143893E-2
2.100000E-2	2.729430E-3	-8.010910E-5	3.168398E-2
2.120000E-2	2.897280E-3	-6.103560E-5	3.241560E-2
2.140000E-2	3.009810E-3	1.907360E-6	3.286533E-2
2.160000E-2	3.025070E-3	-5.340600E-5	3.304715E-2
2.180000E-2	3.170030E-3	-1.354230E-4	3.351447E-2
2.200000E-2	3.404630E-3	-1.640330E-4	3.418278E-2
2.220000E-2	3.614440E-3	-4.005460E-5	3.469582E-2
2.240000E-2	3.759400E-3	1.144420E-5	3.572285E-2
2.260000E-2	3.799450E-3	-5.722080E-6	3.585033E-2
2.280000E-2	4.026440E-3	-9.155320E-5	3.658704E-2
2.300000E-2	4.198100E-3	-9.346050E-5	3.758584E-2
2.320000E-2	4.327800E-3	-3.051780E-5	3.814749E-2
2.340000E-2	4.436520E-3	-6.485030E-5	3.864406E-2
2.360000E-2	4.581480E-3	-1.125340E-4	3.943104E-2
2.380000E-2	4.705460E-3	-1.335150E-4	4.007204E-2
2.400000E-2	4.911450E-3	-1.201630E-4	4.108036E-2
2.420000E-2	5.044970E-3	8.964590E-5	4.180032E-2
2.440000E-2	5.138430E-3	2.288830E-5	4.215489E-2
2.460000E-2	5.315810E-3	-3.814730E-6	4.333587E-2
2.480000E-2	5.493190E-3	-6.675770E-5	4.395224E-2
2.500000E-2	5.624800E-3	-1.564040E-4	4.492141E-2
2.520000E-2	5.882290E-3	-4.386930E-5	4.575153E-2
2.540000E-2	6.065400E-3	-3.814720E-5	4.641020E-2
2.560000E-2	6.025340E-3	4.005460E-5	4.722089E-2
2.580000E-2	6.174120E-3	-6.294300E-5	4.768950E-2
2.600000E-2	6.456400E-3	-2.021800E-4	4.914951E-2
2.620000E-2	6.773020E-3	-1.411450E-4	5.021431E-2
2.640000E-2	6.980930E-3	4.386930E-5	5.147824E-2
2.660000E-2	7.022890E-3	3.814730E-6	5.232817E-2
2.680000E-2	7.131610E-3	-6.866500E-5	5.315237E-2
2.700000E-2	7.326160E-3	-1.716620E-4	5.426910E-2
2.720000E-2	7.648500E-3	-1.792920E-4	5.608469E-2
2.740000E-2	8.005200E-3	-5.340600E-5	5.716755E-2
2.760000E-2	8.100570E-3	1.335150E-5	5.833372E-2
2.780000E-2	8.243620E-3	-1.773840E-4	5.927002E-2
2.800000E-2	8.510650E-3	-2.117170E-4	6.108228E-2
2.820000E-2	8.943620E-3	-1.068120E-4	6.278316E-2
2.840000E-2	8.979860E-3	1.335150E-5	6.365929E-2
2.860000E-2	9.056150E-3	-1.144420E-5	6.439768E-2
2.880000E-2	9.393750E-3	-1.640330E-4	6.646664E-2
2.900000E-2	9.796200E-3	-1.850140E-4	6.814707E-2
2.920000E-2	1.012240E-2	-2.098100E-5	6.960373E-2
2.940000E-2	1.017960E-2	7.629440E-5	7.067669E-2
2.960000E-2	1.032450E-2	-7.820180E-5	7.183072E-2
2.980000E-2	1.085290E-2	-3.223440E-4	7.479387E-2
3.000000E-2	1.122290E-2	-1.983650E-4	7.664353E-2
3.020000E-2	1.157390E-2	-4.959130E-5	7.956261E-2
3.040000E-2	1.151090E-2	7.629440E-5	8.041171E-2
3.060000E-2	1.165010E-2	-8.773850E-5	8.125184E-2
3.080000E-2	1.198390E-2	-3.795640E-4	8.361778E-2
3.100000E-2	1.242830E-2	-2.422340E-4	8.608787E-2
3.120000E-2	1.264770E-2	8.392380E-5	8.771766E-2
3.140000E-2	1.273160E-2	5.149860E-5	8.968044E-2
3.160000E-2	1.297190E-2	-2.059950E-4	9.083255E-2
3.180000E-2	1.354410E-2	-3.700270E-4	9.328930E-2
3.200000E-2	1.386080E-2	-2.250680E-4	9.644399E-2
3.220000E-2	1.389320E-2	2.098100E-5	9.908332E-2
3.240000E-2	1.396760E-2	-1.678480E-4	1.003123E-1
3.260000E-2	1.450740E-2	-3.509540E-4	1.038297E-1
3.280000E-2	1.496320E-2	-1.392370E-4	1.070247E-1
3.300000E-2	1.520930E-2	1.068120E-4	1.100683E-1
3.320000E-2	1.504520E-2	-1.373300E-4	1.107502E-1
3.340000E-2	1.524930E-2	-2.956410E-4	1.130096E-1
3.360000E-2	1.571090E-2	-3.910080E-4	1.156117E-1
3.380000E-2	1.593030E-2	-8.964590E-5	1.177176E-1
3.400000E-2	1.597610E-2	-9.155320E-5	1.199963E-1
3.420000E-2	1.600660E-2	5.149860E-5	1.226875E-1
3.440000E-2	1.598560E-2	-3.242520E-5	1.250602E-1
3.460000E-2	1.617830E-2	-2.174390E-4	1.266374E-1
3.480000E-2	1.651590E-2	-4.596730E-4	1.299368E-1
3.500000E-2	1.693170E-2	-3.662130E-4	1.323853E-1
3.520000E-2	1.705560E-2	-7.629440E-5	1.367412E-1
3.540000E-2	1.701750E-2	8.010910E-5	1.383711E-1
3.560000E-2	1.700600E-2	-2.384200E-4	1.408594E-1
3.580000E-2	1.736270E-2	-5.035440E-4	1.449896E-1
3.600000E-2	1.769270E-2	-7.247970E-5	1.485508E-1
3.620000E-2	1.737990E-2	9.155320E-5	1.507968E-1
3.640000E-2	1.719490E-2	-1.201630E-4	1.518522E-1
3.660000E-2	1.746950E-2	-3.566760E-4	1.544857E-1
3.680000E-2	1.776520E-2	-4.386920E-4	1.585539E-1
3.700000E-2	1.791010E-2	-1.201630E-4	1.623650E-1
3.720000E-2	1.780140E-2	1.144420E-5	1.651327E-1
3.740000E-2	1.758590E-2	-1.640330E-4	1.663721E-1
3.760000E-2	1.792350E-2	-4.444140E-4	1.691861E-1
3.780000E-2	1.816000E-2	-2.288830E-4	1.731072E-1
3.800000E-2	1.802270E-2	5.340600E-5	1.745391E-1
3.820000E-2	1.777850E-2	4.386930E-5	1.779181E-1
3.840000E-2	1.745430E-2	-1.602180E-4	1.809365E-1
3.860000E-2	1.758020E-2	-4.100820E-4	1.829900E-1
3.880000E-2	1.794060E-2	-5.550420E-4	1.860897E-1
3.900000E-2	1.812370E-2	-1.354230E-4	1.893550E-1
3.920000E-2	1.758210E-2	-4.768390E-5	1.912143E-1
3.940000E-2	1.741420E-2	-2.651230E-4	1.939394E-1
3.960000E-2	1.779760E-2	-4.081740E-4	1.978698E-1
3.980000E-2	1.772320E-2	-1.220710E-4	2.013265E-1
4.000000E-2	1.747910E-2	6.485030E-5	2.027094E-1
4.020000E-2	1.726160E-2	-1.411450E-4	2.042006E-1
4.040000E-2	1.736080E-2	-3.242510E-4	2.068285E-1
4.060000E-2	1.744090E-2	-2.288830E-4	2.110587E-1
4.080000E-2	1.754770E-2	4.196190E-5	2.130964E-1
4.100000E-2	1.738940E-2	1.354230E-4	2.159094E-1
4.120000E-2	1.703270E-2	-5.722080E-6	2.185465E-1
4.140000E-2	1.687440E-2	-3.280660E-4	2.209932E-1
4.160000E-2	1.715100E-2	-2.498650E-4	2.248682E-1
4.180000E-2	1.712430E-2	-1.544960E-4	2.289760E-1
4.200000E-2	1.683060E-2	-1.144420E-5	2.306652E-1
4.220000E-2	1.662270E-2	-1.125340E-4	2.325420E-1
4.240000E-2	1.661310E-2	-2.899190E-4	2.357092E-1
4.260000E-2	1.671040E-2	-2.307900E-4	2.387303E-1
4.280000E-2	1.656730E-2	7.247970E-5	2.418348E-1
4.300000E-2	1.637280E-2	1.087190E-4	2.433360E-1
4.320000E-2	1.612480E-2	-1.049050E-4	2.444895E-1
4.340000E-2	1.613060E-2	-3.376030E-4	2.472119E-1
4.360000E-2	1.630410E-2	-3.166220E-4	2.507713E-1
4.380000E-2	1.620500E-2	-1.525890E-5	2.532595E-1
4.400000E-2	1.580820E-2	1.449590E-4	2.561455E-1
4.420000E-2	1.569760E-2	-1.926430E-4	2.581094E-1
4.440000E-2	1.581970E-2	-3.833790E-4	2.614792E-1
4.460000E-2	1.581010E-2	-1.964580E-4	2.649619E-1
4.480000E-2	1.585780E-2	1.144420E-5	2.674891E-1
4.500000E-2	1.531420E-2	2.479560E-5	2.693270E-1
4.520000E-2	1.523980E-2	-2.326970E-4	2.723231E-1
4.540000E-2	1.531030E-2	-2.861040E-4	2.754349E-1
4.560000E-2	1.538470E-2	-1.983650E-4	2.790304E-1
4.580000E-2	1.535800E-2	4.196190E-5	2.813161E-1
4.600000E-2	1.495940E-2	-1.392370E-4	2.820321E-1
4.620000E-2	1.484110E-2	-3.738420E-4	2.845601E-1
4.640000E-2	1.498040E-2	-3.833790E-4	2.874119E-1
4.660000E-2	1.493460E-2	-2.174390E-4	2.904755E-1
4.680000E-2	1.479350E-2	1.716630E-5	2.939351E-1
4.700000E-2	1.444630E-2	9.536800E-6	2.957704E-1
4.720000E-2	1.431280E-2	-1.468670E-4	2.973383E-1
4.740000E-2	1.427270E-2	-3.452320E-4	3.000115E-1
4.760000E-2	1.449210E-2	-3.376030E-4	3.034590E-1
4.780000E-2	1.450930E-2	-1.335150E-4	3.056920E-1
4.800000E-2	1.443110E-2	9.536800E-6	3.084041E-1
4.820000E-2	1.410110E-2	7.629450E-6	3.101404E-1
4.840000E-2	1.378070E-2	-9.155320E-5	3.125649E-1
4.860000E-2	1.391610E-2	-3.604910E-4	3.151873E-1
4.880000E-2	1.409540E-2	-2.880120E-4	3.181121E-1
4.900000E-2	1.403050E-2	-8.201650E-5	3.206069E-1
4.920000E-2	1.367770E-2	-5.340600E-5	3.219454E-1
4.940000E-2	1.344500E-2	-2.079020E-4	3.240526E-1
4.960000E-2	1.383980E-2	-2.193460E-4	3.265168E-1
4.980000E-2	1.377490E-2	-2.670300E-5	3.296859E-1
5.000000E-2	1.346590E-2	7.820180E-5	3.313981E-1
5.020000E-2	1.322560E-2	2.288830E-5	3.328939E-1
5.040000E-2	1.324280E-2	-2.117170E-4	3.346274E-1
5.060000E-2	1.326760E-2	-3.471390E-4	3.373182E-1
5.080000E-2	1.341630E-2	-2.117170E-4	3.398287E-1
5.100000E-2	1.335720E-2	1.907360E-6	3.419710E-1
5.120000E-2	1.308070E-2	1.144420E-5	3.433789E-1
5.140000E-2	1.318940E-2	-2.784750E-4	3.448348E-1
5.160000E-2	1.328090E-2	-1.735700E-4	3.483453E-1
5.180000E-2	1.307110E-2	5.722080E-6	3.509224E-1
5.200000E-2	1.282510E-2	-1.602180E-4	3.524607E-1
5.220000E-2	1.278120E-2	-2.784750E-4	3.535642E-1
5.240000E-2	1.293380E-2	-1.544960E-4	3.558574E-1
5.260000E-2	1.277740E-2	2.479560E-5	3.580533E-1
5.280000E-2	1.249510E-2	-9.918260E-5	3.595084E-1
5.300000E-2	1.258090E-2	-2.136240E-4	3.609653E-1
5.320000E-2	1.280030E-2	-2.002730E-4	3.634027E-1
5.340000E-2	1.274690E-2	0.000000E+0	3.656005E-1
5.360000E-2	1.243410E-2	-7.247970E-5	3.671231E-1
5.380000E-2	1.230820E-2	-2.784750E-4	3.690554E-1
5.400000E-2	1.237110E-2	-3.051780E-4	3.714688E-1
5.420000E-2	1.247600E-2	-2.117170E-4	3.742401E-1
5.440000E-2	1.237680E-2	2.479560E-5	3.766183E-1
5.460000E-2	1.226620E-2	9.536800E-6	3.777440E-1
5.480000E-2	1.195720E-2	-1.602180E-4	3.796339E-1
5.500000E-2	1.208880E-2	-3.662130E-4	3.816513E-1
5.520000E-2	1.223760E-2	-2.880120E-4	3.841405E-1
5.540000E-2	1.226240E-2	-2.098100E-5	3.865557E-1
5.560000E-2	1.194390E-2	-8.964590E-5	3.872041E-1
5.580000E-2	1.185040E-2	-2.861040E-4	3.887388E-1
5.600000E-2	1.215370E-2	-2.555870E-4	3.915619E-1
5.620000E-2	1.212510E-2	-1.716630E-5	3.941011E-1
5.640000E-2	1.181230E-2	8.392380E-5	3.957217E-1
5.660000E-2	1.171120E-2	-1.926430E-4	3.970121E-1
5.680000E-2	1.195910E-2	-2.460500E-4	3.994763E-1
5.700000E-2	1.200490E-2	-9.155320E-5	4.026695E-1
5.720000E-2	1.177790E-2	4.768390E-5	4.039034E-1
5.740000E-2	1.150140E-2	-5.149860E-5	4.051754E-1
5.760000E-2	1.164060E-2	-2.784750E-4	4.063520E-1
5.780000E-2	1.183520E-2	-2.384200E-4	4.086885E-1
5.800000E-2	1.176840E-2	-7.247970E-5	4.108031E-1
5.820000E-2	1.153380E-2	-1.907360E-5	4.122332E-1
5.840000E-2	1.145940E-2	-2.517720E-4	4.134375E-1
5.860000E-2	1.152620E-2	-2.880120E-4	4.159721E-1
5.880000E-2	1.161770E-2	-7.820180E-5	4.187869E-1
5.900000E-2	1.157960E-2	1.029970E-4	4.207497E-1
5.920000E-2	1.133350E-2	-1.029970E-4	4.217238E-1
5.940000E-2	1.154520E-2	-3.242510E-4	4.243184E-1
5.960000E-2	1.156430E-2	-1.182560E-4	4.265052E-1
5.980000E-2	1.144610E-2	-3.814730E-6	4.279630E-1
6.000000E-2	1.121150E-2	-1.144410E-4	4.291628E-1
6.020000E-2	1.123630E-2	-2.765670E-4	4.307112E-1
6.040000E-2	1.139460E-2	-1.487740E-4	4.326057E-1
6.060000E-2	1.145180E-2	-1.468670E-4	4.350532E-1
6.080000E-2	1.136980E-2	2.670300E-5	4.369264E-1
6.100000E-2	1.115800E-2	-4.005460E-5	4.378533E-1
6.120000E-2	1.106080E-2	-1.106270E-4	4.392796E-1
6.140000E-2	1.112370E-2	-2.861040E-4	4.409030E-1
6.160000E-2	1.122100E-2	-1.506810E-4	4.434820E-1
6.180000E-2	1.116950E-2	2.861030E-5	4.456706E-1
6.200000E-2	1.103030E-2	-1.773840E-4	4.460590E-1
6.220000E-2	1.106460E-2	-3.185290E-4	4.484817E-1
6.240000E-2	1.121150E-2	-1.506810E-4	4.503816E-1
6.260000E-2	1.112940E-2	-1.525890E-5	4.520531E-1
6.280000E-2	1.089290E-2	9.536800E-6	4.538707E-1
6.300000E-2	1.083950E-2	-1.716620E-4	4.553129E-1
6.320000E-2	1.109700E-2	-3.261580E-4	4.576152E-1
6.340000E-2	1.112560E-2	-2.670300E-5	4.598122E-1
6.360000E-2	1.093300E-2	7.438710E-5	4.613440E-1
6.380000E-2	1.076510E-2	-7.438710E-5	4.624752E-1
6.400000E-2	1.083000E-2	-2.517720E-4	4.637786E-1
6.420000E-2	1.100550E-2	-2.155310E-4	4.658441E-1
6.440000E-2	1.100930E-2	1.525890E-5	4.672169E-1
6.460000E-2	1.079370E-2	-3.433250E-5	4.688013E-1
6.480000E-2	1.071940E-2	-2.460500E-4	4.705848E-1
6.500000E-2	1.086240E-2	-2.498650E-4	4.730019E-1
6.520000E-2	1.086430E-2	-5.722080E-6	4.749971E-1
6.540000E-2	1.069840E-2	0.000000E+0	4.756400E-1
6.560000E-2	1.076130E-2	-2.536790E-4	4.772024E-1
6.580000E-2	1.089290E-2	-2.117170E-4	4.794048E-1
6.600000E-2	1.081280E-2	5.149860E-5	4.814269E-1
6.620000E-2	1.055720E-2	-1.907360E-6	4.821650E-1
6.640000E-2	1.063350E-2	-3.051780E-4	4.844008E-1
6.660000E-2	1.083000E-2	-1.220710E-4	4.872933E-1
6.680000E-2	1.068310E-2	1.144420E-5	4.884745E-1
6.700000E-2	1.064500E-2	-1.811990E-4	4.893468E-1
6.720000E-2	1.079370E-2	-1.773840E-4	4.918305E-1
6.740000E-2	1.084720E-2	-9.346050E-5	4.941051E-1
6.760000E-2	1.066790E-2	3.433250E-5	4.963723E-1
6.780000E-2	1.042940E-2	-5.722070E-5	4.979032E-1
6.800000E-2	1.048480E-2	-2.613090E-4	4.997154E-1
6.820000E-2	1.078610E-2	-1.888280E-4	5.022711E-1
6.840000E-2	1.074800E-2	-1.144420E-5	5.030426E-1
6.860000E-2	1.052480E-2	-8.773850E-5	5.042063E-1
6.880000E-2	1.048860E-2	-2.174390E-4	5.051230E-1
6.900000E-2	1.056300E-2	-3.261580E-4	5.070433E-1
6.920000E-2	1.068310E-2	-2.117170E-4	5.099284E-1
6.940000E-2	1.062590E-2	-1.335150E-5	5.112188E-1
6.960000E-2	1.044470E-2	1.144420E-5	5.122696E-1
6.980000E-2	1.033030E-2	-1.239790E-4	5.134712E-1
7.000000E-2	1.062780E-2	-2.441420E-4	5.158929E-1
7.020000E-2	1.065450E-2	-2.479560E-5	5.179232E-1
7.040000E-2	1.037410E-2	2.479560E-5	5.189834E-1
7.060000E-2	1.034740E-2	-9.918260E-5	5.204366E-1
7.080000E-2	1.041990E-2	-2.346050E-4	5.219193E-1
7.100000E-2	1.057820E-2	-3.490470E-4	5.238979E-1
7.120000E-2	1.062590E-2	-1.811990E-4	5.252558E-1
7.140000E-2	1.047520E-2	5.722070E-5	5.264584E-1
7.160000E-2	1.031500E-2	-8.773850E-5	5.274991E-1
7.180000E-2	1.033220E-2	-2.059950E-4	5.289272E-1
7.200000E-2	1.053050E-2	-2.784750E-4	5.310751E-1
7.220000E-2	1.063730E-2	-9.346050E-5	5.326708E-1
7.240000E-2	1.029590E-2	-1.716630E-5	5.338585E-1
7.260000E-2	1.024250E-2	-1.201630E-4	5.354523E-1
7.280000E-2	1.036840E-2	-2.784750E-4	5.375881E-1
7.300000E-2	1.045810E-2	-2.155310E-4	5.391320E-1
7.320000E-2	1.051150E-2	-3.814720E-5	5.414436E-1
7.340000E-2	1.028260E-2	1.010900E-4	5.428634E-1
7.360000E-2	1.019480E-2	-4.005460E-5	5.440271E-1
7.380000E-2	1.021390E-2	-2.594010E-4	5.462657E-1
7.400000E-2	1.034550E-2	-3.051780E-4	5.478067E-1
7.420000E-2	1.046760E-2	-1.811990E-4	5.496660E-1
7.440000E-2	1.045810E-2	2.288830E-5	5.516206E-1
7.460000E-2	1.025780E-2	1.335150E-5	5.527269E-1
7.480000E-2	1.019290E-2	-2.231610E-4	5.544696E-1
7.500000E-2	1.031120E-2	-2.651230E-4	5.562114E-1
7.520000E-2	1.046570E-2	-1.697550E-4	5.585313E-1
7.540000E-2	1.035120E-2	0.000000E+0	5.598421E-1
7.560000E-2	1.016430E-2	-1.182560E-4	5.607024E-1
7.580000E-2	1.025780E-2	-2.994560E-4	5.631888E-1
7.600000E-2	1.037790E-2	-9.727520E-5	5.654679E-1
7.620000E-2	1.021200E-2	3.814720E-5	5.672329E-1
7.640000E-2	1.004030E-2	-4.196190E-5	5.685049E-1
7.660000E-2	1.009370E-2	-2.136240E-4	5.696111E-1
7.680000E-2	1.029970E-2	-1.754770E-4	5.714529E-1
7.700000E-2	1.040080E-2	-1.392370E-4	5.727886E-1
7.720000E-2	1.026730E-2	2.288830E-5	5.739772E-1
7.740000E-2	1.020250E-2	4.196190E-5	5.752648E-1
7.760000E-2	9.994570E-3	-7.820180E-5	5.764877E-1
7.780000E-2	1.008040E-2	-1.258860E-4	5.782369E-1
7.800000E-2	1.017960E-2	-2.517720E-4	5.796254E-1
7.820000E-2	1.033410E-2	-1.888280E-4	5.822542E-1
7.840000E-2	1.025400E-2	-2.670300E-5	5.842782E-1
7.860000E-2	1.006130E-2	1.907360E-6	5.850912E-1
7.880000E-2	9.973590E-3	-8.964590E-5	5.859099E-1
7.900000E-2	1.011280E-2	-2.384200E-4	5.877460E-1
7.920000E-2	1.030740E-2	-1.869210E-4	5.903065E-1
7.940000E-2	1.024440E-2	-1.144420E-5	5.920863E-1
7.960000E-2	1.007090E-2	6.103560E-5	5.929927E-1
7.980000E-2	9.948790E-3	-9.346050E-5	5.941360E-1
8.000000E-2	1.005750E-2	-2.040870E-4	5.964134E-1
8.020000E-2	1.014140E-2	-2.040870E-4	5.976705E-1
8.040000E-2	1.017960E-2	-1.583110E-4	5.996324E-1
8.060000E-2	1.020440E-2	3.433250E-5	6.016952E-1
8.080000E-2	9.958330E-3	7.057240E-5	6.026276E-1
8.100000E-2	9.941160E-3	-1.068120E-4	6.036859E-1
8.120000E-2	1.011850E-2	-3.433250E-4	6.057699E-1
8.140000E-2	1.017960E-2	-1.201630E-4	6.077976E-1
8.160000E-2	1.022540E-2	-1.144420E-5	6.090703E-1
8.180000E-2	9.994570E-3	4.196190E-5	6.104866E-1
8.200000E-2	9.822910E-3	-2.670300E-5	6.112497E-1
8.220000E-2	9.811460E-3	-2.002730E-4	6.127019E-1
8.240000E-2	1.004800E-2	-1.983650E-4	6.143467E-1
8.260000E-2	1.001750E-2	-1.907360E-5	6.159876E-1
8.280000E-2	9.859140E-3	-2.861030E-5	6.171485E-1
8.300000E-2	9.756150E-3	-3.242520E-5	6.188154E-1
8.320000E-2	9.862960E-3	-2.594010E-4	6.203158E-1
8.340000E-2	1.008800E-2	-2.918260E-4	6.223230E-1
8.360000E-2	1.009180E-2	-2.002730E-4	6.244107E-1
8.380000E-2	9.904920E-3	5.912800E-5	6.257114E-1
8.400000E-2	9.832440E-3	-1.621260E-4	6.273671E-1
8.420000E-2	9.851520E-3	-3.051780E-4	6.289396E-1
8.440000E-2	1.004800E-2	-1.564040E-4	6.311966E-1
8.460000E-2	9.967860E-3	-1.525890E-5	6.325990E-1
8.480000E-2	9.800020E-3	-4.005460E-5	6.335073E-1
8.500000E-2	9.691300E-3	-1.735700E-4	6.344490E-1
8.520000E-2	9.840070E-3	-2.098090E-4	6.360918E-1
8.540000E-2	9.965960E-3	-1.163490E-4	6.384765E-1
8.560000E-2	9.882030E-3	1.907360E-5	6.396929E-1
8.580000E-2	9.729440E-3	2.479560E-5	6.410508E-1
8.600000E-2	9.643610E-3	-1.068120E-4	6.429508E-1
8.620000E-2	9.729440E-3	-2.574940E-4	6.448193E-1
8.640000E-2	9.935440E-3	-1.449590E-4	6.468811E-1
8.660000E-2	9.759960E-3	-3.051780E-5	6.476767E-1
8.680000E-2	9.651240E-3	-1.907360E-5	6.488181E-1
8.700000E-2	9.683670E-3	-2.384200E-4	6.503083E-1
8.720000E-2	9.878220E-3	-8.392380E-5	6.523887E-1
8.740000E-2	9.756150E-3	-8.583120E-5	6.533710E-1
8.760000E-2	9.571140E-3	-1.449590E-4	6.541480E-1
8.780000E-2	9.706560E-3	-2.765670E-4	6.559268E-1
8.800000E-2	9.794290E-3	-2.517720E-4	6.576936E-1
8.820000E-2	9.780940E-3	-1.392370E-4	6.595390E-1
8.840000E-2	9.750430E-3	2.861030E-5	6.608146E-1
8.860000E-2	9.519640E-3	-5.149860E-5	6.621559E-1
8.880000E-2	9.557780E-3	-2.498650E-4	6.636979E-1
8.900000E-2	9.729440E-3	-2.536790E-4	6.652649E-1
8.920000E-2	9.742800E-3	-4.005460E-5	6.668041E-1
8.940000E-2	9.649340E-3	3.623990E-5	6.679816E-1
8.960000E-2	9.454790E-3	-3.433250E-5	6.688632E-1
8.980000E-2	9.458600E-3	-2.384200E-4	6.705190E-1
9.000000E-2	9.649340E-3	-1.907360E-4	6.730073E-1
9.020000E-2	9.626450E-3	3.814730E-6	6.749849E-1
9.040000E-2	9.439530E-3	4.386930E-5	6.759432E-1
9.060000E-2	9.361330E-3	-1.163490E-4	6.770458E-1
9.080000E-2	9.470050E-3	-2.841970E-4	6.789485E-1
9.100000E-2	9.578760E-3	-1.087190E-4	6.809818E-1
9.120000E-2	9.492930E-3	-5.722070E-5	6.823212E-1
9.140000E-2	9.363230E-3	4.577660E-5	6.837883E-1
9.160000E-2	9.313640E-3	-1.316080E-4	6.853645E-1
9.180000E-2	9.321270E-3	-3.051780E-4	6.867076E-1
9.200000E-2	9.500560E-3	-1.544960E-4	6.889230E-1
9.220000E-2	9.401380E-3	4.196190E-5	6.902005E-1
9.240000E-2	9.241160E-3	1.525890E-5	6.917619E-1
9.260000E-2	9.117190E-3	-2.326970E-4	6.928570E-1
9.280000E-2	9.258330E-3	-2.517720E-4	6.943722E-1
9.300000E-2	9.412830E-3	-1.640330E-4	6.970104E-1
9.320000E-2	9.353700E-3	-3.051780E-5	6.983220E-1
9.340000E-2	9.214460E-3	9.346050E-5	6.992701E-1
9.360000E-2	9.040890E-3	-2.479560E-5	7.005384E-1
9.380000E-2	9.096210E-3	-2.212530E-4	7.016623E-1
9.400000E-2	9.237350E-3	-2.899190E-4	7.036770E-1
9.420000E-2	9.185850E-3	-2.670300E-5	7.046039E-1
9.440000E-2	9.162960E-3	4.196190E-5	7.057583E-1
9.460000E-2	8.974130E-3	-9.346050E-5	7.067452E-1
9.480000E-2	9.071410E-3	-2.594010E-4	7.083473E-1
9.500000E-2	9.155330E-3	-2.174390E-4	7.101521E-1
9.520000E-2	9.265960E-3	-1.239790E-4	7.117459E-1
9.540000E-2	9.140070E-3	1.716630E-5	7.132379E-1
9.560000E-2	8.977950E-3	4.196190E-5	7.141444E-1
9.580000E-2	8.911190E-3	-1.087190E-4	7.154977E-1
9.600000E-2	9.019910E-3	-2.079020E-4	7.171035E-1
9.620000E-2	9.096210E-3	-1.468670E-4	7.195123E-1
9.640000E-2	9.155330E-3	2.861030E-5	7.212661E-1
9.660000E-2	8.913100E-3	-1.335150E-5	7.218156E-1
9.680000E-2	8.834900E-3	-1.392370E-4	7.228118E-1
9.700000E-2	8.844440E-3	-2.250680E-4	7.242650E-1
9.720000E-2	9.025630E-3	-2.574940E-4	7.257080E-1
9.740000E-2	9.018000E-3	-3.814730E-6	7.275552E-1
9.760000E-2	8.888300E-3	2.098100E-5	7.287115E-1
9.780000E-2	8.794840E-3	-1.792920E-4	7.296966E-1
9.800000E-2	8.783400E-3	-2.517720E-4	7.323209E-1
9.820000E-2	9.002750E-3	-1.869210E-4	7.342358E-1
9.840000E-2	9.010370E-3	-3.433250E-5	7.355464E-1
9.860000E-2	8.817730E-3	4.005460E-5	7.362605E-1
9.880000E-2	8.674680E-3	-3.814720E-5	7.372234E-1
9.900000E-2	8.773860E-3	-2.040870E-4	7.385860E-1
9.920000E-2	8.897840E-3	-2.441420E-4	7.402260E-1
9.940000E-2	8.974130E-3	-1.068120E-4	7.418874E-1
9.960000E-2	8.855880E-3	3.623990E-5	7.433064E-1
9.980000E-2	8.766230E-3	3.433250E-5	7.444210E-1
1.000000E-1	8.657520E-3	-7.247970E-5	7.455015E-1
1.002000E-1	8.638440E-3	-1.602180E-4	7.471618E-1
1.004000E-1	8.844440E-3	-1.506810E-4	7.493476E-1
1.006000E-1	8.726180E-3	-6.294300E-5	7.505260E-1
1.008000E-1	8.634630E-3	-7.820180E-5	7.514955E-1
1.010000E-1	8.590760E-3	-2.002730E-4	7.524057E-1
1.012000E-1	8.762420E-3	-2.651230E-4	7.547117E-1
1.014000E-1	8.871140E-3	-1.983650E-4	7.563148E-1
1.016000E-1	8.762420E-3	1.907360E-5	7.577051E-1
1.018000E-1	8.550700E-3	5.722080E-6	7.585570E-1
1.020000E-1	8.529720E-3	-1.735700E-4	7.597309E-1
1.022000E-1	8.688030E-3	-2.174390E-4	7.616401E-1
1.024000E-1	8.752880E-3	-1.773840E-4	7.636724E-1
1.026000E-1	8.827270E-3	-8.773850E-5	7.648629E-1
1.028000E-1	8.733810E-3	2.479560E-5	7.661246E-1
1.030000E-1	8.516370E-3	-5.912800E-5	7.669515E-1
1.032000E-1	8.567870E-3	-2.002730E-4	7.687923E-1
1.034000E-1	8.781490E-3	-1.983650E-4	7.708708E-1
1.036000E-1	8.777680E-3	-1.907360E-6	7.723943E-1
1.038000E-1	8.571680E-3	-1.907360E-6	7.731232E-1
1.040000E-1	8.607920E-3	-2.136240E-4	7.745542E-1
1.042000E-1	8.766230E-3	-1.106270E-4	7.766355E-1
1.044000E-1	8.699480E-3	2.861030E-5	7.779259E-1
1.046000E-1	8.552610E-3	-2.670300E-5	7.787676E-1
1.048000E-1	8.485850E-3	-1.068120E-4	7.802273E-1
1.050000E-1	8.552610E-3	-2.632160E-4	7.816528E-1
1.052000E-1	8.634630E-3	-2.098090E-4	7.830569E-1
1.054000E-1	8.750980E-3	-6.866500E-5	7.844953E-1
1.056000E-1	8.575500E-3	8.010910E-5	7.860189E-1
1.058000E-1	8.482040E-3	-2.098100E-5	7.867912E-1
1.060000E-1	8.571680E-3	-2.079020E-4	7.884544E-1
1.062000E-1	8.680400E-3	-1.716620E-4	7.903720E-1
1.064000E-1	8.640350E-3	-4.386930E-5	7.917835E-1
1.066000E-1	8.495390E-3	-1.335150E-5	7.929027E-1
1.068000E-1	8.468690E-3	-1.182560E-4	7.941210E-1
1.070000E-1	8.688030E-3	-1.411450E-4	7.958619E-1
1.072000E-1	8.621280E-3	-1.525890E-5	7.971263E-1
1.074000E-1	8.455340E-3	-1.392370E-4	7.981254E-1
1.076000E-1	8.527820E-3	-2.517720E-4	7.994103E-1
1.078000E-1	8.615550E-3	-2.288830E-4	8.012546E-1
1.080000E-1	8.674680E-3	-5.340600E-5	8.031741E-1
1.082000E-1	8.543070E-3	-1.144420E-5	8.038559E-1
1.084000E-1	8.430540E-3	-6.103560E-5	8.047337E-1
1.086000E-1	8.499210E-3	-2.517720E-4	8.056596E-1
1.088000E-1	8.632720E-3	-2.250680E-4	8.081553E-1
1.090000E-1	8.644160E-3	-1.716630E-5	8.097481E-1
1.092000E-1	8.522090E-3	2.098100E-5	8.106001E-1
1.094000E-1	8.474410E-3	-1.850140E-4	8.118563E-1
1.096000E-1	8.567870E-3	-2.689380E-4	8.134973E-1
1.098000E-1	8.680400E-3	-1.983650E-4	8.153334E-1
1.100000E-1	8.558330E-3	3.814720E-5	8.164222E-1
1.102000E-1	8.455340E-3	4.959130E-5	8.176090E-1
1.104000E-1	8.524000E-3	-2.155310E-4	8.188864E-1
1.106000E-1	8.689940E-3	-1.945500E-4	8.209871E-1
1.108000E-1	8.655610E-3	-2.670300E-5	8.225965E-1
1.110000E-1	8.518280E-3	1.525890E-5	8.235475E-1
1.112000E-1	8.525910E-3	-1.850140E-4	8.244374E-1
1.114000E-1	8.619370E-3	-2.288830E-4	8.261625E-1
1.116000E-1	8.707110E-3	-1.201630E-4	8.283187E-1
1.118000E-1	8.520190E-3	-2.861030E-5	8.287710E-1
1.120000E-1	8.470590E-3	-1.621260E-4	8.299032E-1
1.122000E-1	8.552610E-3	-2.422340E-4	8.317321E-1
1.124000E-1	8.701380E-3	-1.258860E-4	8.334959E-1
1.126000E-1	8.678500E-3	-1.907360E-6	8.351852E-1
1.128000E-1	8.480130E-3	1.716630E-5	8.361434E-1
1.130000E-1	8.421000E-3	-8.773850E-5	8.370721E-1
1.132000E-1	8.508740E-3	-2.269750E-4	8.387733E-1
1.134000E-1	8.668960E-3	-5.531330E-5	8.408009E-1
1.136000E-1	8.535440E-3	1.716630E-5	8.420025E-1
1.138000E-1	8.382860E-3	-1.068120E-4	8.429987E-1
1.140000E-1	8.503020E-3	-2.498650E-4	8.445768E-1
1.142000E-1	8.625090E-3	-2.708450E-4	8.461613E-1
1.144000E-1	8.771960E-3	-1.087190E-4	8.478133E-1
1.146000E-1	8.647980E-3	2.098100E-5	8.488078E-1
1.148000E-1	8.472500E-3	-8.201650E-5	8.499298E-1
1.150000E-1	8.518280E-3	-1.983650E-4	8.513913E-1
1.152000E-1	8.682310E-3	-1.659400E-4	8.521776E-1
1.154000E-1	8.747160E-3	-4.386930E-5	8.539213E-1
1.156000E-1	8.651790E-3	6.103560E-5	8.551543E-1
1.158000E-1	8.447710E-3	2.288830E-5	8.560534E-1
1.160000E-1	8.476320E-3	-1.449590E-4	8.572846E-1
1.162000E-1	8.663240E-3	-1.735700E-4	8.589052E-1
1.164000E-1	8.701380E-3	2.479560E-5	8.603075E-1
1.166000E-1	8.522090E-3	-6.866500E-5	8.613963E-1
1.168000E-1	8.522090E-3	-1.964580E-4	8.623888E-1
1.170000E-1	8.600290E-3	-2.231610E-4	8.644192E-1
1.172000E-1	8.726180E-3	-4.959130E-5	8.662526E-1
1.174000E-1	8.596480E-3	8.010910E-5	8.675457E-1
1.176000E-1	8.482040E-3	-1.354230E-4	8.678510E-1
1.178000E-1	8.543070E-3	-2.288830E-4	8.694568E-1
1.180000E-1	8.750980E-3	-9.918260E-5	8.716389E-1
1.182000E-1	8.661330E-3	-1.525890E-5	8.729977E-1
1.184000E-1	8.525910E-3	7.629450E-6	8.742715E-1
1.186000E-1	8.516370E-3	-1.926430E-4	8.755814E-1
1.188000E-1	8.684220E-3	-2.250680E-4	8.774128E-1
1.190000E-1	8.705200E-3	-1.068120E-4	8.791029E-1
1.192000E-1	8.590760E-3	-1.335150E-5	8.802342E-1
