-1.100000E-1	3.656400E-3	-6.485030E-5	-5.666672E-1
-1.098000E-1	3.650680E-3	-6.866500E-5	-5.638136E-1
-1.096000E-1	3.644960E-3	-6.866500E-5	-5.624019E-1
-1.094000E-1	3.641140E-3	-7.247970E-5	-5.615593E-1
-1.092000E-1	3.635420E-3	-7.247970E-5	-5.596871E-1
-1.090000E-1	3.631610E-3	-7.629440E-5	-5.581358E-1
-1.088000E-1	3.629700E-3	-7.629440E-5	-5.565883E-1
-1.086000E-1	3.629700E-3	-8.010910E-5	-5.554107E-1
-1.084000E-1	3.629700E-3	-8.010910E-5	-5.541915E-1
-1.082000E-1	3.629700E-3	-8.201650E-5	-5.532942E-1
-1.080000E-1	3.631610E-3	-8.010910E-5	-5.517227E-1
-1.078000E-1	3.635420E-3	-8.010910E-5	-5.502167E-1
-1.076000E-1	3.635420E-3	-7.629440E-5	-5.488052E-1
-1.074000E-1	3.639240E-3	-7.247970E-5	-5.475491E-1
-1.072000E-1	3.643050E-3	-7.247970E-5	-5.462744E-1
-1.070000E-1	3.644960E-3	-7.057240E-5	-5.451264E-1
-1.068000E-1	3.646870E-3	-7.438710E-5	-5.439646E-1
-1.066000E-1	3.648770E-3	-7.629440E-5	-5.430424E-1
-1.064000E-1	3.646870E-3	-8.010910E-5	-5.419999E-1
-1.062000E-1	3.648770E-3	-8.201650E-5	-5.405309E-1
-1.060000E-1	3.652590E-3	-8.583120E-5	-5.391379E-1
-1.058000E-1	3.656400E-3	-8.773850E-5	-5.370539E-1
-1.056000E-1	3.660220E-3	-9.346050E-5	-5.361326E-1
-1.054000E-1	3.664030E-3	-9.346050E-5	-5.344813E-1
-1.052000E-1	3.665940E-3	-9.346050E-5	-5.336646E-1
-1.050000E-1	3.665940E-3	-9.346050E-5	-5.322697E-1
-1.048000E-1	3.667850E-3	-9.346050E-5	-5.307342E-1
-1.046000E-1	3.669750E-3	-9.536790E-5	-5.295020E-1
-1.044000E-1	3.673570E-3	-9.727520E-5	-5.285686E-1
-1.042000E-1	3.677380E-3	-1.010900E-4	-5.265919E-1
-1.040000E-1	3.681200E-3	-1.029970E-4	-5.257576E-1
-1.038000E-1	3.683110E-3	-1.068120E-4	-5.246735E-1
-1.036000E-1	3.688830E-3	-1.068120E-4	-5.234108E-1
-1.034000E-1	3.694550E-3	-1.068120E-4	-5.215774E-1
-1.032000E-1	3.698360E-3	-1.049050E-4	-5.195536E-1
-1.030000E-1	3.702180E-3	-1.049050E-4	-5.185203E-1
-1.028000E-1	3.707900E-3	-1.049050E-4	-5.169903E-1
-1.026000E-1	3.709810E-3	-1.049050E-4	-5.159867E-1
-1.024000E-1	3.709810E-3	-1.049050E-4	-5.145982E-1
-1.022000E-1	3.709810E-3	-1.068120E-4	-5.133088E-1
-1.020000E-1	3.705990E-3	-1.068120E-4	-5.116252E-1
-1.018000E-1	3.704090E-3	-1.068120E-4	-5.102054E-1
-1.016000E-1	3.700270E-3	-1.049050E-4	-5.089215E-1
-1.014000E-1	3.700270E-3	-1.049050E-4	-5.075884E-1
-1.012000E-1	3.702180E-3	-9.918260E-5	-5.063036E-1
-1.010000E-1	3.705990E-3	-9.536790E-5	-5.051992E-1
-1.008000E-1	3.709810E-3	-9.346050E-5	-5.037701E-1
-1.006000E-1	3.717440E-3	-9.346050E-5	-5.025324E-1
-1.004000E-1	3.725070E-3	-9.346050E-5	-5.011662E-1
-1.002000E-1	3.734600E-3	-9.155320E-5	-4.996140E-1
-1.000000E-1	3.740330E-3	-8.964590E-5	-4.988065E-1
-9.980000E-2	3.747950E-3	-8.773850E-5	-4.975170E-1
-9.960000E-2	3.751770E-3	-8.583120E-5	-4.962312E-1
-9.940000E-2	3.751770E-3	-8.773850E-5	-4.953857E-1
-9.920000E-2	3.751770E-3	-8.773850E-5	-4.942295E-1
-9.900000E-2	3.751770E-3	-8.964590E-5	-4.929612E-1
-9.880000E-2	3.753680E-3	-8.773850E-5	-4.913156E-1
-9.860000E-2	3.757490E-3	-8.773850E-5	-4.898384E-1
-9.840000E-2	3.761310E-3	-8.583120E-5	-4.881586E-1
-9.820000E-2	3.767030E-3	-8.773850E-5	-4.866767E-1
-9.800000E-2	3.772750E-3	-8.773850E-5	-4.849849E-1
-9.780000E-2	3.774660E-3	-8.773850E-5	-4.843734E-1
-9.760000E-2	3.780380E-3	-8.583120E-5	-4.833143E-1
-9.740000E-2	3.784190E-3	-8.773850E-5	-4.822598E-1
-9.720000E-2	3.786100E-3	-8.773850E-5	-4.807983E-1
-9.700000E-2	3.788010E-3	-8.773850E-5	-4.792970E-1
-9.680000E-2	3.786100E-3	-8.773850E-5	-4.772934E-1
-9.660000E-2	3.784190E-3	-8.964590E-5	-4.762547E-1
-9.640000E-2	3.780380E-3	-8.964590E-5	-4.741318E-1
-9.620000E-2	3.774660E-3	-9.155320E-5	-4.728348E-1
-9.600000E-2	3.774660E-3	-8.773850E-5	-4.708830E-1
-9.580000E-2	3.774660E-3	-8.773850E-5	-4.699136E-1
-9.560000E-2	3.776570E-3	-8.583120E-5	-4.685511E-1
-9.540000E-2	3.780380E-3	-8.964590E-5	-4.673791E-1
-9.520000E-2	3.784190E-3	-9.346050E-5	-4.647169E-1
-9.500000E-2	3.789920E-3	-9.346050E-5	-4.635644E-1
-9.480000E-2	3.793730E-3	-9.536790E-5	-4.626792E-1
-9.460000E-2	3.799450E-3	-9.536790E-5	-4.615627E-1
-9.440000E-2	3.801360E-3	-9.346050E-5	-4.598477E-1
-9.420000E-2	3.807080E-3	-9.155320E-5	-4.594555E-1
-9.400000E-2	3.810900E-3	-8.773850E-5	-4.577090E-1
-9.380000E-2	3.814710E-3	-8.392380E-5	-4.569339E-1
-9.360000E-2	3.814710E-3	-8.201650E-5	-4.551791E-1
-9.340000E-2	3.818530E-3	-8.201650E-5	-4.541579E-1
-9.320000E-2	3.820430E-3	-8.201650E-5	-4.524078E-1
-9.300000E-2	3.826160E-3	-8.392380E-5	-4.509305E-1
-9.280000E-2	3.828060E-3	-8.392380E-5	-4.493294E-1
-9.260000E-2	3.835690E-3	-8.773850E-5	-4.479677E-1
-9.240000E-2	3.845230E-3	-8.964590E-5	-4.465589E-1
-9.220000E-2	3.854770E-3	-9.346050E-5	-4.452260E-1
-9.200000E-2	3.860490E-3	-9.155320E-5	-4.434629E-1
-9.180000E-2	3.866210E-3	-8.964590E-5	-4.427756E-1
-9.160000E-2	3.868120E-3	-8.773850E-5	-4.409477E-1
-9.140000E-2	3.873840E-3	-8.583120E-5	-4.398368E-1
-9.120000E-2	3.879560E-3	-8.201650E-5	-4.379175E-1
-9.100000E-2	3.885280E-3	-8.010910E-5	-4.362728E-1
-9.080000E-2	3.892910E-3	-8.201650E-5	-4.353218E-1
-9.060000E-2	3.898640E-3	-8.583120E-5	-4.334968E-1
-9.040000E-2	3.902450E-3	-8.773850E-5	-4.321259E-1
-9.020000E-2	3.908190E-3	-8.964590E-5	-4.302158E-1
-9.000000E-2	3.908190E-3	-8.964590E-5	-4.288643E-1
-8.980000E-2	3.908190E-3	-8.964590E-5	-4.274185E-1
-8.960000E-2	3.908190E-3	-8.773850E-5	-4.259163E-1
-8.940000E-2	3.912000E-3	-8.773850E-5	-4.248415E-1
-8.920000E-2	3.915820E-3	-8.773850E-5	-4.231228E-1
-8.900000E-2	3.921540E-3	-9.155320E-5	-4.225827E-1
-8.880000E-2	3.925350E-3	-9.536790E-5	-4.208732E-1
-8.860000E-2	3.927260E-3	-1.029970E-4	-4.195282E-1
-8.840000E-2	3.929170E-3	-1.087190E-4	-4.180075E-1
-8.820000E-2	3.932980E-3	-1.182560E-4	-4.164886E-1
-8.800000E-2	3.936800E-3	-1.201630E-4	-4.147329E-1
-8.780000E-2	3.944430E-3	-1.220710E-4	-4.133759E-1
-8.760000E-2	3.950150E-3	-1.201630E-4	-4.116980E-1
-8.740000E-2	3.959690E-3	-1.201630E-4	-4.114584E-1
-8.720000E-2	3.971130E-3	-1.182560E-4	-4.095140E-1
-8.700000E-2	3.984480E-3	-1.125340E-4	-4.086741E-1
-8.680000E-2	3.999740E-3	-1.068120E-4	-4.067954E-1
-8.660000E-2	4.013090E-3	-9.918260E-5	-4.054550E-1
-8.640000E-2	4.026440E-3	-9.346050E-5	-4.039519E-1
-8.620000E-2	4.035980E-3	-8.583120E-5	-4.021296E-1
-8.600000E-2	4.047420E-3	-8.201650E-5	-4.006006E-1
-8.580000E-2	4.055050E-3	-8.392380E-5	-3.989161E-1
-8.560000E-2	4.062680E-3	-8.773850E-5	-3.982150E-1
-8.540000E-2	4.062680E-3	-9.155320E-5	-3.972308E-1
-8.520000E-2	4.066500E-3	-9.346050E-5	-3.947452E-1
-8.500000E-2	4.070310E-3	-9.918260E-5	-3.939710E-1
-8.480000E-2	4.072220E-3	-1.010900E-4	-3.926011E-1
-8.460000E-2	4.079850E-3	-1.068120E-4	-3.915836E-1
-8.440000E-2	4.093200E-3	-1.106270E-4	-3.894699E-1
-8.420000E-2	4.104640E-3	-1.182560E-4	-3.882073E-1
-8.400000E-2	4.112270E-3	-1.220710E-4	-3.869982E-1
-8.380000E-2	4.121810E-3	-1.297010E-4	-3.853369E-1
-8.360000E-2	4.127530E-3	-1.297010E-4	-3.842278E-1
-8.340000E-2	4.133250E-3	-1.297010E-4	-3.834953E-1
-8.320000E-2	4.137070E-3	-1.277930E-4	-3.811115E-1
-8.300000E-2	4.142790E-3	-1.258860E-4	-3.793327E-1
-8.280000E-2	4.146610E-3	-1.239790E-4	-3.780016E-1
-8.260000E-2	4.152330E-3	-1.239790E-4	-3.771172E-1
-8.240000E-2	4.156140E-3	-1.220710E-4	-3.751443E-1
-8.220000E-2	4.161860E-3	-1.201630E-4	-3.738363E-1
-8.200000E-2	4.167590E-3	-1.125340E-4	-3.722110E-1
-8.180000E-2	4.177120E-3	-1.049050E-4	-3.706894E-1
-8.160000E-2	4.186660E-3	-9.918260E-5	-3.698467E-1
-8.140000E-2	4.198100E-3	-9.536790E-5	-3.680947E-1
-8.120000E-2	4.211460E-3	-9.346050E-5	-3.666943E-1
-8.100000E-2	4.224810E-3	-9.346050E-5	-3.660430E-1
-8.080000E-2	4.236250E-3	-9.346050E-5	-3.640200E-1
-8.060000E-2	4.247700E-3	-9.346050E-5	-3.617963E-1
-8.040000E-2	4.259140E-3	-9.536790E-5	-3.602136E-1
-8.020000E-2	4.270580E-3	-9.727520E-5	-3.582053E-1
-8.000000E-2	4.283930E-3	-9.918260E-5	-3.557837E-1
-7.980000E-2	4.295380E-3	-1.010900E-4	-3.540567E-1
-7.960000E-2	4.308730E-3	-9.918260E-5	-3.519782E-1
-7.940000E-2	4.323990E-3	-9.727520E-5	-3.507267E-1
-7.920000E-2	4.341160E-3	-9.536790E-5	-3.488156E-1
-7.900000E-2	4.358320E-3	-9.536790E-5	-3.471607E-1
-7.880000E-2	4.379300E-3	-9.536790E-5	-3.447825E-1
-7.860000E-2	4.400280E-3	-9.727520E-5	-3.432507E-1
-7.840000E-2	4.423170E-3	-9.727520E-5	-3.418771E-1
-7.820000E-2	4.442240E-3	-9.918260E-5	-3.404331E-1
-7.800000E-2	4.461320E-3	-9.918260E-5	-3.386238E-1
-7.780000E-2	4.478480E-3	-9.918260E-5	-3.377219E-1
-7.760000E-2	4.491840E-3	-1.010900E-4	-3.364222E-1
-7.740000E-2	4.501370E-3	-1.049050E-4	-3.346462E-1
-7.720000E-2	4.512820E-3	-1.106270E-4	-3.332457E-1
-7.700000E-2	4.518540E-3	-1.163490E-4	-3.311016E-1
-7.680000E-2	4.528080E-3	-1.201630E-4	-3.305263E-1
-7.660000E-2	4.535700E-3	-1.239790E-4	-3.279150E-1
-7.640000E-2	4.545240E-3	-1.297010E-4	-3.260233E-1
-7.620000E-2	4.556690E-3	-1.335150E-4	-3.244683E-1
-7.600000E-2	4.571940E-3	-1.392370E-4	-3.237838E-1
-7.580000E-2	4.587200E-3	-1.430520E-4	-3.217266E-1
-7.560000E-2	4.604370E-3	-1.449590E-4	-3.199164E-1
-7.540000E-2	4.619630E-3	-1.468670E-4	-3.182476E-1
-7.520000E-2	4.638700E-3	-1.468670E-4	-3.165289E-1
-7.500000E-2	4.655870E-3	-1.468670E-4	-3.145781E-1
-7.480000E-2	4.673030E-3	-1.430520E-4	-3.127383E-1
-7.460000E-2	4.690200E-3	-1.411450E-4	-3.110806E-1
-7.440000E-2	4.707370E-3	-1.373300E-4	-3.099382E-1
-7.420000E-2	4.722630E-3	-1.335150E-4	-3.075240E-1
-7.400000E-2	4.739790E-3	-1.297010E-4	-3.057442E-1
-7.380000E-2	4.756960E-3	-1.277930E-4	-3.045889E-1
-7.360000E-2	4.777940E-3	-1.239790E-4	-3.029728E-1
-7.340000E-2	4.795100E-3	-1.201630E-4	-3.006298E-1
-7.320000E-2	4.816090E-3	-1.144410E-4	-2.989001E-1
-7.300000E-2	4.833250E-3	-1.087190E-4	-2.972813E-1
-7.280000E-2	4.858050E-3	-1.068120E-4	-2.955061E-1
-7.260000E-2	4.884750E-3	-1.049050E-4	-2.940724E-1
-7.240000E-2	4.913360E-3	-1.068120E-4	-2.928828E-1
-7.220000E-2	4.943880E-3	-1.068120E-4	-2.903428E-1
-7.200000E-2	4.976300E-3	-1.068120E-4	-2.890052E-1
-7.180000E-2	5.008730E-3	-1.068120E-4	-2.864586E-1
-7.160000E-2	5.043060E-3	-1.049050E-4	-2.847807E-1
-7.140000E-2	5.077390E-3	-9.918260E-5	-2.826762E-1
-7.120000E-2	5.113630E-3	-9.346050E-5	-2.813406E-1
-7.100000E-2	5.147960E-3	-9.346050E-5	-2.785941E-1
-7.080000E-2	5.184200E-3	-8.964590E-5	-2.774481E-1
-7.060000E-2	5.214720E-3	-8.583120E-5	-2.743225E-1
-7.040000E-2	5.247150E-3	-8.010910E-5	-2.726796E-1
-7.020000E-2	5.279570E-3	-7.629440E-5	-2.703679E-1
-7.000000E-2	5.313900E-3	-7.629440E-5	-2.681258E-1
-6.980000E-2	5.346330E-3	-7.629440E-5	-2.659585E-1
-6.960000E-2	5.382570E-3	-7.057240E-5	-2.638347E-1
-6.940000E-2	5.422620E-3	-6.485030E-5	-2.615934E-1
-6.920000E-2	5.464580E-3	-5.912800E-5	-2.602308E-1
-6.900000E-2	5.514170E-3	-5.340600E-5	-2.578665E-1
-6.880000E-2	5.561860E-3	-5.149860E-5	-2.552949E-1
-6.860000E-2	5.611450E-3	-4.577660E-5	-2.528676E-1
-6.840000E-2	5.661040E-3	-4.577660E-5	-2.519612E-1
-6.820000E-2	5.703000E-3	-5.149860E-5	-2.493657E-1
-6.800000E-2	5.746870E-3	-6.103560E-5	-2.487653E-1
-6.780000E-2	5.790740E-3	-7.438710E-5	-2.453714E-1
-6.760000E-2	5.834610E-3	-9.346050E-5	-2.439367E-1
-6.740000E-2	5.876570E-3	-1.068120E-4	-2.408536E-1
-6.720000E-2	5.924250E-3	-1.201630E-4	-2.391572E-1
-6.700000E-2	5.971940E-3	-1.297010E-4	-2.360325E-1
-6.680000E-2	6.021530E-3	-1.354230E-4	-2.341362E-1
-6.660000E-2	6.074940E-3	-1.392370E-4	-2.312308E-1
-6.640000E-2	6.130250E-3	-1.430520E-4	-2.284825E-1
-6.620000E-2	6.191280E-3	-1.411450E-4	-2.258878E-1
-6.600000E-2	6.250410E-3	-1.392370E-4	-2.231396E-1
-6.580000E-2	6.319080E-3	-1.373300E-4	-2.212240E-1
-6.560000E-2	6.389650E-3	-1.373300E-4	-2.186959E-1
-6.540000E-2	6.469760E-3	-1.354230E-4	-2.165110E-1
-6.520000E-2	6.546050E-3	-1.335150E-4	-2.128461E-1
-6.500000E-2	6.624250E-3	-1.335150E-4	-2.089925E-1
-6.480000E-2	6.696730E-3	-1.354230E-4	-2.057106E-1
-6.460000E-2	6.771120E-3	-1.354230E-4	-2.042712E-1
-6.440000E-2	6.839780E-3	-1.373300E-4	-2.019985E-1
-6.420000E-2	6.916080E-3	-1.373300E-4	-2.000180E-1
-6.400000E-2	6.990460E-3	-1.373300E-4	-1.966963E-1
-6.380000E-2	7.076290E-3	-1.373300E-4	-1.925189E-1
-6.360000E-2	7.167850E-3	-1.449590E-4	-1.887866E-1
-6.340000E-2	7.265120E-3	-1.468670E-4	-1.863473E-1
-6.320000E-2	7.366210E-3	-1.544960E-4	-1.839922E-1
-6.300000E-2	7.467300E-3	-1.621260E-4	-1.806723E-1
-6.280000E-2	7.566480E-3	-1.735700E-4	-1.783070E-1
-6.260000E-2	7.673290E-3	-1.811990E-4	-1.751796E-1
-6.240000E-2	7.780100E-3	-1.831060E-4	-1.704934E-1
-6.220000E-2	7.900300E-3	-1.811990E-4	-1.666648E-1
-6.200000E-2	8.026180E-3	-1.831060E-4	-1.627844E-1
-6.180000E-2	8.157790E-3	-1.811990E-4	-1.594812E-1
-6.160000E-2	8.287490E-3	-1.792920E-4	-1.561872E-1
-6.140000E-2	8.424820E-3	-1.792920E-4	-1.522272E-1
-6.120000E-2	8.558330E-3	-1.850140E-4	-1.492894E-1
-6.100000E-2	8.693750E-3	-1.926430E-4	-1.466421E-1
-6.080000E-2	8.825360E-3	-2.021800E-4	-1.435571E-1
-6.060000E-2	8.958880E-3	-2.155310E-4	-1.395832E-1
-6.040000E-2	9.084760E-3	-2.326970E-4	-1.354050E-1
-6.020000E-2	9.204920E-3	-2.479570E-4	-1.313589E-1
-6.000000E-2	9.315550E-3	-2.574940E-4	-1.268467E-1
-5.980000E-2	9.426180E-3	-2.594010E-4	-1.237063E-1
-5.960000E-2	9.519640E-3	-2.536790E-4	-1.203578E-1
-5.940000E-2	9.605470E-3	-2.422340E-4	-1.163857E-1
-5.920000E-2	9.670320E-3	-2.346050E-4	-1.132842E-1
-5.900000E-2	9.718000E-3	-2.250680E-4	-1.089533E-1
-5.880000E-2	9.740890E-3	-2.193460E-4	-1.053301E-1
-5.860000E-2	9.742800E-3	-2.155310E-4	-1.018788E-1
-5.840000E-2	9.723720E-3	-2.155310E-4	-9.849222E-2
-5.820000E-2	9.679850E-3	-2.250680E-4	-9.662536E-2
-5.800000E-2	9.611190E-3	-2.326970E-4	-9.361656E-2
-5.780000E-2	9.519640E-3	-2.384200E-4	-9.072757E-2
-5.760000E-2	9.403290E-3	-2.441420E-4	-8.869054E-2
-5.740000E-2	9.264050E-3	-2.460500E-4	-8.583357E-2
-5.720000E-2	9.109560E-3	-2.441420E-4	-8.296911E-2
-5.700000E-2	8.945520E-3	-2.384200E-4	-7.990913E-2
-5.680000E-2	8.764330E-3	-2.346050E-4	-7.717029E-2
-5.660000E-2	8.567870E-3	-2.288830E-4	-7.433767E-2
-5.640000E-2	8.358060E-3	-2.288830E-4	-7.213067E-2
-5.620000E-2	8.132990E-3	-2.250680E-4	-6.932000E-2
-5.600000E-2	7.900300E-3	-2.155310E-4	-6.720974E-2
-5.580000E-2	7.663760E-3	-2.040870E-4	-6.543795E-2
-5.560000E-2	7.417710E-3	-1.945500E-4	-6.336296E-2
-5.540000E-2	7.171660E-3	-1.831060E-4	-6.168688E-2
-5.520000E-2	6.917980E-3	-1.716620E-4	-6.023919E-2
-5.500000E-2	6.668120E-3	-1.602180E-4	-5.837686E-2
-5.480000E-2	6.420170E-3	-1.487740E-4	-5.694917E-2
-5.460000E-2	6.176020E-3	-1.373300E-4	-5.510922E-2
-5.440000E-2	5.937610E-3	-1.297010E-4	-5.391964E-2
-5.420000E-2	5.708720E-3	-1.201630E-4	-5.294658E-2
-5.400000E-2	5.495100E-3	-1.144410E-4	-5.139196E-2
-5.380000E-2	5.292920E-3	-1.068120E-4	-5.021626E-2
-5.360000E-2	5.096470E-3	-1.010900E-4	-4.854129E-2
-5.340000E-2	4.915270E-3	-9.536790E-5	-4.747770E-2
-5.320000E-2	4.737880E-3	-9.346050E-5	-4.617340E-2
-5.300000E-2	4.568130E-3	-8.964590E-5	-4.512147E-2
-5.280000E-2	4.404100E-3	-8.773850E-5	-4.359750E-2
-5.260000E-2	4.245790E-3	-8.773850E-5	-4.333847E-2
-5.240000E-2	4.093200E-3	-8.583120E-5	-4.212231E-2
-5.220000E-2	3.944430E-3	-8.392380E-5	-4.119424E-2
-5.200000E-2	3.801360E-3	-8.201650E-5	-3.990356E-2
-5.180000E-2	3.664030E-3	-8.010910E-5	-3.946058E-2
-5.160000E-2	3.534330E-3	-8.010910E-5	-3.811111E-2
-5.140000E-2	3.412260E-3	-8.010910E-5	-3.715842E-2
-5.120000E-2	3.290190E-3	-8.010910E-5	-3.639033E-2
-5.100000E-2	3.170030E-3	-8.201650E-5	-3.563093E-2
-5.080000E-2	3.053680E-3	-8.392380E-5	-3.463000E-2
-5.060000E-2	2.941150E-3	-8.392380E-5	-3.399030E-2
-5.040000E-2	2.828610E-3	-8.201650E-5	-3.306909E-2
-5.020000E-2	2.717990E-3	-8.010910E-5	-3.254392E-2
-5.000000E-2	2.611180E-3	-7.820180E-5	-3.193458E-2
-4.980000E-2	2.508180E-3	-7.629440E-5	-3.140922E-2
-4.960000E-2	2.409000E-3	-7.438710E-5	-3.067344E-2
-4.940000E-2	2.315540E-3	-7.247970E-5	-3.025971E-2
-4.920000E-2	2.229710E-3	-6.866500E-5	-2.956993E-2
-4.900000E-2	2.145780E-3	-6.675770E-5	-2.952050E-2
-4.880000E-2	2.069490E-3	-6.485030E-5	-2.910196E-2
-4.860000E-2	1.995100E-3	-6.103560E-5	-2.869093E-2
-4.840000E-2	1.928340E-3	-5.722070E-5	-2.806669E-2
-4.820000E-2	1.863490E-3	-5.531330E-5	-2.770806E-2
-4.800000E-2	1.802450E-3	-5.340600E-5	-2.724037E-2
-4.780000E-2	1.741420E-3	-5.340600E-5	-2.681656E-2
-4.760000E-2	1.684200E-3	-5.149860E-5	-2.616761E-2
-4.740000E-2	1.628880E-3	-4.959130E-5	-2.579536E-2
-4.720000E-2	1.575480E-3	-4.577660E-5	-2.537822E-2
-4.700000E-2	1.527790E-3	-4.386930E-5	-2.498903E-2
-4.680000E-2	1.480110E-3	-4.005460E-5	-2.458068E-2
-4.660000E-2	1.436240E-3	-4.005460E-5	-2.412419E-2
-4.640000E-2	1.392370E-3	-3.623990E-5	-2.373519E-2
-4.620000E-2	1.352320E-3	-3.433250E-5	-2.321316E-2
-4.600000E-2	1.310360E-3	-3.242520E-5	-2.300486E-2
-4.580000E-2	1.274120E-3	-3.051780E-5	-2.259096E-2
-4.560000E-2	1.241690E-3	-2.861030E-5	-2.230268E-2
-4.540000E-2	1.211170E-3	-2.861030E-5	-2.177436E-2
-4.520000E-2	1.178750E-3	-2.861030E-5	-2.160309E-2
-4.500000E-2	1.150140E-3	-2.861030E-5	-2.122353E-2
-4.480000E-2	1.121530E-3	-2.861030E-5	-2.089026E-2
-4.460000E-2	1.094830E-3	-2.861030E-5	-2.055727E-2
-4.440000E-2	1.068120E-3	-2.861030E-5	-2.023103E-2
-4.420000E-2	1.043330E-3	-2.670300E-5	-1.993730E-2
-4.400000E-2	1.020440E-3	-2.670300E-5	-1.957820E-2
-4.380000E-2	9.956430E-4	-2.670300E-5	-1.926010E-2
-4.360000E-2	9.727520E-4	-2.670300E-5	-1.894942E-2
-4.340000E-2	9.498630E-4	-2.670300E-5	-1.869974E-2
-4.320000E-2	9.269750E-4	-2.670300E-5	-1.861374E-2
-4.300000E-2	9.059940E-4	-2.670300E-5	-1.824816E-2
-4.280000E-2	8.831060E-4	-2.861030E-5	-1.802098E-2
-4.260000E-2	8.621250E-4	-2.861030E-5	-1.776511E-2
-4.240000E-2	8.411440E-4	-2.861030E-5	-1.752774E-2
-4.220000E-2	8.182560E-4	-3.051780E-5	-1.728279E-2
-4.200000E-2	7.972750E-4	-3.051780E-5	-1.705728E-2
-4.180000E-2	7.724800E-4	-2.861030E-5	-1.694193E-2
-4.160000E-2	7.495920E-4	-2.861030E-5	-1.671345E-2
-4.140000E-2	7.247960E-4	-2.670300E-5	-1.661125E-2
-4.120000E-2	6.980930E-4	-2.670300E-5	-1.645489E-2
-4.100000E-2	6.713900E-4	-2.479560E-5	-1.627705E-2
-4.080000E-2	6.446880E-4	-2.288830E-5	-1.614976E-2
-4.060000E-2	6.160770E-4	-2.098100E-5	-1.608838E-2
-4.040000E-2	5.874670E-4	-1.716630E-5	-1.593368E-2
-4.020000E-2	5.588570E-4	-1.525890E-5	-1.583139E-2
-4.000000E-2	5.283390E-4	-1.335150E-5	-1.572613E-2
-3.980000E-2	5.016360E-4	-1.335150E-5	-1.567291E-2
-3.960000E-2	4.730240E-4	-1.144420E-5	-1.555682E-2
-3.940000E-2	4.444140E-4	-1.144420E-5	-1.544331E-2
-3.920000E-2	4.138970E-4	-9.536800E-6	-1.539064E-2
-3.900000E-2	3.852860E-4	-7.629450E-6	-1.543461E-2
-3.880000E-2	3.566760E-4	-7.629450E-6	-1.535833E-2
-3.860000E-2	3.299730E-4	-5.722080E-6	-1.530992E-2
-3.840000E-2	3.032700E-4	-5.722080E-6	-1.527307E-2
-3.820000E-2	2.746600E-4	-5.722080E-6	-1.529011E-2
-3.800000E-2	2.479570E-4	-3.814730E-6	-1.525362E-2
-3.780000E-2	2.212530E-4	-3.814730E-6	-1.528779E-2
-3.760000E-2	1.964580E-4	-3.814730E-6	-1.527483E-2
-3.740000E-2	1.697550E-4	-1.907360E-6	-1.526521E-2
-3.720000E-2	1.449590E-4	-1.907360E-6	-1.531158E-2
-3.700000E-2	1.182560E-4	-1.907360E-6	-1.538453E-2
-3.680000E-2	9.155320E-5	0.000000E+0	-1.545258E-2
-3.660000E-2	6.294300E-5	0.000000E+0	-1.581723E-2
-3.640000E-2	2.479560E-5	3.814730E-6	-1.575807E-2
-3.620000E-2	-1.907360E-5	9.536800E-6	-1.641239E-2
-3.600000E-2	-7.820180E-5	1.525890E-5	-1.657643E-2
-3.580000E-2	-1.621260E-4	2.288830E-5	-1.833296E-2
-3.560000E-2	-2.841970E-4	2.479560E-5	-1.882861E-2
-3.540000E-2	-4.444140E-4	1.907360E-5	-2.020770E-2
-3.520000E-2	-6.408730E-4	1.525890E-5	-2.073760E-2
-3.500000E-2	-8.697550E-4	1.525890E-5	-2.162550E-2
-3.480000E-2	-1.115810E-3	2.288830E-5	-2.287998E-2
-3.460000E-2	-1.361850E-3	2.861030E-5	-2.382258E-2
-3.440000E-2	-1.598370E-3	3.623990E-5	-2.471047E-2
-3.420000E-2	-1.811990E-3	3.814720E-5	-2.511206E-2
-3.400000E-2	-2.000820E-3	3.814720E-5	-2.609568E-2
-3.380000E-2	-2.147690E-3	3.814720E-5	-2.677036E-2
-3.360000E-2	-2.254500E-3	3.814720E-5	-2.751764E-2
-3.340000E-2	-2.315540E-3	4.005460E-5	-2.839284E-2
-3.320000E-2	-2.336520E-3	4.386930E-5	-2.909688E-2
-3.300000E-2	-2.317440E-3	4.768390E-5	-2.930360E-2
-3.280000E-2	-2.273570E-3	5.149860E-5	-2.988923E-2
-3.260000E-2	-2.214450E-3	5.531330E-5	-3.042208E-2
-3.240000E-2	-2.140060E-3	5.722070E-5	-3.102790E-2
-3.220000E-2	-2.061860E-3	5.912800E-5	-3.142227E-2
-3.200000E-2	-1.981750E-3	5.912800E-5	-3.190589E-2
-3.180000E-2	-1.895910E-3	5.722070E-5	-3.218769E-2
-3.160000E-2	-1.808170E-3	5.531330E-5	-3.247642E-2
-3.140000E-2	-1.712810E-3	5.340600E-5	-3.267158E-2
-3.120000E-2	-1.613620E-3	5.149860E-5	-3.283562E-2
-3.100000E-2	-1.506810E-3	4.768390E-5	-3.307548E-2
-3.080000E-2	-1.394280E-3	4.386930E-5	-3.310085E-2
-3.060000E-2	-1.274120E-3	4.005460E-5	-3.316297E-2
-3.040000E-2	-1.144420E-3	3.623990E-5	-3.308131E-2
-3.020000E-2	-1.010900E-3	3.051780E-5	-3.310714E-2
-3.000000E-2	-8.773840E-4	2.479560E-5	-3.299994E-2
-2.980000E-2	-7.476840E-4	2.098100E-5	-3.293874E-2
-2.960000E-2	-6.198920E-4	1.716630E-5	-3.274545E-2
-2.940000E-2	-4.959140E-4	1.144420E-5	-3.273184E-2
-2.920000E-2	-3.814720E-4	9.536800E-6	-3.249290E-2
-2.900000E-2	-2.708450E-4	5.722080E-6	-3.240737E-2
-2.880000E-2	-1.697550E-4	1.907360E-6	-3.216787E-2
-2.860000E-2	-7.629440E-5	0.000000E+0	-3.204030E-2
-2.840000E-2	9.536800E-6	-1.907360E-6	-3.185488E-2
-2.820000E-2	8.773850E-5	-3.814730E-6	-3.171240E-2
-2.800000E-2	1.564040E-4	-5.722080E-6	-3.147078E-2
-2.780000E-2	2.117170E-4	-7.629450E-6	-3.144995E-2
-2.760000E-2	2.632160E-4	-9.536800E-6	-3.122749E-2
-2.740000E-2	3.051780E-4	-1.144420E-5	-3.103605E-2
-2.720000E-2	3.395100E-4	-1.144420E-5	-3.084618E-2
-2.700000E-2	3.662130E-4	-1.144420E-5	-3.073925E-2
-2.680000E-2	3.833790E-4	-1.144420E-5	-3.060437E-2
-2.660000E-2	3.967300E-4	-1.144420E-5	-3.044042E-2
-2.640000E-2	4.024520E-4	-1.144420E-5	-3.038524E-2
-2.620000E-2	4.024520E-4	-1.144420E-5	-3.029119E-2
-2.600000E-2	3.948230E-4	-1.144420E-5	-3.020750E-2
-2.580000E-2	3.833790E-4	-1.144420E-5	-3.016186E-2
-2.560000E-2	3.681200E-4	-9.536800E-6	-3.015159E-2
-2.540000E-2	3.471390E-4	-9.536800E-6	-3.011289E-2
-2.520000E-2	3.204360E-4	-7.629450E-6	-3.012002E-2
-2.500000E-2	2.899190E-4	-5.722080E-6	-3.013751E-2
-2.480000E-2	2.574940E-4	-5.722080E-6	-3.019472E-2
-2.460000E-2	2.231610E-4	-3.814730E-6	-3.020518E-2
-2.440000E-2	1.831060E-4	-3.814730E-6	-3.038543E-2
-2.420000E-2	1.430520E-4	-1.907360E-6	-3.045773E-2
-2.400000E-2	9.918260E-5	0.000000E+0	-3.065853E-2
-2.380000E-2	5.149860E-5	0.000000E+0	-3.077119E-2
-2.360000E-2	-1.907360E-6	1.907360E-6	-3.108095E-2
-2.340000E-2	-6.294300E-5	3.814730E-6	-3.124415E-2
-2.320000E-2	-1.277930E-4	5.722080E-6	-3.160233E-2
-2.300000E-2	-1.983650E-4	9.536800E-6	-3.179461E-2
-2.280000E-2	-2.784750E-4	1.144420E-5	-3.251836E-2
-2.260000E-2	-3.681200E-4	1.335150E-5	-3.278684E-2
-2.240000E-2	-4.634880E-4	1.716630E-5	-3.345948E-2
-2.220000E-2	-5.683940E-4	1.907360E-5	-3.408390E-2
-2.200000E-2	-6.752050E-4	1.907360E-5	-3.465399E-2
-2.180000E-2	-7.820170E-4	2.098100E-5	-3.521258E-2
-2.160000E-2	-8.869210E-4	2.479560E-5	-3.562982E-2
-2.140000E-2	-9.841990E-4	2.479560E-5	-3.630117E-2
-2.120000E-2	-1.068120E-3	2.670300E-5	-3.660908E-2
-2.100000E-2	-1.132970E-3	2.861030E-5	-3.726831E-2
-2.080000E-2	-1.178750E-3	2.670300E-5	-3.784838E-2
-2.060000E-2	-1.207360E-3	2.670300E-5	-3.812296E-2
-2.040000E-2	-1.222620E-3	2.670300E-5	-3.868592E-2
-2.020000E-2	-1.226430E-3	2.861030E-5	-3.892818E-2
-2.000000E-2	-1.222620E-3	3.051780E-5	-3.948150E-2
-1.980000E-2	-1.220710E-3	3.623990E-5	-3.979922E-2
-1.960000E-2	-1.220710E-3	3.814720E-5	-4.044391E-2
-1.940000E-2	-1.228340E-3	4.386930E-5	-4.053917E-2
-1.920000E-2	-1.241690E-3	4.577660E-5	-4.132180E-2
-1.900000E-2	-1.266490E-3	4.768390E-5	-4.168943E-2
-1.880000E-2	-1.295100E-3	4.959130E-5	-4.237439E-2
-1.860000E-2	-1.327520E-3	5.149860E-5	-4.284828E-2
-1.840000E-2	-1.359950E-3	5.149860E-5	-4.340920E-2
-1.820000E-2	-1.386650E-3	5.149860E-5	-4.396131E-2
-1.800000E-2	-1.407630E-3	5.149860E-5	-4.452815E-2
-1.780000E-2	-1.419070E-3	4.959130E-5	-4.495021E-2
-1.760000E-2	-1.420980E-3	4.768390E-5	-4.516683E-2
-1.740000E-2	-1.413350E-3	4.577660E-5	-4.554491E-2
-1.720000E-2	-1.394280E-3	4.386930E-5	-4.578375E-2
-1.700000E-2	-1.363760E-3	4.196190E-5	-4.614229E-2
-1.680000E-2	-1.325610E-3	4.196190E-5	-4.620330E-2
-1.660000E-2	-1.276020E-3	4.005460E-5	-4.654232E-2
-1.640000E-2	-1.216900E-3	4.005460E-5	-4.657064E-2
-1.620000E-2	-1.152050E-3	3.814720E-5	-4.682124E-2
-1.600000E-2	-1.081470E-3	3.814720E-5	-4.695548E-2
-1.580000E-2	-1.005180E-3	3.814720E-5	-4.717016E-2
-1.560000E-2	-9.307900E-4	3.623990E-5	-4.762998E-2
-1.540000E-2	-8.640330E-4	3.623990E-5	-4.757768E-2
-1.520000E-2	-8.068120E-4	3.623990E-5	-4.814267E-2
-1.500000E-2	-7.705730E-4	3.623990E-5	-4.831513E-2
-1.480000E-2	-7.553140E-4	3.814720E-5	-4.918655E-2
-1.460000E-2	-7.686650E-4	4.386930E-5	-4.931420E-2
-1.440000E-2	-8.125340E-4	5.149860E-5	-5.029874E-2
-1.420000E-2	-8.831060E-4	5.722070E-5	-5.100139E-2
-1.400000E-2	-9.822920E-4	6.103560E-5	-5.218755E-2
-1.380000E-2	-1.110080E-3	6.103560E-5	-5.346314E-2
-1.360000E-2	-1.264580E-3	5.722070E-5	-5.509812E-2
-1.340000E-2	-1.447690E-3	5.340600E-5	-5.601813E-2
-1.320000E-2	-1.651770E-3	5.149860E-5	-5.739583E-2
-1.300000E-2	-1.876840E-3	5.531330E-5	-5.828659E-2
-1.280000E-2	-2.107640E-3	6.485030E-5	-5.975846E-2
-1.260000E-2	-2.340330E-3	8.201650E-5	-6.060607E-2
-1.240000E-2	-2.561580E-3	9.346050E-5	-6.141379E-2
-1.220000E-2	-2.746600E-3	9.918260E-5	-6.268300E-2
-1.200000E-2	-2.876300E-3	9.536790E-5	-6.106108E-2
-1.180000E-2	-2.910630E-3	8.964590E-5	-6.236491E-2
-1.160000E-2	-2.805720E-3	9.155320E-5	-5.756146E-2
-1.140000E-2	-2.531070E-3	9.536790E-5	-5.829586E-2
-1.120000E-2	-2.029430E-3	1.049050E-4	-5.140039E-2
-1.100000E-2	-1.251230E-3	8.773850E-5	-4.599658E-2
-1.080000E-2	-1.945500E-4	6.485030E-5	-3.779765E-2
-1.060000E-2	1.182560E-3	2.861030E-5	-3.389459E-2
-1.040000E-2	2.767580E-3	-1.144420E-5	-2.493413E-2
-1.020000E-2	4.505190E-3	-6.485030E-5	-2.023816E-2
-1.000000E-2	6.305720E-3	-9.918260E-5	-1.265143E-2
-9.800000E-3	8.100570E-3	-1.182560E-4	-6.338998E-3
-9.600000E-3	9.861050E-3	-1.144410E-4	1.063873E-3
-9.400000E-3	1.151280E-2	-1.144410E-4	1.104877E-2
-9.200000E-3	1.302150E-2	-1.087190E-4	1.939451E-2
-9.000000E-3	1.433380E-2	-1.239790E-4	2.442034E-2
-8.800000E-3	1.547440E-2	-1.316080E-4	3.272407E-2
-8.600000E-3	1.644340E-2	-1.316080E-4	3.934217E-2
-8.400000E-3	1.719870E-2	-1.239790E-4	4.342169E-2
-8.200000E-3	1.770790E-2	-1.239790E-4	5.141890E-2
-8.000000E-3	1.796930E-2	-1.182560E-4	5.382307E-2
-7.800000E-3	1.794450E-2	-1.049050E-4	5.908033E-2
-7.600000E-3	1.764690E-2	-6.866500E-5	5.851257E-2
-7.400000E-3	1.706900E-2	-1.907360E-5	6.188361E-2
-7.200000E-3	1.620690E-2	3.814720E-5	6.049804E-2
-7.000000E-3	1.510820E-2	1.010900E-4	6.191416E-2
-6.800000E-3	1.378830E-2	1.430520E-4	6.083917E-2
-6.600000E-3	1.226240E-2	1.640330E-4	6.029779E-2
-6.400000E-3	1.064310E-2	1.697550E-4	5.848544E-2
-6.200000E-3	8.972230E-3	1.697550E-4	5.669726E-2
-6.000000E-3	7.276560E-3	1.697550E-4	5.511154E-2
-5.800000E-3	5.662950E-3	1.697550E-4	5.349259E-2
-5.600000E-3	4.224810E-3	1.697550E-4	5.216922E-2
-5.400000E-3	2.967850E-3	1.621260E-4	5.093010E-2
-5.200000E-3	1.888280E-3	1.525890E-4	5.029809E-2
-5.000000E-3	9.956430E-4	1.373300E-4	4.939187E-2
-4.800000E-3	2.727530E-4	1.239790E-4	4.850055E-2
-4.600000E-3	-3.013630E-4	1.144410E-4	4.825357E-2
-4.400000E-3	-7.286110E-4	1.068120E-4	4.754786E-2
-4.200000E-3	-1.041420E-3	1.029970E-4	4.749954E-2
-4.000000E-3	-1.249320E-3	9.918260E-5	4.706378E-2
-3.800000E-3	-1.371390E-3	9.346050E-5	4.681596E-2
-3.600000E-3	-1.422890E-3	8.773850E-5	4.661812E-2
-3.400000E-3	-1.419070E-3	7.820180E-5	4.633735E-2
-3.200000E-3	-1.373300E-3	7.057240E-5	4.623847E-2
-3.000000E-3	-1.297000E-3	6.294300E-5	4.595261E-2
-2.800000E-3	-1.209270E-3	5.340600E-5	4.592705E-2
-2.600000E-3	-1.117710E-3	4.768390E-5	4.568339E-2
-2.400000E-3	-1.029980E-3	4.005460E-5	4.552555E-2
-2.200000E-3	-9.536780E-4	3.623990E-5	4.521820E-2
-2.000000E-3	-8.945500E-4	3.051780E-5	4.484939E-2
-1.800000E-3	-8.544960E-4	2.670300E-5	4.424135E-2
-1.600000E-3	-8.335150E-4	2.479560E-5	4.407139E-2
-1.400000E-3	-8.335150E-4	2.479560E-5	4.368247E-2
-1.200000E-3	-8.468670E-4	2.479560E-5	4.335337E-2
-1.000000E-3	-8.716620E-4	2.288830E-5	4.284180E-2
-8.000000E-4	-9.117160E-4	2.098100E-5	4.220488E-2
-6.000000E-4	-9.594000E-4	2.098100E-5	4.150723E-2
-4.000000E-4	-1.012810E-3	2.288830E-5	4.084495E-2
-2.000000E-4	-1.070030E-3	2.288830E-5	4.016035E-2
-5.204170E-18	-1.131070E-3	2.479560E-5	3.967036E-2
2.000000E-4	-1.188290E-3	2.479560E-5	3.932690E-2
4.000000E-4	-1.241690E-3	2.670300E-5	3.895428E-2
6.000000E-4	-1.285560E-3	2.861030E-5	3.841614E-2
8.000000E-4	-1.321800E-3	3.242520E-5	3.797937E-2
1.000000E-3	-1.338970E-3	4.005460E-5	3.711519E-2
1.200000E-3	-1.325610E-3	3.814720E-5	3.733116E-2
1.400000E-3	-1.304630E-3	3.814720E-5	3.701326E-2
1.600000E-3	-1.281750E-3	3.814720E-5	3.676118E-2
1.800000E-3	-1.256950E-3	3.814720E-5	3.620989E-2
2.000000E-3	-1.232150E-3	3.814720E-5	3.552798E-2
2.200000E-3	-1.214990E-3	3.623990E-5	3.503316E-2
2.400000E-3	-1.203540E-3	3.433250E-5	3.462972E-2
2.600000E-3	-1.205450E-3	3.242520E-5	3.371360E-2
2.800000E-3	-1.222620E-3	3.051780E-5	3.349707E-2
3.000000E-3	-1.249320E-3	3.051780E-5	3.292846E-2
3.200000E-3	-1.281750E-3	3.433250E-5	3.238320E-2
3.400000E-3	-1.314170E-3	3.814720E-5	3.206511E-2
3.600000E-3	-1.344690E-3	4.196190E-5	3.159140E-2
3.800000E-3	-1.363760E-3	4.577660E-5	3.114621E-2
4.000000E-3	-1.371390E-3	4.959130E-5	3.083072E-2
4.200000E-3	-1.361850E-3	5.149860E-5	3.064195E-2
4.400000E-3	-1.337060E-3	5.149860E-5	3.042505E-2
4.600000E-3	-1.297000E-3	4.768390E-5	3.016167E-2
4.800000E-3	-1.241690E-3	4.577660E-5	3.004326E-2
5.000000E-3	-1.176840E-3	4.005460E-5	2.985015E-2
5.200000E-3	-1.100550E-3	3.814720E-5	2.981340E-2
5.400000E-3	-1.018530E-3	3.242520E-5	2.970944E-2
5.600000E-3	-9.326970E-4	2.861030E-5	2.961770E-2
5.800000E-3	-8.430520E-4	2.479560E-5	2.960567E-2
6.000000E-3	-7.495920E-4	2.098100E-5	2.965269E-2
6.200000E-3	-6.599460E-4	1.716630E-5	2.960817E-2
6.400000E-3	-5.703010E-4	1.525890E-5	2.966935E-2
6.600000E-3	-4.863760E-4	1.144420E-5	2.961946E-2
6.800000E-3	-4.043600E-4	1.144420E-5	2.980850E-2
7.000000E-3	-3.280660E-4	7.629450E-6	2.985423E-2
7.200000E-3	-2.555870E-4	5.722080E-6	2.996883E-2
7.400000E-3	-1.850140E-4	1.907360E-6	3.002864E-2
7.600000E-3	-1.201630E-4	0.000000E+0	3.028359E-2
7.800000E-3	-6.103560E-5	0.000000E+0	3.032441E-2
8.000000E-3	-1.907360E-6	-1.907360E-6	3.048189E-2
8.200000E-3	5.149860E-5	-1.907360E-6	3.067981E-2
8.400000E-3	1.049050E-4	-3.814730E-6	3.090246E-2
8.600000E-3	1.564040E-4	-3.814730E-6	3.094088E-2
8.800000E-3	2.002730E-4	-3.814730E-6	3.117926E-2
9.000000E-3	2.422340E-4	-3.814730E-6	3.132229E-2
9.200000E-3	2.784750E-4	-3.814730E-6	3.157196E-2
9.400000E-3	3.147140E-4	-5.722080E-6	3.174212E-2
9.600000E-3	3.433250E-4	-5.722080E-6	3.188153E-2
9.800000E-3	3.681200E-4	-5.722080E-6	3.213056E-2
1.000000E-2	3.891010E-4	-7.629450E-6	3.227711E-2
1.020000E-2	4.043600E-4	-7.629450E-6	3.239162E-2
1.040000E-2	4.119890E-4	-7.629450E-6	3.250160E-2
1.060000E-2	4.138970E-4	-9.536800E-6	3.255058E-2
1.080000E-2	4.081740E-4	-9.536800E-6	3.261834E-2
1.100000E-2	3.967300E-4	-9.536800E-6	3.259835E-2
1.120000E-2	3.776570E-4	-9.536800E-6	3.251355E-2
1.140000E-2	3.490470E-4	-9.536800E-6	3.251549E-2
1.160000E-2	3.109000E-4	-9.536800E-6	3.228719E-2
1.180000E-2	2.613090E-4	-9.536800E-6	3.208271E-2
1.200000E-2	1.983650E-4	-9.536800E-6	3.168556E-2
1.220000E-2	1.239790E-4	-7.629450E-6	3.157956E-2
1.240000E-2	3.433250E-5	-3.814730E-6	3.106789E-2
1.260000E-2	-6.675770E-5	0.000000E+0	3.068583E-2
1.280000E-2	-1.754770E-4	0.000000E+0	3.029988E-2
1.300000E-2	-2.918260E-4	5.722080E-6	3.017009E-2
1.320000E-2	-4.158040E-4	9.536800E-6	2.937339E-2
1.340000E-2	-5.416910E-4	1.335150E-5	2.887321E-2
1.360000E-2	-6.656680E-4	1.907360E-5	2.834358E-2
1.380000E-2	-7.839240E-4	2.288830E-5	2.802281E-2
1.400000E-2	-8.983650E-4	2.479560E-5	2.709410E-2
1.420000E-2	-1.005180E-3	2.479560E-5	2.645755E-2
1.440000E-2	-1.110080E-3	2.670300E-5	2.503902E-2
1.460000E-2	-1.211170E-3	3.242520E-5	2.473527E-2
1.480000E-2	-1.317990E-3	3.814720E-5	2.318076E-2
1.500000E-2	-1.434330E-3	3.814720E-5	2.267594E-2
1.520000E-2	-1.562130E-3	3.814720E-5	2.134323E-2
1.540000E-2	-1.705180E-3	3.623990E-5	2.067243E-2
1.560000E-2	-1.857770E-3	3.242520E-5	1.951866E-2
1.580000E-2	-2.012270E-3	3.433250E-5	1.898136E-2
1.600000E-2	-2.162950E-3	4.386930E-5	1.789924E-2
1.620000E-2	-2.292650E-3	5.722070E-5	1.708402E-2
1.640000E-2	-2.389920E-3	7.438710E-5	1.629648E-2
1.660000E-2	-2.443330E-3	8.773850E-5	1.590888E-2
1.680000E-2	-2.447140E-3	9.918260E-5	1.541249E-2
1.700000E-2	-2.399460E-3	1.049050E-4	1.514976E-2
1.720000E-2	-2.302180E-3	1.049050E-4	1.499089E-2
1.740000E-2	-2.166760E-3	1.049050E-4	1.499404E-2
1.760000E-2	-2.000820E-3	1.010900E-4	1.483527E-2
1.780000E-2	-1.819620E-3	9.346050E-5	1.483926E-2
1.800000E-2	-1.626980E-3	8.583120E-5	1.478158E-2
1.820000E-2	-1.432430E-3	7.820180E-5	1.474335E-2
1.840000E-2	-1.245510E-3	6.866500E-5	1.474289E-2
1.860000E-2	-1.071940E-3	5.912800E-5	1.476834E-2
1.880000E-2	-9.117160E-4	5.149860E-5	1.482306E-2
1.900000E-2	-7.667580E-4	4.386930E-5	1.479130E-2
1.920000E-2	-6.370580E-4	3.814720E-5	1.487639E-2
1.940000E-2	-5.226170E-4	3.051780E-5	1.488313E-2
1.960000E-2	-4.234330E-4	2.479560E-5	1.491174E-2
1.980000E-2	-3.337880E-4	2.098100E-5	1.500885E-2
2.000000E-2	-2.574940E-4	1.716630E-5	1.502876E-2
2.020000E-2	-1.869210E-4	1.335150E-5	1.513263E-2
2.040000E-2	-1.277930E-4	1.144420E-5	1.521076E-2
2.060000E-2	-7.438710E-5	7.629450E-6	1.533009E-2
2.080000E-2	-2.479560E-5	5.722080E-6	1.543619E-2
2.100000E-2	2.098100E-5	1.907360E-6	1.554329E-2
2.120000E-2	6.103560E-5	0.000000E+0	1.566373E-2
2.140000E-2	9.727520E-5	0.000000E+0	1.574548E-2
2.160000E-2	1.316080E-4	0.000000E+0	1.583583E-2
2.180000E-2	1.640330E-4	-1.907360E-6	1.597933E-2
2.200000E-2	1.964580E-4	-1.907360E-6	1.612633E-2
2.220000E-2	2.269750E-4	-1.907360E-6	1.650284E-2
2.240000E-2	2.594010E-4	-3.814730E-6	1.672613E-2
2.260000E-2	2.899190E-4	-3.814730E-6	1.688693E-2
2.280000E-2	3.204360E-4	-5.722080E-6	1.705820E-2
2.300000E-2	3.528610E-4	-5.722080E-6	1.728491E-2
2.320000E-2	3.814720E-4	-7.629450E-6	1.739082E-2
2.340000E-2	4.138970E-4	-9.536800E-6	1.759985E-2
2.360000E-2	4.444140E-4	-9.536800E-6	1.785314E-2
2.380000E-2	4.730240E-4	-1.144420E-5	1.808976E-2
2.400000E-2	5.016360E-4	-1.335150E-5	1.829343E-2
2.420000E-2	5.302470E-4	-1.335150E-5	1.859226E-2
2.440000E-2	5.569500E-4	-1.525890E-5	1.896163E-2
2.460000E-2	5.855600E-4	-1.716630E-5	1.921011E-2
2.480000E-2	6.122630E-4	-1.716630E-5	1.962614E-2
2.500000E-2	6.389660E-4	-1.716630E-5	2.002588E-2
2.520000E-2	6.637610E-4	-1.907360E-5	2.039248E-2
2.540000E-2	6.904640E-4	-1.907360E-5	2.076852E-2
2.560000E-2	7.152590E-4	-2.098100E-5	2.089146E-2
2.580000E-2	7.400550E-4	-2.288830E-5	2.127797E-2
2.600000E-2	7.648510E-4	-2.479560E-5	2.166474E-2
2.620000E-2	7.896460E-4	-2.479560E-5	2.208836E-2
2.640000E-2	8.106270E-4	-2.670300E-5	2.222954E-2
2.660000E-2	8.316080E-4	-2.670300E-5	2.261975E-2
2.680000E-2	8.525890E-4	-2.670300E-5	2.297098E-2
2.700000E-2	8.716620E-4	-2.670300E-5	2.336766E-2
2.720000E-2	8.926430E-4	-2.670300E-5	2.372926E-2
2.740000E-2	9.136240E-4	-2.479560E-5	2.418584E-2
2.760000E-2	9.365120E-4	-2.288830E-5	2.450153E-2
2.780000E-2	9.594000E-4	-2.098100E-5	2.520361E-2
2.800000E-2	9.803850E-4	-2.098100E-5	2.534118E-2
2.820000E-2	1.003270E-3	-1.907360E-5	2.586266E-2
2.840000E-2	1.028070E-3	-1.907360E-5	2.642385E-2
2.860000E-2	1.050960E-3	-1.907360E-5	2.676684E-2
2.880000E-2	1.075750E-3	-2.098100E-5	2.736682E-2
2.900000E-2	1.100550E-3	-2.098100E-5	2.786682E-2
2.920000E-2	1.127250E-3	-2.288830E-5	2.851179E-2
2.940000E-2	1.155860E-3	-2.288830E-5	2.900263E-2
2.960000E-2	1.186380E-3	-2.288830E-5	2.974759E-2
2.980000E-2	1.220710E-3	-2.479560E-5	3.036080E-2
3.000000E-2	1.258860E-3	-2.670300E-5	3.075499E-2
3.020000E-2	1.302730E-3	-2.670300E-5	3.174063E-2
3.040000E-2	1.348500E-3	-3.051780E-5	3.227775E-2
3.060000E-2	1.400000E-3	-3.242520E-5	3.319518E-2
3.080000E-2	1.451500E-3	-3.623990E-5	3.357094E-2
3.100000E-2	1.504910E-3	-3.814720E-5	3.488032E-2
3.120000E-2	1.564030E-3	-4.005460E-5	3.560500E-2
3.140000E-2	1.623160E-3	-4.005460E-5	3.645253E-2
3.160000E-2	1.686100E-3	-4.005460E-5	3.723442E-2
3.180000E-2	1.749050E-3	-4.005460E-5	3.824109E-2
3.200000E-2	1.817710E-3	-4.005460E-5	3.892022E-2
3.220000E-2	1.888280E-3	-4.386930E-5	3.952705E-2
3.240000E-2	1.962680E-3	-4.577660E-5	4.044734E-2
3.260000E-2	2.037060E-3	-4.768390E-5	4.127126E-2
3.280000E-2	2.113360E-3	-5.149860E-5	4.236087E-2
3.300000E-2	2.191560E-3	-5.340600E-5	4.358990E-2
3.320000E-2	2.269760E-3	-5.531330E-5	4.457287E-2
3.340000E-2	2.355590E-3	-6.103560E-5	4.561202E-2
3.360000E-2	2.445240E-3	-6.485030E-5	4.720820E-2
3.380000E-2	2.536790E-3	-6.675770E-5	4.860035E-2
3.400000E-2	2.637880E-3	-6.675770E-5	4.993195E-2
3.420000E-2	2.737060E-3	-6.675770E-5	5.083836E-2
3.440000E-2	2.843870E-3	-6.675770E-5	5.257109E-2
3.460000E-2	2.954500E-3	-6.866500E-5	5.341537E-2
3.480000E-2	3.065120E-3	-7.247970E-5	5.450822E-2
3.500000E-2	3.181470E-3	-7.820180E-5	5.635501E-2
3.520000E-2	3.309260E-3	-8.010910E-5	5.807867E-2
3.540000E-2	3.435150E-3	-8.583120E-5	5.932566E-2
3.560000E-2	3.566760E-3	-8.964590E-5	6.132825E-2
3.580000E-2	3.698360E-3	-9.346050E-5	6.319086E-2
3.600000E-2	3.835690E-3	-9.727520E-5	6.544979E-2
3.620000E-2	3.976850E-3	-1.010900E-4	6.615142E-2
3.640000E-2	4.129440E-3	-1.010900E-4	6.883536E-2
3.660000E-2	4.276310E-3	-1.010900E-4	7.166677E-2
3.680000E-2	4.446060E-3	-9.536790E-5	7.293774E-2
3.700000E-2	4.619630E-3	-9.346050E-5	7.593375E-2
3.720000E-2	4.804640E-3	-9.536790E-5	7.887015E-2
3.740000E-2	4.995380E-3	-1.010900E-4	8.123240E-2
3.760000E-2	5.199460E-3	-1.049050E-4	8.298577E-2
3.780000E-2	5.407360E-3	-1.068120E-4	8.556732E-2
3.800000E-2	5.626710E-3	-1.068120E-4	8.897752E-2
3.820000E-2	5.847960E-3	-1.106270E-4	9.121396E-2
3.840000E-2	6.080660E-3	-1.163490E-4	9.271192E-2
3.860000E-2	6.320980E-3	-1.258860E-4	9.714303E-2
3.880000E-2	6.568940E-3	-1.373300E-4	9.879151E-2
3.900000E-2	6.818800E-3	-1.430520E-4	1.039842E-1
3.920000E-2	7.072480E-3	-1.506810E-4	1.065435E-1
3.940000E-2	7.316620E-3	-1.583110E-4	1.107885E-1
3.960000E-2	7.562670E-3	-1.640330E-4	1.142496E-1
3.980000E-2	7.802990E-3	-1.716620E-4	1.173667E-1
4.000000E-2	8.024280E-3	-1.850140E-4	1.195022E-1
4.020000E-2	8.245530E-3	-1.945500E-4	1.236680E-1
4.040000E-2	8.449610E-3	-2.002730E-4	1.281968E-1
4.060000E-2	8.661330E-3	-2.059950E-4	1.299599E-1
4.080000E-2	8.855880E-3	-2.136240E-4	1.343667E-1
4.100000E-2	9.038980E-3	-2.250680E-4	1.369132E-1
4.120000E-2	9.203020E-3	-2.403270E-4	1.414393E-1
4.140000E-2	9.349880E-3	-2.536790E-4	1.445483E-1
4.160000E-2	9.471950E-3	-2.689380E-4	1.487700E-1
4.180000E-2	9.576860E-3	-2.784750E-4	1.514573E-1
4.200000E-2	9.662690E-3	-2.899190E-4	1.550704E-1
4.220000E-2	9.727540E-3	-2.918260E-4	1.579397E-1
4.240000E-2	9.769500E-3	-2.918260E-4	1.623613E-1
4.260000E-2	9.786670E-3	-2.861040E-4	1.649273E-1
4.280000E-2	9.777130E-3	-2.822890E-4	1.680418E-1
4.300000E-2	9.748520E-3	-2.765670E-4	1.718815E-1
4.320000E-2	9.698930E-3	-2.689380E-4	1.745483E-1
4.340000E-2	9.641710E-3	-2.594010E-4	1.777961E-1
4.360000E-2	9.571140E-3	-2.574940E-4	1.802732E-1
4.380000E-2	9.492930E-3	-2.555870E-4	1.839335E-1
4.400000E-2	9.403290E-3	-2.594010E-4	1.877556E-1
4.420000E-2	9.296480E-3	-2.574940E-4	1.911061E-1
4.440000E-2	9.176310E-3	-2.574940E-4	1.944444E-1
4.460000E-2	9.042800E-3	-2.555870E-4	1.978438E-1
4.480000E-2	8.903560E-3	-2.517720E-4	2.010222E-1
4.500000E-2	8.766230E-3	-2.384200E-4	2.042653E-1
4.520000E-2	8.628900E-3	-2.288830E-4	2.068924E-1
4.540000E-2	8.497300E-3	-2.155310E-4	2.089384E-1
4.560000E-2	8.369510E-3	-2.002730E-4	2.107099E-1
4.580000E-2	8.251250E-3	-1.869210E-4	2.138790E-1
4.600000E-2	8.134900E-3	-1.831060E-4	2.155634E-1
4.620000E-2	8.022370E-3	-1.773840E-4	2.192903E-1
4.640000E-2	7.917460E-3	-1.754770E-4	2.209451E-1
4.660000E-2	7.810620E-3	-1.716620E-4	2.235630E-1
4.680000E-2	7.713350E-3	-1.640330E-4	2.258958E-1
4.700000E-2	7.614170E-3	-1.602180E-4	2.279448E-1
4.720000E-2	7.518800E-3	-1.525890E-4	2.301685E-1
4.740000E-2	7.427250E-3	-1.487740E-4	2.317919E-1
4.760000E-2	7.337600E-3	-1.430520E-4	2.353134E-1
4.780000E-2	7.249860E-3	-1.392370E-4	2.380995E-1
4.800000E-2	7.169750E-3	-1.335150E-4	2.406544E-1
4.820000E-2	7.089640E-3	-1.239790E-4	2.431343E-1
4.840000E-2	7.013350E-3	-1.106270E-4	2.448123E-1
4.860000E-2	6.942780E-3	-9.918260E-5	2.465921E-1
4.880000E-2	6.874110E-3	-8.964590E-5	2.489619E-1
4.900000E-2	6.809260E-3	-8.201650E-5	2.519155E-1
4.920000E-2	6.744410E-3	-8.010910E-5	2.533807E-1
4.940000E-2	6.679560E-3	-8.010910E-5	2.559365E-1
4.960000E-2	6.614710E-3	-8.583120E-5	2.577367E-1
4.980000E-2	6.547960E-3	-9.346050E-5	2.601592E-1
5.000000E-2	6.481200E-3	-9.918260E-5	2.623450E-1
5.020000E-2	6.412540E-3	-1.068120E-4	2.642875E-1
5.040000E-2	6.347690E-3	-1.106270E-4	2.665252E-1
5.060000E-2	6.280930E-3	-1.144410E-4	2.695148E-1
5.080000E-2	6.216080E-3	-1.163490E-4	2.710142E-1
5.100000E-2	6.151230E-3	-1.163490E-4	2.732213E-1
5.120000E-2	6.090190E-3	-1.163490E-4	2.750121E-1
5.140000E-2	6.031070E-3	-1.182560E-4	2.780731E-1
5.160000E-2	5.973850E-3	-1.201630E-4	2.791775E-1
5.180000E-2	5.916630E-3	-1.201630E-4	2.816546E-1
5.200000E-2	5.861310E-3	-1.201630E-4	2.827508E-1
5.220000E-2	5.809810E-3	-1.163490E-4	2.847008E-1
5.240000E-2	5.760220E-3	-1.163490E-4	2.875701E-1
5.260000E-2	5.714450E-3	-1.144410E-4	2.888863E-1
5.280000E-2	5.664860E-3	-1.163490E-4	2.911286E-1
5.300000E-2	5.617170E-3	-1.182560E-4	2.929583E-1
5.320000E-2	5.565670E-3	-1.163490E-4	2.956556E-1
5.340000E-2	5.514170E-3	-1.144410E-4	2.967037E-1
5.360000E-2	5.464580E-3	-1.106270E-4	2.983447E-1
5.380000E-2	5.424530E-3	-1.068120E-4	3.006184E-1
5.400000E-2	5.382570E-3	-1.049050E-4	3.025183E-1
5.420000E-2	5.344420E-3	-1.049050E-4	3.034369E-1
5.440000E-2	5.306270E-3	-1.068120E-4	3.056365E-1
5.460000E-2	5.268130E-3	-1.106270E-4	3.073663E-1
5.480000E-2	5.228070E-3	-1.125340E-4	3.094652E-1
5.500000E-2	5.189930E-3	-1.125340E-4	3.115020E-1
5.520000E-2	5.157500E-3	-1.106270E-4	3.139709E-1
5.540000E-2	5.125080E-3	-1.087190E-4	3.146286E-1
5.560000E-2	5.098370E-3	-1.068120E-4	3.170688E-1
5.580000E-2	5.075480E-3	-1.087190E-4	3.184461E-1
5.600000E-2	5.050690E-3	-1.106270E-4	3.206402E-1
5.620000E-2	5.027800E-3	-1.144410E-4	3.220287E-1
5.640000E-2	5.003010E-3	-1.163490E-4	3.231257E-1
5.660000E-2	4.980120E-3	-1.201630E-4	3.245040E-1
5.680000E-2	4.961040E-3	-1.201630E-4	3.266316E-1
5.700000E-2	4.943880E-3	-1.201630E-4	3.281004E-1
5.720000E-2	4.928620E-3	-1.182560E-4	3.298756E-1
5.740000E-2	4.911450E-3	-1.201630E-4	3.309661E-1
5.760000E-2	4.888560E-3	-1.201630E-4	3.333175E-1
5.780000E-2	4.867580E-3	-1.201630E-4	3.348540E-1
5.800000E-2	4.846600E-3	-1.201630E-4	3.367891E-1
5.820000E-2	4.831340E-3	-1.239790E-4	3.380823E-1
5.840000E-2	4.810360E-3	-1.277930E-4	3.403615E-1
5.860000E-2	4.791290E-3	-1.316080E-4	3.415945E-1
5.880000E-2	4.766490E-3	-1.316080E-4	3.436795E-1
5.900000E-2	4.743610E-3	-1.277930E-4	3.452742E-1
5.920000E-2	4.718810E-3	-1.239790E-4	3.468607E-1
5.940000E-2	4.697830E-3	-1.182560E-4	3.480669E-1
5.960000E-2	4.674940E-3	-1.106270E-4	3.496986E-1
5.980000E-2	4.659680E-3	-1.049050E-4	3.508956E-1
6.000000E-2	4.642520E-3	-1.010900E-4	3.525171E-1
6.020000E-2	4.629160E-3	-9.536790E-5	3.539351E-1
6.040000E-2	4.615810E-3	-9.346050E-5	3.555419E-1
6.060000E-2	4.606280E-3	-9.346050E-5	3.572800E-1
6.080000E-2	4.594830E-3	-9.727520E-5	3.589940E-1
6.100000E-2	4.581480E-3	-1.029970E-4	3.606562E-1
6.120000E-2	4.566220E-3	-1.068120E-4	3.625230E-1
6.140000E-2	4.550960E-3	-1.144410E-4	3.636931E-1
6.160000E-2	4.535700E-3	-1.201630E-4	3.647995E-1
6.180000E-2	4.520450E-3	-1.201630E-4	3.667096E-1
6.200000E-2	4.505190E-3	-1.201630E-4	3.680194E-1
6.220000E-2	4.491840E-3	-1.182560E-4	3.690545E-1
6.240000E-2	4.474670E-3	-1.144410E-4	3.710276E-1
6.260000E-2	4.457500E-3	-1.106270E-4	3.732013E-1
6.280000E-2	4.440340E-3	-1.087190E-4	3.748441E-1
6.300000E-2	4.426990E-3	-1.106270E-4	3.761096E-1
6.320000E-2	4.411730E-3	-1.125340E-4	3.782103E-1
6.340000E-2	4.400280E-3	-1.144410E-4	3.788180E-1
6.360000E-2	4.386930E-3	-1.182560E-4	3.805543E-1
6.380000E-2	4.375490E-3	-1.201630E-4	3.815791E-1
6.400000E-2	4.362140E-3	-1.201630E-4	3.837280E-1
6.420000E-2	4.350690E-3	-1.220710E-4	3.849138E-1
6.440000E-2	4.337340E-3	-1.220710E-4	3.867185E-1
6.460000E-2	4.327800E-3	-1.220710E-4	3.880404E-1
6.480000E-2	4.316360E-3	-1.220710E-4	3.895666E-1
6.500000E-2	4.308730E-3	-1.220710E-4	3.913797E-1
6.520000E-2	4.303010E-3	-1.201630E-4	3.930873E-1
6.540000E-2	4.299190E-3	-1.201630E-4	3.937329E-1
6.560000E-2	4.289660E-3	-1.182560E-4	3.960953E-1
6.580000E-2	4.285840E-3	-1.163490E-4	3.973146E-1
6.600000E-2	4.282030E-3	-1.163490E-4	3.988566E-1
6.620000E-2	4.276310E-3	-1.144410E-4	4.001275E-1
6.640000E-2	4.268680E-3	-1.163490E-4	4.019997E-1
6.660000E-2	4.261050E-3	-1.182560E-4	4.038507E-1
6.680000E-2	4.247700E-3	-1.201630E-4	4.055360E-1
6.700000E-2	4.234340E-3	-1.239790E-4	4.061300E-1
6.720000E-2	4.219080E-3	-1.258860E-4	4.079384E-1
6.740000E-2	4.203830E-3	-1.277930E-4	4.096163E-1
6.760000E-2	4.190470E-3	-1.277930E-4	4.116411E-1
6.780000E-2	4.177120E-3	-1.258860E-4	4.131637E-1
6.800000E-2	4.167590E-3	-1.220710E-4	4.148565E-1
6.820000E-2	4.159960E-3	-1.182560E-4	4.167241E-1
6.840000E-2	4.158050E-3	-1.125340E-4	4.183725E-1
6.860000E-2	4.154240E-3	-1.068120E-4	4.192854E-1
6.880000E-2	4.150420E-3	-1.029970E-4	4.210208E-1
6.900000E-2	4.144700E-3	-9.918260E-5	4.219459E-1
6.920000E-2	4.142790E-3	-9.536790E-5	4.231872E-1
6.940000E-2	4.137070E-3	-9.346050E-5	4.251510E-1
6.960000E-2	4.133250E-3	-9.155320E-5	4.266578E-1
6.980000E-2	4.125620E-3	-9.155320E-5	4.276069E-1
7.000000E-2	4.118000E-3	-8.964590E-5	4.287807E-1
7.020000E-2	4.108460E-3	-8.964590E-5	4.300063E-1
7.040000E-2	4.100830E-3	-8.392380E-5	4.316566E-1
7.060000E-2	4.095110E-3	-8.010910E-5	4.325705E-1
7.080000E-2	4.089390E-3	-7.438710E-5	4.346055E-1
7.100000E-2	4.085570E-3	-7.438710E-5	4.355860E-1
7.120000E-2	4.079850E-3	-7.438710E-5	4.372011E-1
7.140000E-2	4.074130E-3	-7.438710E-5	4.382760E-1
7.160000E-2	4.066500E-3	-7.247970E-5	4.399595E-1
7.180000E-2	4.055050E-3	-6.866500E-5	4.413155E-1
7.200000E-2	4.041700E-3	-6.675770E-5	4.431906E-1
7.220000E-2	4.032160E-3	-6.485030E-5	4.443135E-1
7.240000E-2	4.022630E-3	-6.485030E-5	4.456613E-1
7.260000E-2	4.015000E-3	-6.675770E-5	4.474909E-1
7.280000E-2	4.011180E-3	-7.057240E-5	4.491920E-1
7.300000E-2	4.009280E-3	-7.438710E-5	4.498210E-1
7.320000E-2	4.005460E-3	-7.629440E-5	4.515628E-1
7.340000E-2	4.003550E-3	-7.820180E-5	4.517719E-1
7.360000E-2	3.999740E-3	-7.820180E-5	4.534490E-1
7.380000E-2	3.995930E-3	-7.820180E-5	4.549086E-1
7.400000E-2	3.990200E-3	-8.010910E-5	4.562564E-1
7.420000E-2	3.986390E-3	-8.392380E-5	4.576161E-1
7.440000E-2	3.978760E-3	-8.773850E-5	4.592866E-1
7.460000E-2	3.973040E-3	-9.346050E-5	4.599009E-1
7.480000E-2	3.961590E-3	-9.727520E-5	4.622153E-1
7.500000E-2	3.952060E-3	-1.029970E-4	4.636962E-1
7.520000E-2	3.940610E-3	-1.068120E-4	4.650403E-1
7.540000E-2	3.931080E-3	-1.087190E-4	4.661512E-1
7.560000E-2	3.921540E-3	-1.068120E-4	4.679763E-1
7.580000E-2	3.913910E-3	-1.068120E-4	4.692121E-1
7.600000E-2	3.908190E-3	-1.049050E-4	4.705358E-1
7.620000E-2	3.906280E-3	-1.029970E-4	4.715570E-1
7.640000E-2	3.902450E-3	-1.010900E-4	4.727697E-1
7.660000E-2	3.902450E-3	-1.010900E-4	4.742081E-1
7.680000E-2	3.900540E-3	-9.918260E-5	4.758926E-1
7.700000E-2	3.902450E-3	-9.918260E-5	4.772061E-1
7.720000E-2	3.898640E-3	-1.010900E-4	4.784651E-1
7.740000E-2	3.894820E-3	-1.029970E-4	4.797397E-1
7.760000E-2	3.887190E-3	-1.068120E-4	4.810402E-1
7.780000E-2	3.881470E-3	-1.106270E-4	4.825905E-1
7.800000E-2	3.873840E-3	-1.144410E-4	4.839245E-1
7.820000E-2	3.868120E-3	-1.144410E-4	4.859761E-1
7.840000E-2	3.860490E-3	-1.144410E-4	4.867476E-1
7.860000E-2	3.854770E-3	-1.106270E-4	4.884959E-1
7.880000E-2	3.850950E-3	-1.049050E-4	4.897021E-1
7.900000E-2	3.850950E-3	-9.727520E-5	4.913070E-1
7.920000E-2	3.852860E-3	-9.346050E-5	4.922394E-1
7.940000E-2	3.854770E-3	-8.773850E-5	4.940450E-1
7.960000E-2	3.856670E-3	-8.201650E-5	4.953603E-1
7.980000E-2	3.860490E-3	-7.629440E-5	4.967340E-1
8.000000E-2	3.864300E-3	-6.866500E-5	4.976535E-1
8.020000E-2	3.868120E-3	-6.675770E-5	4.991224E-1
8.040000E-2	3.873840E-3	-6.485030E-5	5.010057E-1
8.060000E-2	3.879560E-3	-6.675770E-5	5.020990E-1
8.080000E-2	3.883380E-3	-6.866500E-5	5.036383E-1
8.100000E-2	3.889100E-3	-7.247970E-5	5.047123E-1
8.120000E-2	3.892910E-3	-8.010910E-5	5.061599E-1
8.140000E-2	3.894820E-3	-8.583120E-5	5.071811E-1
8.160000E-2	3.889100E-3	-9.536790E-5	5.087768E-1
8.180000E-2	3.883380E-3	-1.029970E-4	5.099284E-1
8.200000E-2	3.877650E-3	-1.106270E-4	5.114806E-1
8.220000E-2	3.870030E-3	-1.163490E-4	5.124564E-1
8.240000E-2	3.862400E-3	-1.182560E-4	5.144462E-1
8.260000E-2	3.854770E-3	-1.182560E-4	5.150742E-1
8.280000E-2	3.850950E-3	-1.201630E-4	5.165746E-1
8.300000E-2	3.843320E-3	-1.220710E-4	5.178484E-1
8.320000E-2	3.839510E-3	-1.220710E-4	5.188733E-1
8.340000E-2	3.833790E-3	-1.201630E-4	5.203182E-1
8.360000E-2	3.829970E-3	-1.182560E-4	5.216992E-1
8.380000E-2	3.826160E-3	-1.125340E-4	5.235917E-1
8.400000E-2	3.826160E-3	-1.068120E-4	5.243540E-1
8.420000E-2	3.828060E-3	-1.010900E-4	5.259514E-1
8.440000E-2	3.828060E-3	-9.727520E-5	5.271022E-1
8.460000E-2	3.828060E-3	-9.346050E-5	5.285128E-1
8.480000E-2	3.826160E-3	-9.346050E-5	5.297265E-1
8.500000E-2	3.822340E-3	-9.346050E-5	5.315867E-1
8.520000E-2	3.818530E-3	-9.536790E-5	5.326032E-1
8.540000E-2	3.814710E-3	-9.727520E-5	5.345420E-1
8.560000E-2	3.812800E-3	-9.918260E-5	5.353635E-1
8.580000E-2	3.812800E-3	-1.010900E-4	5.372801E-1
8.600000E-2	3.814710E-3	-1.010900E-4	5.372487E-1
8.620000E-2	3.814710E-3	-1.010900E-4	5.385797E-1
8.640000E-2	3.814710E-3	-9.918260E-5	5.403215E-1
8.660000E-2	3.816620E-3	-9.918260E-5	5.420772E-1
8.680000E-2	3.814710E-3	-9.918260E-5	5.433297E-1
8.700000E-2	3.814710E-3	-9.727520E-5	5.448606E-1
8.720000E-2	3.814710E-3	-9.346050E-5	5.459068E-1
8.740000E-2	3.814710E-3	-9.155320E-5	5.472480E-1
8.760000E-2	3.814710E-3	-8.964590E-5	5.484265E-1
8.780000E-2	3.814710E-3	-8.964590E-5	5.495402E-1
8.800000E-2	3.812800E-3	-8.964590E-5	5.502719E-1
8.820000E-2	3.810900E-3	-9.155320E-5	5.521441E-1
8.840000E-2	3.807080E-3	-9.536790E-5	5.536176E-1
8.860000E-2	3.803270E-3	-9.918260E-5	5.549682E-1
8.880000E-2	3.795640E-3	-1.029970E-4	5.561707E-1
8.900000E-2	3.788010E-3	-1.068120E-4	5.567978E-1
8.920000E-2	3.780380E-3	-1.087190E-4	5.582936E-1
8.940000E-2	3.774660E-3	-1.106270E-4	5.596644E-1
8.960000E-2	3.767030E-3	-1.125340E-4	5.617272E-1
8.980000E-2	3.761310E-3	-1.163490E-4	5.628354E-1
9.000000E-2	3.755580E-3	-1.182560E-4	5.643663E-1
