-1.100000E-1	4.488020E-3	-5.531330E-5	-5.809771E-1
-1.098000E-1	4.287750E-3	-5.531330E-5	-5.789495E-1
-1.096000E-1	4.127530E-3	-5.340600E-5	-5.773067E-1
-1.094000E-1	3.999740E-3	-5.340600E-5	-5.762226E-1
-1.092000E-1	3.900540E-3	-5.340600E-5	-5.746168E-1
-1.090000E-1	3.822340E-3	-5.340600E-5	-5.741089E-1
-1.088000E-1	3.761310E-3	-5.531330E-5	-5.728362E-1
-1.086000E-1	3.713620E-3	-5.722070E-5	-5.715337E-1
-1.084000E-1	3.679290E-3	-5.912800E-5	-5.699158E-1
-1.082000E-1	3.652590E-3	-6.103560E-5	-5.689289E-1
-1.080000E-1	3.629700E-3	-6.103560E-5	-5.673656E-1
-1.078000E-1	3.612530E-3	-5.722070E-5	-5.657875E-1
-1.076000E-1	3.597270E-3	-5.531330E-5	-5.640216E-1
-1.074000E-1	3.585830E-3	-5.340600E-5	-5.627007E-1
-1.072000E-1	3.578200E-3	-5.340600E-5	-5.621023E-1
-1.070000E-1	3.568660E-3	-5.340600E-5	-5.606065E-1
-1.068000E-1	3.564850E-3	-5.149860E-5	-5.588092E-1
-1.066000E-1	3.561030E-3	-5.340600E-5	-5.577807E-1
-1.064000E-1	3.562940E-3	-5.340600E-5	-5.565837E-1
-1.062000E-1	3.564850E-3	-5.531330E-5	-5.555782E-1
-1.060000E-1	3.566760E-3	-5.722070E-5	-5.541093E-1
-1.058000E-1	3.572480E-3	-5.722070E-5	-5.528216E-1
-1.056000E-1	3.576290E-3	-5.531330E-5	-5.515821E-1
-1.054000E-1	3.582020E-3	-5.340600E-5	-5.503435E-1
-1.052000E-1	3.589650E-3	-4.959130E-5	-5.490152E-1
-1.050000E-1	3.595370E-3	-4.768390E-5	-5.479764E-1
-1.048000E-1	3.601090E-3	-4.386930E-5	-5.463484E-1
-1.046000E-1	3.606810E-3	-4.005460E-5	-5.451274E-1
-1.044000E-1	3.614440E-3	-3.623990E-5	-5.434281E-1
-1.042000E-1	3.620160E-3	-3.242520E-5	-5.424735E-1
-1.040000E-1	3.627790E-3	-2.861030E-5	-5.412450E-1
-1.038000E-1	3.633510E-3	-2.670300E-5	-5.394293E-1
-1.036000E-1	3.639240E-3	-2.670300E-5	-5.382138E-1
-1.034000E-1	3.641140E-3	-2.861030E-5	-5.368383E-1
-1.032000E-1	3.641140E-3	-2.861030E-5	-5.354147E-1
-1.030000E-1	3.641140E-3	-2.861030E-5	-5.341327E-1
-1.028000E-1	3.637330E-3	-2.861030E-5	-5.331336E-1
-1.026000E-1	3.635420E-3	-2.670300E-5	-5.318757E-1
-1.024000E-1	3.631610E-3	-2.479560E-5	-5.304040E-1
-1.022000E-1	3.629700E-3	-2.288830E-5	-5.288860E-1
-1.020000E-1	3.629700E-3	-2.288830E-5	-5.271340E-1
-1.018000E-1	3.629700E-3	-2.479560E-5	-5.258880E-1
-1.016000E-1	3.627790E-3	-2.670300E-5	-5.244589E-1
-1.014000E-1	3.623980E-3	-3.051780E-5	-5.239196E-1
-1.012000E-1	3.620160E-3	-3.433250E-5	-5.224035E-1
-1.010000E-1	3.618260E-3	-4.005460E-5	-5.210039E-1
-1.008000E-1	3.618260E-3	-4.386930E-5	-5.191937E-1
-1.006000E-1	3.620160E-3	-4.768390E-5	-5.178238E-1
-1.004000E-1	3.623980E-3	-4.768390E-5	-5.166250E-1
-1.002000E-1	3.627790E-3	-4.959130E-5	-5.155908E-1
-1.000000E-1	3.629700E-3	-4.959130E-5	-5.139378E-1
-9.980000E-2	3.629700E-3	-4.959130E-5	-5.129896E-1
-9.960000E-2	3.629700E-3	-4.768390E-5	-5.112534E-1
-9.940000E-2	3.629700E-3	-4.577660E-5	-5.100666E-1
-9.920000E-2	3.631610E-3	-4.577660E-5	-5.089344E-1
-9.900000E-2	3.635420E-3	-4.768390E-5	-5.078650E-1
-9.880000E-2	3.637330E-3	-4.577660E-5	-5.063425E-1
-9.860000E-2	3.643050E-3	-4.196190E-5	-5.055174E-1
-9.840000E-2	3.648770E-3	-4.005460E-5	-5.035490E-1
-9.820000E-2	3.656400E-3	-3.814720E-5	-5.021208E-1
-9.800000E-2	3.664030E-3	-3.433250E-5	-5.004298E-1
-9.780000E-2	3.669750E-3	-3.051780E-5	-4.999156E-1
-9.760000E-2	3.675480E-3	-2.670300E-5	-4.980923E-1
-9.740000E-2	3.681200E-3	-2.479560E-5	-4.971682E-1
-9.720000E-2	3.685010E-3	-2.479560E-5	-4.951434E-1
-9.700000E-2	3.688830E-3	-2.479560E-5	-4.947697E-1
-9.680000E-2	3.690730E-3	-2.670300E-5	-4.928262E-1
-9.660000E-2	3.690730E-3	-3.051780E-5	-4.917957E-1
-9.640000E-2	3.690730E-3	-3.433250E-5	-4.903046E-1
-9.620000E-2	3.690730E-3	-3.814720E-5	-4.897376E-1
-9.600000E-2	3.688830E-3	-4.005460E-5	-4.879190E-1
-9.580000E-2	3.688830E-3	-4.196190E-5	-4.869857E-1
-9.560000E-2	3.686920E-3	-4.386930E-5	-4.851181E-1
-9.540000E-2	3.686920E-3	-4.768390E-5	-4.841302E-1
-9.520000E-2	3.688830E-3	-4.959130E-5	-4.824124E-1
-9.500000E-2	3.690730E-3	-5.149860E-5	-4.809712E-1
-9.480000E-2	3.692640E-3	-5.340600E-5	-4.795218E-1
-9.460000E-2	3.696460E-3	-5.340600E-5	-4.783756E-1
-9.440000E-2	3.702180E-3	-5.340600E-5	-4.766644E-1
-9.420000E-2	3.707900E-3	-5.149860E-5	-4.756516E-1
-9.400000E-2	3.711720E-3	-4.959130E-5	-4.734685E-1
-9.380000E-2	3.717440E-3	-4.959130E-5	-4.726008E-1
-9.360000E-2	3.723160E-3	-4.577660E-5	-4.708738E-1
-9.340000E-2	3.730790E-3	-4.386930E-5	-4.696472E-1
-9.320000E-2	3.738420E-3	-4.196190E-5	-4.682126E-1
-9.300000E-2	3.747950E-3	-4.005460E-5	-4.678018E-1
-9.280000E-2	3.755580E-3	-3.814720E-5	-4.661331E-1
-9.260000E-2	3.761310E-3	-3.433250E-5	-4.647827E-1
-9.240000E-2	3.767030E-3	-3.242520E-5	-4.630639E-1
-9.220000E-2	3.768940E-3	-3.242520E-5	-4.620797E-1
-9.200000E-2	3.768940E-3	-3.051780E-5	-4.604508E-1
-9.180000E-2	3.768940E-3	-2.861030E-5	-4.594638E-1
-9.160000E-2	3.767030E-3	-2.670300E-5	-4.574879E-1
-9.140000E-2	3.765120E-3	-2.670300E-5	-4.559848E-1
-9.120000E-2	3.767030E-3	-2.479560E-5	-4.546500E-1
-9.100000E-2	3.767030E-3	-2.479560E-5	-4.527445E-1
-9.080000E-2	3.770840E-3	-2.288830E-5	-4.505392E-1
-9.060000E-2	3.772750E-3	-2.479560E-5	-4.496725E-1
-9.040000E-2	3.774660E-3	-2.670300E-5	-4.484062E-1
-9.020000E-2	3.778470E-3	-2.861030E-5	-4.471112E-1
-9.000000E-2	3.782290E-3	-3.433250E-5	-4.457912E-1
-8.980000E-2	3.784190E-3	-4.005460E-5	-4.440882E-1
-8.960000E-2	3.788010E-3	-4.577660E-5	-4.427895E-1
-8.940000E-2	3.788010E-3	-5.340600E-5	-4.420957E-1
-8.920000E-2	3.791820E-3	-5.531330E-5	-4.413798E-1
-8.900000E-2	3.793730E-3	-5.912800E-5	-4.394964E-1
-8.880000E-2	3.799450E-3	-6.294300E-5	-4.381090E-1
-8.860000E-2	3.801360E-3	-6.103560E-5	-4.360332E-1
-8.840000E-2	3.808990E-3	-6.103560E-5	-4.348630E-1
-8.820000E-2	3.814710E-3	-5.912800E-5	-4.335735E-1
-8.800000E-2	3.824250E-3	-5.722070E-5	-4.326208E-1
-8.780000E-2	3.831880E-3	-5.722070E-5	-4.307051E-1
-8.760000E-2	3.839510E-3	-5.722070E-5	-4.298209E-1
-8.740000E-2	3.843320E-3	-5.531330E-5	-4.283907E-1
-8.720000E-2	3.845230E-3	-5.531330E-5	-4.274491E-1
-8.700000E-2	3.849040E-3	-5.340600E-5	-4.261744E-1
-8.680000E-2	3.850950E-3	-5.149860E-5	-4.251347E-1
-8.660000E-2	3.854770E-3	-4.959130E-5	-4.234290E-1
-8.640000E-2	3.856670E-3	-4.768390E-5	-4.220258E-1
-8.620000E-2	3.860490E-3	-4.577660E-5	-4.197789E-1
-8.600000E-2	3.862400E-3	-4.768390E-5	-4.180907E-1
-8.580000E-2	3.866210E-3	-5.340600E-5	-4.168753E-1
-8.560000E-2	3.870030E-3	-5.722070E-5	-4.156043E-1
-8.540000E-2	3.877650E-3	-6.294300E-5	-4.143278E-1
-8.520000E-2	3.885280E-3	-6.485030E-5	-4.124722E-1
-8.500000E-2	3.892910E-3	-6.103560E-5	-4.114741E-1
-8.480000E-2	3.898640E-3	-5.722070E-5	-4.104131E-1
-8.460000E-2	3.904360E-3	-5.531330E-5	-4.093188E-1
-8.440000E-2	3.908190E-3	-5.531330E-5	-4.066687E-1
-8.420000E-2	3.912000E-3	-5.340600E-5	-4.054856E-1
-8.400000E-2	3.919630E-3	-5.340600E-5	-4.041674E-1
-8.380000E-2	3.927260E-3	-5.149860E-5	-4.036301E-1
-8.360000E-2	3.934890E-3	-5.149860E-5	-4.015580E-1
-8.340000E-2	3.942520E-3	-4.959130E-5	-3.998513E-1
-8.320000E-2	3.948240E-3	-5.149860E-5	-3.982640E-1
-8.300000E-2	3.957780E-3	-5.340600E-5	-3.968579E-1
-8.280000E-2	3.963500E-3	-5.340600E-5	-3.955731E-1
-8.260000E-2	3.969220E-3	-5.340600E-5	-3.942244E-1
-8.240000E-2	3.973040E-3	-5.340600E-5	-3.926371E-1
-8.220000E-2	3.978760E-3	-5.340600E-5	-3.907150E-1
-8.200000E-2	3.986390E-3	-5.340600E-5	-3.885764E-1
-8.180000E-2	3.992110E-3	-5.340600E-5	-3.882045E-1
-8.160000E-2	3.999740E-3	-5.531330E-5	-3.862203E-1
-8.140000E-2	4.013090E-3	-5.531330E-5	-3.851177E-1
-8.120000E-2	4.024540E-3	-5.531330E-5	-3.841520E-1
-8.100000E-2	4.035980E-3	-5.531330E-5	-3.821734E-1
-8.080000E-2	4.047420E-3	-5.531330E-5	-3.809070E-1
-8.060000E-2	4.058870E-3	-5.722070E-5	-3.794964E-1
-8.040000E-2	4.068400E-3	-5.912800E-5	-3.780756E-1
-8.020000E-2	4.079850E-3	-5.912800E-5	-3.760757E-1
-8.000000E-2	4.087480E-3	-5.912800E-5	-3.749759E-1
-7.980000E-2	4.097010E-3	-5.912800E-5	-3.732165E-1
-7.960000E-2	4.104640E-3	-5.722070E-5	-3.718382E-1
-7.940000E-2	4.112270E-3	-5.531330E-5	-3.702842E-1
-7.920000E-2	4.118000E-3	-5.340600E-5	-3.690595E-1
-7.900000E-2	4.125620E-3	-5.149860E-5	-3.680050E-1
-7.880000E-2	4.133250E-3	-4.959130E-5	-3.671993E-1
-7.860000E-2	4.144700E-3	-4.768390E-5	-3.653576E-1
-7.840000E-2	4.154240E-3	-4.768390E-5	-3.638637E-1
-7.820000E-2	4.163770E-3	-4.959130E-5	-3.621025E-1
-7.800000E-2	4.171400E-3	-5.149860E-5	-3.605328E-1
-7.780000E-2	4.177120E-3	-4.959130E-5	-3.588566E-1
-7.760000E-2	4.182850E-3	-5.149860E-5	-3.574081E-1
-7.740000E-2	4.188570E-3	-4.959130E-5	-3.551325E-1
-7.720000E-2	4.198100E-3	-4.959130E-5	-3.539013E-1
-7.700000E-2	4.207640E-3	-4.768390E-5	-3.519921E-1
-7.680000E-2	4.220990E-3	-4.768390E-5	-3.504362E-1
-7.660000E-2	4.234340E-3	-4.768390E-5	-3.489183E-1
-7.640000E-2	4.247700E-3	-4.959130E-5	-3.476270E-1
-7.620000E-2	4.259140E-3	-5.149860E-5	-3.460665E-1
-7.600000E-2	4.274400E-3	-5.340600E-5	-3.448084E-1
-7.580000E-2	4.287750E-3	-5.531330E-5	-3.425995E-1
-7.560000E-2	4.303010E-3	-5.722070E-5	-3.413979E-1
-7.540000E-2	4.312550E-3	-5.912800E-5	-3.398170E-1
-7.520000E-2	4.325900E-3	-5.722070E-5	-3.384231E-1
-7.500000E-2	4.339250E-3	-5.722070E-5	-3.362012E-1
-7.480000E-2	4.356410E-3	-5.531330E-5	-3.357590E-1
-7.460000E-2	4.373580E-3	-5.531330E-5	-3.339275E-1
-7.440000E-2	4.394560E-3	-5.722070E-5	-3.327074E-1
-7.420000E-2	4.411730E-3	-5.912800E-5	-3.312311E-1
-7.400000E-2	4.428890E-3	-6.103560E-5	-3.290952E-1
-7.380000E-2	4.444150E-3	-6.675770E-5	-3.275930E-1
-7.360000E-2	4.459410E-3	-7.247970E-5	-3.259983E-1
-7.340000E-2	4.472760E-3	-7.820180E-5	-3.239864E-1
-7.320000E-2	4.488020E-3	-7.820180E-5	-3.224278E-1
-7.300000E-2	4.499470E-3	-7.438710E-5	-3.204981E-1
-7.280000E-2	4.512820E-3	-7.247970E-5	-3.192318E-1
-7.260000E-2	4.526170E-3	-6.866500E-5	-3.175104E-1
-7.240000E-2	4.541430E-3	-6.866500E-5	-3.168859E-1
-7.220000E-2	4.558590E-3	-7.057240E-5	-3.143033E-1
-7.200000E-2	4.573850E-3	-7.438710E-5	-3.133284E-1
-7.180000E-2	4.591020E-3	-7.629440E-5	-3.111102E-1
-7.160000E-2	4.606280E-3	-7.820180E-5	-3.092999E-1
-7.140000E-2	4.625350E-3	-7.820180E-5	-3.072187E-1
-7.120000E-2	4.642520E-3	-7.820180E-5	-3.049210E-1
-7.100000E-2	4.659680E-3	-8.010910E-5	-3.031995E-1
-7.080000E-2	4.682570E-3	-8.010910E-5	-3.017546E-1
-7.060000E-2	4.707370E-3	-8.010910E-5	-2.993635E-1
-7.040000E-2	4.734070E-3	-8.010910E-5	-2.976050E-1
-7.020000E-2	4.760770E-3	-8.010910E-5	-2.964552E-1
-7.000000E-2	4.787470E-3	-7.820180E-5	-2.946458E-1
-6.980000E-2	4.814180E-3	-7.438710E-5	-2.925073E-1
-6.960000E-2	4.842790E-3	-7.438710E-5	-2.905176E-1
-6.940000E-2	4.871400E-3	-7.438710E-5	-2.891837E-1
-6.920000E-2	4.901920E-3	-7.247970E-5	-2.868249E-1
-6.900000E-2	4.934340E-3	-7.057240E-5	-2.854633E-1
-6.880000E-2	4.966770E-3	-6.675770E-5	-2.830425E-1
-6.860000E-2	5.003010E-3	-6.294300E-5	-2.813377E-1
-6.840000E-2	5.035430E-3	-5.531330E-5	-2.790224E-1
-6.820000E-2	5.069760E-3	-4.577660E-5	-2.777311E-1
-6.800000E-2	5.102190E-3	-3.814720E-5	-2.752938E-1
-6.780000E-2	5.134610E-3	-3.242520E-5	-2.733438E-1
-6.760000E-2	5.167040E-3	-3.242520E-5	-2.714697E-1
-6.740000E-2	5.199460E-3	-3.433250E-5	-2.690693E-1
-6.720000E-2	5.231890E-3	-4.005460E-5	-2.677530E-1
-6.700000E-2	5.268130E-3	-4.577660E-5	-2.654600E-1
-6.680000E-2	5.304370E-3	-5.340600E-5	-2.631289E-1
-6.660000E-2	5.338700E-3	-5.912800E-5	-2.609024E-1
-6.640000E-2	5.378750E-3	-6.485030E-5	-2.589580E-1
-6.620000E-2	5.418810E-3	-6.675770E-5	-2.567038E-1
-6.600000E-2	5.458860E-3	-6.866500E-5	-2.555262E-1
-6.580000E-2	5.502730E-3	-6.866500E-5	-2.534440E-1
-6.560000E-2	5.546600E-3	-6.675770E-5	-2.512980E-1
-6.540000E-2	5.596190E-3	-6.675770E-5	-2.488171E-1
-6.520000E-2	5.645780E-3	-6.294300E-5	-2.474129E-1
-6.500000E-2	5.691560E-3	-5.722070E-5	-2.445213E-1
-6.480000E-2	5.741150E-3	-5.531330E-5	-2.424234E-1
-6.460000E-2	5.786930E-3	-5.340600E-5	-2.403320E-1
-6.440000E-2	5.834610E-3	-5.531330E-5	-2.382571E-1
-6.420000E-2	5.882290E-3	-5.531330E-5	-2.355607E-1
-6.400000E-2	5.935700E-3	-5.912800E-5	-2.333879E-1
-6.380000E-2	5.989100E-3	-6.294300E-5	-2.316266E-1
-6.360000E-2	6.046320E-3	-6.675770E-5	-2.279664E-1
-6.340000E-2	6.105450E-3	-6.866500E-5	-2.256252E-1
-6.320000E-2	6.164580E-3	-6.866500E-5	-2.236577E-1
-6.300000E-2	6.225620E-3	-7.057240E-5	-2.208400E-1
-6.280000E-2	6.282840E-3	-7.629440E-5	-2.193064E-1
-6.260000E-2	6.341960E-3	-8.010910E-5	-2.155620E-1
-6.240000E-2	6.403000E-3	-8.773850E-5	-2.122781E-1
-6.220000E-2	6.467850E-3	-9.346050E-5	-2.089703E-1
-6.200000E-2	6.534610E-3	-1.010900E-4	-2.068409E-1
-6.180000E-2	6.607090E-3	-1.087190E-4	-2.057716E-1
-6.160000E-2	6.677660E-3	-1.144410E-4	-2.027181E-1
-6.140000E-2	6.748230E-3	-1.163490E-4	-1.990902E-1
-6.120000E-2	6.824520E-3	-1.144410E-4	-1.957084E-1
-6.100000E-2	6.904630E-3	-1.106270E-4	-1.920018E-1
-6.080000E-2	6.992370E-3	-1.068120E-4	-1.885775E-1
-6.060000E-2	7.085830E-3	-1.029970E-4	-1.860457E-1
-6.040000E-2	7.181200E-3	-1.010900E-4	-1.831967E-1
-6.020000E-2	7.286100E-3	-1.010900E-4	-1.799064E-1
-6.000000E-2	7.392910E-3	-1.068120E-4	-1.778834E-1
-5.980000E-2	7.511170E-3	-1.087190E-4	-1.738845E-1
-5.960000E-2	7.633240E-3	-1.144410E-4	-1.701817E-1
-5.940000E-2	7.761030E-3	-1.201630E-4	-1.673947E-1
-5.920000E-2	7.886950E-3	-1.258860E-4	-1.649943E-1
-5.900000E-2	8.016650E-3	-1.297010E-4	-1.618473E-1
-5.880000E-2	8.146350E-3	-1.297010E-4	-1.587689E-1
-5.860000E-2	8.272230E-3	-1.277930E-4	-1.548219E-1
-5.840000E-2	8.401930E-3	-1.239790E-4	-1.510312E-1
-5.820000E-2	8.533540E-3	-1.239790E-4	-1.491091E-1
-5.800000E-2	8.663240E-3	-1.239790E-4	-1.453895E-1
-5.780000E-2	8.796750E-3	-1.277930E-4	-1.412917E-1
-5.760000E-2	8.922640E-3	-1.335150E-4	-1.373114E-1
-5.740000E-2	9.048520E-3	-1.335150E-4	-1.342598E-1
-5.720000E-2	9.162960E-3	-1.335150E-4	-1.297337E-1
-5.700000E-2	9.271680E-3	-1.335150E-4	-1.264453E-1
-5.680000E-2	9.368960E-3	-1.297010E-4	-1.229747E-1
-5.660000E-2	9.452880E-3	-1.239790E-4	-1.202523E-1
-5.640000E-2	9.527270E-3	-1.201630E-4	-1.160491E-1
-5.620000E-2	9.586390E-3	-1.201630E-4	-1.128328E-1
-5.600000E-2	9.626450E-3	-1.239790E-4	-1.110290E-1
-5.580000E-2	9.651240E-3	-1.297010E-4	-1.057101E-1
-5.560000E-2	9.649340E-3	-1.277930E-4	-1.023052E-1
-5.540000E-2	9.626450E-3	-1.201630E-4	-1.007114E-1
-5.520000E-2	9.578760E-3	-1.106270E-4	-9.728773E-2
-5.500000E-2	9.508190E-3	-1.068120E-4	-9.505268E-2
-5.480000E-2	9.412830E-3	-1.087190E-4	-9.160842E-2
-5.460000E-2	9.298380E-3	-1.106270E-4	-8.953196E-2
-5.440000E-2	9.161060E-3	-1.125340E-4	-8.543254E-2
-5.420000E-2	9.002750E-3	-1.106270E-4	-8.370314E-2
-5.400000E-2	8.827270E-3	-1.049050E-4	-8.123740E-2
-5.380000E-2	8.632720E-3	-9.346050E-5	-7.944357E-2
-5.360000E-2	8.432450E-3	-8.583120E-5	-7.630814E-2
-5.340000E-2	8.220730E-3	-7.820180E-5	-7.486794E-2
-5.320000E-2	8.003290E-3	-6.866500E-5	-7.257004E-2
-5.300000E-2	7.789640E-3	-6.675770E-5	-7.112031E-2
-5.280000E-2	7.564570E-3	-6.103560E-5	-6.800025E-2
-5.260000E-2	7.339510E-3	-5.531330E-5	-6.649108E-2
-5.240000E-2	7.112530E-3	-4.959130E-5	-6.438175E-2
-5.220000E-2	6.889370E-3	-4.577660E-5	-6.290267E-2
-5.200000E-2	6.662400E-3	-4.005460E-5	-5.988815E-2
-5.180000E-2	6.433520E-3	-4.005460E-5	-5.896194E-2
-5.160000E-2	6.208450E-3	-4.005460E-5	-5.724105E-2
-5.140000E-2	5.991010E-3	-4.386930E-5	-5.537205E-2
-5.120000E-2	5.769760E-3	-5.149860E-5	-5.330067E-2
-5.100000E-2	5.556140E-3	-5.722070E-5	-5.265533E-2
-5.080000E-2	5.346330E-3	-6.294300E-5	-5.091918E-2
-5.060000E-2	5.146060E-3	-6.675770E-5	-4.961757E-2
-5.040000E-2	4.953410E-3	-6.675770E-5	-4.849232E-2
-5.020000E-2	4.770310E-3	-6.866500E-5	-4.711434E-2
-5.000000E-2	4.596740E-3	-6.675770E-5	-4.617970E-2
-4.980000E-2	4.430800E-3	-6.675770E-5	-4.488503E-2
-4.960000E-2	4.272490E-3	-6.294300E-5	-4.393086E-2
-4.940000E-2	4.119900E-3	-5.912800E-5	-4.257704E-2
-4.920000E-2	3.973040E-3	-5.722070E-5	-4.171414E-2
-4.900000E-2	3.829970E-3	-5.722070E-5	-4.055307E-2
-4.880000E-2	3.692640E-3	-5.722070E-5	-3.989143E-2
-4.860000E-2	3.559130E-3	-6.103560E-5	-3.884959E-2
-4.840000E-2	3.429430E-3	-6.294300E-5	-3.842365E-2
-4.820000E-2	3.305450E-3	-6.485030E-5	-3.738217E-2
-4.800000E-2	3.187190E-3	-6.675770E-5	-3.666749E-2
-4.780000E-2	3.072750E-3	-6.675770E-5	-3.575655E-2
-4.760000E-2	2.965940E-3	-6.675770E-5	-3.493245E-2
-4.740000E-2	2.857220E-3	-6.866500E-5	-3.419685E-2
-4.720000E-2	2.752320E-3	-6.675770E-5	-3.353920E-2
-4.700000E-2	2.653140E-3	-6.675770E-5	-3.276656E-2
-4.680000E-2	2.555860E-3	-6.485030E-5	-3.216537E-2
-4.660000E-2	2.460490E-3	-6.103560E-5	-3.156900E-2
-4.640000E-2	2.368940E-3	-5.722070E-5	-3.109446E-2
-4.620000E-2	2.283110E-3	-5.340600E-5	-3.031294E-2
-4.600000E-2	2.199190E-3	-4.959130E-5	-2.998106E-2
-4.580000E-2	2.119080E-3	-4.577660E-5	-2.952911E-2
-4.560000E-2	2.042790E-3	-4.196190E-5	-2.899532E-2
-4.540000E-2	1.966490E-3	-3.814720E-5	-2.831165E-2
-4.520000E-2	1.895910E-3	-3.623990E-5	-2.769899E-2
-4.500000E-2	1.823430E-3	-3.242520E-5	-2.718241E-2
-4.480000E-2	1.754770E-3	-3.051780E-5	-2.668584E-2
-4.460000E-2	1.689920E-3	-2.861030E-5	-2.628545E-2
-4.440000E-2	1.626980E-3	-2.670300E-5	-2.572223E-2
-4.420000E-2	1.569760E-3	-2.670300E-5	-2.525278E-2
-4.400000E-2	1.512530E-3	-2.479560E-5	-2.487849E-2
-4.380000E-2	1.459130E-3	-2.479560E-5	-2.428778E-2
-4.360000E-2	1.407630E-3	-2.288830E-5	-2.374112E-2
-4.340000E-2	1.359950E-3	-2.098100E-5	-2.343905E-2
-4.320000E-2	1.319890E-3	-1.907360E-5	-2.305411E-2
-4.300000E-2	1.277930E-3	-1.716630E-5	-2.283231E-2
-4.280000E-2	1.239780E-3	-1.525890E-5	-2.237369E-2
-4.260000E-2	1.203540E-3	-1.335150E-5	-2.201144E-2
-4.240000E-2	1.171120E-3	-1.335150E-5	-2.158615E-2
-4.220000E-2	1.140600E-3	-1.335150E-5	-2.145914E-2
-4.200000E-2	1.110080E-3	-1.335150E-5	-2.107569E-2
-4.180000E-2	1.083380E-3	-1.335150E-5	-2.105106E-2
-4.160000E-2	1.058590E-3	-1.335150E-5	-2.049848E-2
-4.140000E-2	1.035700E-3	-1.525890E-5	-2.016252E-2
-4.120000E-2	1.012810E-3	-1.525890E-5	-1.991073E-2
-4.100000E-2	9.918290E-4	-1.716630E-5	-1.966188E-2
-4.080000E-2	9.708440E-4	-1.716630E-5	-1.935064E-2
-4.060000E-2	9.498630E-4	-1.716630E-5	-1.914161E-2
-4.040000E-2	9.288830E-4	-1.716630E-5	-1.878084E-2
-4.020000E-2	9.079020E-4	-1.525890E-5	-1.853376E-2
-4.000000E-2	8.869210E-4	-1.335150E-5	-1.829797E-2
-3.980000E-2	8.659400E-4	-1.335150E-5	-1.816531E-2
-3.960000E-2	8.449590E-4	-1.144420E-5	-1.778306E-2
-3.940000E-2	8.239780E-4	-1.144420E-5	-1.751718E-2
-3.920000E-2	8.029970E-4	-9.536800E-6	-1.722733E-2
-3.900000E-2	7.782020E-4	-7.629450E-6	-1.700006E-2
-3.880000E-2	7.534060E-4	-7.629450E-6	-1.678436E-2
-3.860000E-2	7.267040E-4	-7.629450E-6	-1.659643E-2
-3.840000E-2	7.000010E-4	-7.629450E-6	-1.647794E-2
-3.820000E-2	6.732980E-4	-9.536800E-6	-1.638342E-2
-3.800000E-2	6.427800E-4	-9.536800E-6	-1.620225E-2
-3.780000E-2	6.141700E-4	-9.536800E-6	-1.606237E-2
-3.760000E-2	5.836520E-4	-9.536800E-6	-1.592406E-2
-3.740000E-2	5.531350E-4	-9.536800E-6	-1.579853E-2
-3.720000E-2	5.245250E-4	-7.629450E-6	-1.568198E-2
-3.700000E-2	4.940070E-4	-7.629450E-6	-1.559708E-2
-3.680000E-2	4.634880E-4	-7.629450E-6	-1.560708E-2
-3.660000E-2	4.348770E-4	-7.629450E-6	-1.549868E-2
-3.640000E-2	4.081740E-4	-7.629450E-6	-1.543999E-2
-3.620000E-2	3.795640E-4	-7.629450E-6	-1.542563E-2
-3.600000E-2	3.509540E-4	-7.629450E-6	-1.537685E-2
-3.580000E-2	3.242510E-4	-5.722080E-6	-1.531686E-2
-3.560000E-2	2.975480E-4	-5.722080E-6	-1.523873E-2
-3.540000E-2	2.708450E-4	-5.722080E-6	-1.524234E-2
-3.520000E-2	2.460500E-4	-5.722080E-6	-1.521262E-2
-3.500000E-2	2.212530E-4	-5.722080E-6	-1.520623E-2
-3.480000E-2	1.964580E-4	-3.814730E-6	-1.522937E-2
-3.460000E-2	1.716620E-4	-3.814730E-6	-1.523391E-2
-3.440000E-2	1.506810E-4	-3.814730E-6	-1.519771E-2
-3.420000E-2	1.277930E-4	-1.907360E-6	-1.526983E-2
-3.400000E-2	1.068120E-4	-1.907360E-6	-1.524576E-2
-3.380000E-2	8.583120E-5	-1.907360E-6	-1.528483E-2
-3.360000E-2	6.485030E-5	0.000000E+0	-1.536824E-2
-3.340000E-2	4.577660E-5	0.000000E+0	-1.551562E-2
-3.320000E-2	1.907360E-5	0.000000E+0	-1.571789E-2
-3.300000E-2	-1.716630E-5	1.907360E-6	-1.630936E-2
-3.280000E-2	-7.438710E-5	3.814730E-6	-1.674807E-2
-3.260000E-2	-1.583110E-4	5.722080E-6	-1.758450E-2
-3.240000E-2	-2.784750E-4	5.722080E-6	-1.810347E-2
-3.220000E-2	-4.444140E-4	5.722080E-6	-2.000737E-2
-3.200000E-2	-6.561320E-4	5.722080E-6	-2.037730E-2
-3.180000E-2	-9.117160E-4	5.722080E-6	-2.157985E-2
-3.160000E-2	-1.192100E-3	9.536800E-6	-2.314557E-2
-3.140000E-2	-1.470570E-3	1.335150E-5	-2.405226E-2
-3.120000E-2	-1.728070E-3	1.907360E-5	-2.471001E-2
-3.100000E-2	-1.943600E-3	2.479560E-5	-2.610863E-2
-3.080000E-2	-2.103820E-3	3.242520E-5	-2.665955E-2
-3.060000E-2	-2.204910E-3	3.814720E-5	-2.737516E-2
-3.040000E-2	-2.250690E-3	4.196190E-5	-2.777166E-2
-3.020000E-2	-2.252590E-3	4.577660E-5	-2.837358E-2
-3.000000E-2	-2.222080E-3	4.768390E-5	-2.882952E-2
-2.980000E-2	-2.170580E-3	4.959130E-5	-2.945634E-2
-2.960000E-2	-2.107640E-3	4.959130E-5	-2.981044E-2
-2.940000E-2	-2.042790E-3	4.577660E-5	-3.052069E-2
-2.920000E-2	-1.976030E-3	4.386930E-5	-3.084812E-2
-2.900000E-2	-1.914990E-3	3.814720E-5	-3.130182E-2
-2.880000E-2	-1.850140E-3	3.623990E-5	-3.184377E-2
-2.860000E-2	-1.785290E-3	3.051780E-5	-3.214250E-2
-2.840000E-2	-1.716620E-3	2.670300E-5	-3.246949E-2
-2.820000E-2	-1.638420E-3	2.479560E-5	-3.274657E-2
-2.800000E-2	-1.550680E-3	2.098100E-5	-3.291042E-2
-2.780000E-2	-1.453410E-3	1.907360E-5	-3.300596E-2
-2.760000E-2	-1.342780E-3	1.716630E-5	-3.313112E-2
-2.740000E-2	-1.224530E-3	1.525890E-5	-3.316685E-2
-2.720000E-2	-1.096730E-3	1.335150E-5	-3.315677E-2
-2.700000E-2	-9.651220E-4	1.144420E-5	-3.307067E-2
-2.680000E-2	-8.316080E-4	1.144420E-5	-3.303095E-2
-2.660000E-2	-7.000010E-4	9.536800E-6	-3.290755E-2
-2.640000E-2	-5.683940E-4	7.629450E-6	-3.275897E-2
-2.620000E-2	-4.463210E-4	5.722080E-6	-3.253225E-2
-2.600000E-2	-3.280660E-4	3.814730E-6	-3.239607E-2
-2.580000E-2	-2.136240E-4	1.907360E-6	-3.224907E-2
-2.560000E-2	-1.106270E-4	0.000000E+0	-3.202642E-2
-2.540000E-2	-2.098100E-5	0.000000E+0	-3.188061E-2
-2.520000E-2	5.912800E-5	0.000000E+0	-3.168972E-2
-2.500000E-2	1.316080E-4	-1.907360E-6	-3.153050E-2
-2.480000E-2	1.964580E-4	-3.814730E-6	-3.130405E-2
-2.460000E-2	2.498650E-4	-5.722080E-6	-3.110770E-2
-2.440000E-2	2.918260E-4	-5.722080E-6	-3.099170E-2
-2.420000E-2	3.299730E-4	-7.629450E-6	-3.084025E-2
-2.400000E-2	3.566760E-4	-7.629450E-6	-3.072203E-2
-2.380000E-2	3.776570E-4	-7.629450E-6	-3.058354E-2
-2.360000E-2	3.910080E-4	-7.629450E-6	-3.049893E-2
-2.340000E-2	3.967300E-4	-9.536800E-6	-3.036432E-2
-2.320000E-2	3.967300E-4	-9.536800E-6	-3.028961E-2
-2.300000E-2	3.929160E-4	-9.536800E-6	-3.016825E-2
-2.280000E-2	3.814720E-4	-7.629450E-6	-3.010131E-2
-2.260000E-2	3.681200E-4	-7.629450E-6	-3.006068E-2
-2.240000E-2	3.490470E-4	-7.629450E-6	-3.006771E-2
-2.220000E-2	3.261580E-4	-5.722080E-6	-3.003457E-2
-2.200000E-2	2.956410E-4	-5.722080E-6	-3.004966E-2
-2.180000E-2	2.632160E-4	-3.814730E-6	-3.006549E-2
-2.160000E-2	2.307900E-4	-3.814730E-6	-3.013382E-2
-2.140000E-2	1.926430E-4	-1.907360E-6	-3.021555E-2
-2.120000E-2	1.506810E-4	-1.907360E-6	-3.028017E-2
-2.100000E-2	1.068120E-4	-1.907360E-6	-3.038858E-2
-2.080000E-2	6.485030E-5	0.000000E+0	-3.049707E-2
-2.060000E-2	1.525890E-5	0.000000E+0	-3.068788E-2
-2.040000E-2	-3.433250E-5	0.000000E+0	-3.099170E-2
-2.020000E-2	-8.964590E-5	0.000000E+0	-3.112779E-2
-2.000000E-2	-1.506810E-4	0.000000E+0	-3.164334E-2
-1.980000E-2	-2.193460E-4	0.000000E+0	-3.199642E-2
-1.960000E-2	-2.994560E-4	1.907360E-6	-3.255771E-2
-1.940000E-2	-3.910080E-4	1.907360E-6	-3.310529E-2
-1.920000E-2	-4.921000E-4	3.814730E-6	-3.381053E-2
-1.900000E-2	-6.084480E-4	5.722080E-6	-3.431998E-2
-1.880000E-2	-7.286110E-4	7.629450E-6	-3.499734E-2
-1.860000E-2	-8.487740E-4	9.536800E-6	-3.562667E-2
-1.840000E-2	-9.574930E-4	1.144420E-5	-3.623581E-2
-1.820000E-2	-1.049050E-3	1.144420E-5	-3.643855E-2
-1.800000E-2	-1.119620E-3	1.144420E-5	-3.670601E-2
-1.780000E-2	-1.165400E-3	1.144420E-5	-3.734940E-2
-1.760000E-2	-1.188290E-3	1.144420E-5	-3.768887E-2
-1.740000E-2	-1.192100E-3	1.144420E-5	-3.798493E-2
-1.720000E-2	-1.182560E-3	1.335150E-5	-3.841069E-2
-1.700000E-2	-1.165400E-3	1.335150E-5	-3.868758E-2
-1.680000E-2	-1.153950E-3	1.716630E-5	-3.940819E-2
-1.660000E-2	-1.148230E-3	1.907360E-5	-3.975802E-2
-1.640000E-2	-1.153950E-3	2.288830E-5	-4.038902E-2
-1.620000E-2	-1.174930E-3	2.479560E-5	-4.064147E-2
-1.600000E-2	-1.203540E-3	2.479560E-5	-4.154899E-2
-1.580000E-2	-1.243600E-3	2.670300E-5	-4.204121E-2
-1.560000E-2	-1.285560E-3	2.670300E-5	-4.298871E-2
-1.540000E-2	-1.323710E-3	2.479560E-5	-4.351177E-2
-1.520000E-2	-1.358040E-3	2.479560E-5	-4.410111E-2
-1.500000E-2	-1.377110E-3	2.288830E-5	-4.446890E-2
-1.480000E-2	-1.388560E-3	2.098100E-5	-4.486735E-2
-1.460000E-2	-1.386650E-3	1.907360E-5	-4.520997E-2
-1.440000E-2	-1.375210E-3	1.907360E-5	-4.553213E-2
-1.420000E-2	-1.354220E-3	1.907360E-5	-4.584846E-2
-1.400000E-2	-1.319890E-3	1.716630E-5	-4.611184E-2
-1.380000E-2	-1.272210E-3	1.716630E-5	-4.635614E-2
-1.360000E-2	-1.214990E-3	1.525890E-5	-4.649417E-2
-1.340000E-2	-1.148230E-3	1.525890E-5	-4.669626E-2
-1.320000E-2	-1.071940E-3	1.335150E-5	-4.680338E-2
-1.300000E-2	-9.899210E-4	1.144420E-5	-4.694048E-2
-1.280000E-2	-9.059940E-4	1.144420E-5	-4.726014E-2
-1.260000E-2	-8.277930E-4	1.144420E-5	-4.740807E-2
-1.240000E-2	-7.610360E-4	1.144420E-5	-4.784624E-2
-1.220000E-2	-7.133520E-4	1.144420E-5	-4.793613E-2
-1.200000E-2	-6.942790E-4	1.144420E-5	-4.867543E-2
-1.180000E-2	-7.095370E-4	1.144420E-5	-4.920765E-2
-1.160000E-2	-7.629430E-4	9.536800E-6	-5.021616E-2
-1.140000E-2	-8.506810E-4	9.536800E-6	-5.056925E-2
-1.120000E-2	-9.670290E-4	1.144420E-5	-5.150249E-2
-1.100000E-2	-1.106270E-3	1.335150E-5	-5.246815E-2
-1.080000E-2	-1.255040E-3	1.907360E-5	-5.383613E-2
-1.060000E-2	-1.413350E-3	2.479560E-5	-5.486224E-2
-1.040000E-2	-1.585010E-3	2.670300E-5	-5.621494E-2
-1.020000E-2	-1.783380E-3	3.242520E-5	-5.843814E-2
-1.000000E-2	-2.008450E-3	3.814720E-5	-5.963579E-2
-9.800000E-3	-2.277390E-3	5.149860E-5	-6.128668E-2
-9.600000E-3	-2.571120E-3	7.057240E-5	-6.136556E-2
-9.400000E-3	-2.880110E-3	9.155320E-5	-6.267902E-2
-9.200000E-3	-3.170030E-3	1.163490E-4	-6.371799E-2
-9.000000E-3	-3.379840E-3	1.277930E-4	-6.192379E-2
-8.800000E-3	-3.437060E-3	1.220710E-4	-6.312439E-2
-8.600000E-3	-3.284470E-3	9.727520E-5	-5.913125E-2
-8.400000E-3	-2.868670E-3	5.340600E-5	-5.775874E-2
-8.200000E-3	-2.140060E-3	7.629450E-6	-5.118793E-2
-8.000000E-3	-1.117710E-3	-3.623990E-5	-5.125597E-2
-7.800000E-3	1.621260E-4	-6.485030E-5	-4.240846E-2
-7.600000E-3	1.678470E-3	-8.773850E-5	-3.758825E-2
-7.400000E-3	3.366490E-3	-9.727520E-5	-2.710262E-2
-7.200000E-3	5.165130E-3	-1.068120E-4	-2.493219E-2
-7.000000E-3	6.996180E-3	-1.068120E-4	-1.394730E-2
-6.800000E-3	8.747160E-3	-1.106270E-4	-8.540353E-3
-6.600000E-3	1.041610E-2	-1.010900E-4	2.514984E-3
-6.400000E-3	1.199730E-2	-8.201650E-5	7.115521E-3
-6.200000E-3	1.342400E-2	-6.103560E-5	1.628565E-2
-6.000000E-3	1.469430E-2	-4.768390E-5	2.283869E-2
-5.800000E-3	1.579110E-2	-3.623990E-5	2.976091E-2
-5.600000E-3	1.670850E-2	-3.623990E-5	3.530682E-2
-5.400000E-3	1.745050E-2	-2.670300E-5	4.231403E-2
-5.200000E-3	1.800170E-2	-2.861030E-5	4.704036E-2
-5.000000E-3	1.833930E-2	-2.861030E-5	5.236603E-2
-4.800000E-3	1.844420E-2	-2.670300E-5	5.670625E-2
-4.600000E-3	1.828780E-2	-2.479560E-5	5.849090E-2
-4.400000E-3	1.784530E-2	-1.907360E-5	6.213940E-2
-4.200000E-3	1.710140E-2	-1.525890E-5	6.098099E-2
-4.000000E-3	1.606950E-2	-1.335150E-5	6.355941E-2
-3.800000E-3	1.474770E-2	-1.335150E-5	6.217216E-2
-3.600000E-3	1.317600E-2	-9.536800E-6	6.267049E-2
-3.400000E-3	1.143270E-2	3.814730E-6	6.108293E-2
-3.200000E-3	9.590210E-3	2.479560E-5	6.050063E-2
-3.000000E-3	7.751490E-3	4.959130E-5	5.777651E-2
-2.800000E-3	6.002460E-3	7.247970E-5	5.561191E-2
-2.600000E-3	4.413630E-3	9.155320E-5	5.392222E-2
-2.400000E-3	3.034610E-3	1.029970E-4	5.258969E-2
-2.200000E-3	1.861580E-3	1.068120E-4	5.119422E-2
-2.000000E-3	8.888280E-4	1.068120E-4	5.092538E-2
-1.800000E-3	1.163490E-4	1.049050E-4	4.999444E-2
-1.600000E-3	-5.092660E-4	9.727520E-5	4.972245E-2
-1.400000E-3	-9.803850E-4	9.155320E-5	4.907119E-2
-1.200000E-3	-1.337060E-3	8.201650E-5	4.834559E-2
-1.000000E-3	-1.585010E-3	7.438710E-5	4.764081E-2
-8.000000E-4	-1.743320E-3	6.485030E-5	4.703306E-2
-6.000000E-4	-1.811990E-3	5.340600E-5	4.684771E-2
-4.000000E-4	-1.810080E-3	4.577660E-5	4.660331E-2
-2.000000E-4	-1.750950E-3	3.814720E-5	4.644631E-2
-5.204170E-18	-1.649860E-3	3.051780E-5	4.629754E-2
2.000000E-4	-1.522070E-3	2.479560E-5	4.613942E-2
4.000000E-4	-1.384740E-3	2.288830E-5	4.605277E-2
6.000000E-4	-1.247410E-3	1.907360E-5	4.583467E-2
8.000000E-4	-1.125340E-3	1.716630E-5	4.559480E-2
1.000000E-3	-1.022350E-3	1.525890E-5	4.519867E-2
1.200000E-3	-9.422340E-4	1.335150E-5	4.506036E-2
1.400000E-3	-8.850130E-4	1.144420E-5	4.457851E-2
1.600000E-3	-8.525890E-4	1.144420E-5	4.424024E-2
1.800000E-3	-8.430520E-4	1.144420E-5	4.360146E-2
2.000000E-3	-8.506810E-4	1.335150E-5	4.312720E-2
2.200000E-3	-8.773840E-4	1.335150E-5	4.244225E-2
2.400000E-3	-9.136240E-4	1.525890E-5	4.223210E-2
2.600000E-3	-9.632150E-4	1.716630E-5	4.128469E-2
2.800000E-3	-1.018530E-3	1.907360E-5	4.077145E-2
3.000000E-3	-1.081470E-3	1.907360E-5	4.014193E-2
3.200000E-3	-1.144420E-3	2.098100E-5	3.965590E-2
3.400000E-3	-1.207360E-3	2.098100E-5	3.918535E-2
3.600000E-3	-1.264580E-3	2.098100E-5	3.895151E-2
3.800000E-3	-1.312260E-3	2.098100E-5	3.843688E-2
4.000000E-3	-1.348500E-3	2.288830E-5	3.828256E-2
4.200000E-3	-1.367580E-3	2.288830E-5	3.770026E-2
4.400000E-3	-1.371390E-3	2.479560E-5	3.744734E-2
4.600000E-3	-1.356130E-3	2.479560E-5	3.694660E-2
4.800000E-3	-1.327520E-3	2.288830E-5	3.645494E-2
5.000000E-3	-1.293190E-3	2.098100E-5	3.608223E-2
5.200000E-3	-1.258860E-3	1.907360E-5	3.571979E-2
5.400000E-3	-1.234060E-3	1.716630E-5	3.514815E-2
5.600000E-3	-1.220710E-3	1.525890E-5	3.476350E-2
5.800000E-3	-1.224530E-3	1.525890E-5	3.406233E-2
6.000000E-3	-1.241690E-3	1.716630E-5	3.365351E-2
6.200000E-3	-1.272210E-3	1.907360E-5	3.290874E-2
6.400000E-3	-1.308450E-3	2.098100E-5	3.230812E-2
6.600000E-3	-1.340870E-3	2.098100E-5	3.168481E-2
6.800000E-3	-1.365670E-3	1.907360E-5	3.117814E-2
7.000000E-3	-1.373300E-3	1.525890E-5	3.089237E-2
7.200000E-3	-1.363760E-3	1.335150E-5	3.064334E-2
7.400000E-3	-1.335150E-3	1.144420E-5	3.033729E-2
7.600000E-3	-1.293190E-3	9.536800E-6	3.022666E-2
7.800000E-3	-1.234060E-3	9.536800E-6	3.000235E-2
8.000000E-3	-1.163490E-3	9.536800E-6	2.985840E-2
8.200000E-3	-1.083380E-3	7.629450E-6	2.970157E-2
8.400000E-3	-9.956430E-4	7.629450E-6	2.968370E-2
8.600000E-3	-9.098090E-4	7.629450E-6	2.966898E-2
8.800000E-3	-8.201640E-4	5.722080E-6	2.955725E-2
9.000000E-3	-7.286110E-4	5.722080E-6	2.960317E-2
9.200000E-3	-6.408730E-4	3.814730E-6	2.959946E-2
9.400000E-3	-5.569500E-4	3.814730E-6	2.964149E-2
9.600000E-3	-4.749320E-4	1.907360E-6	2.968601E-2
9.800000E-3	-3.929160E-4	0.000000E+0	2.981044E-2
1.000000E-2	-3.166220E-4	0.000000E+0	2.984571E-2
1.020000E-2	-2.441420E-4	0.000000E+0	2.991319E-2
1.040000E-2	-1.773840E-4	0.000000E+0	2.997726E-2
1.060000E-2	-1.125340E-4	-1.907360E-6	3.010113E-2
1.080000E-2	-4.959130E-5	-1.907360E-6	3.037145E-2
1.100000E-2	9.536800E-6	-3.814730E-6	3.037959E-2
1.120000E-2	6.485030E-5	-3.814730E-6	3.053678E-2
1.140000E-2	1.163490E-4	-3.814730E-6	3.075202E-2
1.160000E-2	1.640330E-4	-5.722080E-6	3.089440E-2
1.180000E-2	2.079020E-4	-5.722080E-6	3.108696E-2
1.200000E-2	2.479570E-4	-5.722080E-6	3.127674E-2
1.220000E-2	2.861040E-4	-5.722080E-6	3.147040E-2
1.240000E-2	3.166220E-4	-5.722080E-6	3.163010E-2
1.260000E-2	3.452320E-4	-5.722080E-6	3.173508E-2
1.280000E-2	3.700270E-4	-3.814730E-6	3.197818E-2
1.300000E-2	3.910080E-4	-3.814730E-6	3.214667E-2
1.320000E-2	4.062670E-4	-3.814730E-6	3.223128E-2
1.340000E-2	4.158040E-4	-3.814730E-6	3.238987E-2
1.360000E-2	4.196190E-4	-1.907360E-6	3.252743E-2
1.380000E-2	4.177110E-4	-1.907360E-6	3.256196E-2
1.400000E-2	4.081740E-4	-1.907360E-6	3.268444E-2
1.420000E-2	3.929160E-4	-1.907360E-6	3.260834E-2
1.440000E-2	3.681200E-4	-1.907360E-6	3.261621E-2
1.460000E-2	3.337880E-4	0.000000E+0	3.251790E-2
1.480000E-2	2.918260E-4	0.000000E+0	3.244661E-2
1.500000E-2	2.403270E-4	0.000000E+0	3.211871E-2
1.520000E-2	1.754770E-4	0.000000E+0	3.206566E-2
1.540000E-2	9.918260E-5	0.000000E+0	3.168111E-2
1.560000E-2	9.536800E-6	1.907360E-6	3.122962E-2
1.580000E-2	-9.346050E-5	3.814730E-6	3.087849E-2
1.600000E-2	-2.117170E-4	3.814730E-6	3.027091E-2
1.620000E-2	-3.337880E-4	5.722080E-6	2.972536E-2
1.640000E-2	-4.634880E-4	5.722080E-6	2.918944E-2
1.660000E-2	-5.950960E-4	7.629450E-6	2.873721E-2
1.680000E-2	-7.209820E-4	7.629450E-6	2.824768E-2
1.700000E-2	-8.411440E-4	7.629450E-6	2.744227E-2
1.720000E-2	-9.498630E-4	7.629450E-6	2.718574E-2
1.740000E-2	-1.047140E-3	5.722080E-6	2.645811E-2
1.760000E-2	-1.134880E-3	5.722080E-6	2.614381E-2
1.780000E-2	-1.216900E-3	3.814730E-6	2.512632E-2
1.800000E-2	-1.302730E-3	3.814730E-6	2.406549E-2
1.820000E-2	-1.401910E-3	3.814730E-6	2.300579E-2
1.840000E-2	-1.523980E-3	5.722080E-6	2.192562E-2
1.860000E-2	-1.674660E-3	7.629450E-6	2.077222E-2
1.880000E-2	-1.850140E-3	1.144420E-5	1.943266E-2
1.900000E-2	-2.033250E-3	1.907360E-5	1.894470E-2
1.920000E-2	-2.212540E-3	2.861030E-5	1.797738E-2
1.940000E-2	-2.374660E-3	3.814720E-5	1.696238E-2
1.960000E-2	-2.483380E-3	4.577660E-5	1.583954E-2
1.980000E-2	-2.527250E-3	5.149860E-5	1.558616E-2
2.000000E-2	-2.500550E-3	5.149860E-5	1.511171E-2
2.020000E-2	-2.405180E-3	5.149860E-5	1.496840E-2
2.040000E-2	-2.258320E-3	4.959130E-5	1.485212E-2
2.060000E-2	-2.073300E-3	4.577660E-5	1.482121E-2
2.080000E-2	-1.871120E-3	4.005460E-5	1.481907E-2
2.100000E-2	-1.663220E-3	3.623990E-5	1.476502E-2
2.120000E-2	-1.457220E-3	3.051780E-5	1.473243E-2
2.140000E-2	-1.258860E-3	2.479560E-5	1.477260E-2
2.160000E-2	-1.075750E-3	2.288830E-5	1.473659E-2
2.180000E-2	-9.098090E-4	1.907360E-5	1.477677E-2
2.200000E-2	-7.610360E-4	1.525890E-5	1.479241E-2
2.220000E-2	-6.313360E-4	1.144420E-5	1.483324E-2
2.240000E-2	-5.149880E-4	1.144420E-5	1.486444E-2
2.260000E-2	-4.138970E-4	9.536800E-6	1.492591E-2
2.280000E-2	-3.280660E-4	7.629450E-6	1.490018E-2
2.300000E-2	-2.517720E-4	5.722080E-6	1.499099E-2
2.320000E-2	-1.850140E-4	3.814730E-6	1.505450E-2
2.340000E-2	-1.258860E-4	3.814730E-6	1.514457E-2
2.360000E-2	-7.629440E-5	1.907360E-6	1.521067E-2
2.380000E-2	-2.670300E-5	1.907360E-6	1.537250E-2
2.400000E-2	1.335150E-5	0.000000E+0	1.548701E-2
2.420000E-2	5.149860E-5	0.000000E+0	1.564837E-2
2.440000E-2	8.964590E-5	0.000000E+0	1.575993E-2
2.460000E-2	1.201630E-4	0.000000E+0	1.588564E-2
2.480000E-2	1.544960E-4	0.000000E+0	1.598803E-2
2.500000E-2	1.850140E-4	0.000000E+0	1.611606E-2
2.520000E-2	2.155310E-4	-1.907360E-6	1.642877E-2
2.540000E-2	2.479570E-4	-1.907360E-6	1.656486E-2
2.560000E-2	2.765670E-4	-1.907360E-6	1.674844E-2
2.580000E-2	3.089920E-4	-1.907360E-6	1.699163E-2
2.600000E-2	3.414170E-4	-1.907360E-6	1.719873E-2
2.620000E-2	3.719350E-4	-3.814730E-6	1.744136E-2
2.640000E-2	4.024520E-4	-3.814730E-6	1.757236E-2
2.660000E-2	4.329700E-4	-5.722080E-6	1.789470E-2
2.680000E-2	4.615800E-4	-5.722080E-6	1.804857E-2
2.700000E-2	4.921000E-4	-5.722080E-6	1.847386E-2
2.720000E-2	5.207100E-4	-5.722080E-6	1.870307E-2
2.740000E-2	5.493200E-4	-7.629450E-6	1.885814E-2
2.760000E-2	5.760230E-4	-9.536800E-6	1.910679E-2
2.780000E-2	6.027260E-4	-9.536800E-6	1.937943E-2
2.800000E-2	6.256140E-4	-1.144420E-5	1.964679E-2
2.820000E-2	6.504100E-4	-1.144420E-5	1.995154E-2
2.840000E-2	6.732980E-4	-1.335150E-5	2.017150E-2
2.860000E-2	6.980930E-4	-1.335150E-5	2.074121E-2
2.880000E-2	7.209820E-4	-1.335150E-5	2.091330E-2
2.900000E-2	7.438700E-4	-1.335150E-5	2.130925E-2
2.920000E-2	7.648510E-4	-1.335150E-5	2.147135E-2
2.940000E-2	7.877390E-4	-1.525890E-5	2.190109E-2
2.960000E-2	8.106270E-4	-1.525890E-5	2.223250E-2
2.980000E-2	8.316080E-4	-1.525890E-5	2.274148E-2
3.000000E-2	8.506810E-4	-1.525890E-5	2.315567E-2
3.020000E-2	8.716620E-4	-1.716630E-5	2.359521E-2
3.040000E-2	8.926430E-4	-1.716630E-5	2.400087E-2
3.060000E-2	9.117160E-4	-1.716630E-5	2.445246E-2
3.080000E-2	9.346050E-4	-1.716630E-5	2.481666E-2
3.100000E-2	9.536780E-4	-1.716630E-5	2.541413E-2
3.120000E-2	9.765700E-4	-1.716630E-5	2.590285E-2
3.140000E-2	1.003270E-3	-1.716630E-5	2.640598E-2
3.160000E-2	1.028070E-3	-1.525890E-5	2.670398E-2
3.180000E-2	1.054770E-3	-1.335150E-5	2.714816E-2
3.200000E-2	1.081470E-3	-1.335150E-5	2.765075E-2
3.220000E-2	1.108180E-3	-1.335150E-5	2.833674E-2
3.240000E-2	1.140600E-3	-1.525890E-5	2.888987E-2
3.260000E-2	1.173030E-3	-1.525890E-5	2.925434E-2
3.280000E-2	1.209270E-3	-1.716630E-5	2.965371E-2
3.300000E-2	1.245510E-3	-2.098100E-5	3.055937E-2
3.320000E-2	1.285560E-3	-2.479560E-5	3.105687E-2
3.340000E-2	1.325610E-3	-2.670300E-5	3.182053E-2
3.360000E-2	1.369480E-3	-2.670300E-5	3.219472E-2
3.380000E-2	1.413350E-3	-2.861030E-5	3.290402E-2
3.400000E-2	1.461040E-3	-3.242520E-5	3.331904E-2
3.420000E-2	1.508720E-3	-3.433250E-5	3.452344E-2
3.440000E-2	1.558310E-3	-3.623990E-5	3.498568E-2
3.460000E-2	1.609810E-3	-3.814720E-5	3.611195E-2
3.480000E-2	1.667030E-3	-4.005460E-5	3.661528E-2
3.500000E-2	1.728070E-3	-4.005460E-5	3.794502E-2
3.520000E-2	1.791010E-3	-4.005460E-5	3.863638E-2
3.540000E-2	1.861580E-3	-3.814720E-5	3.986726E-2
3.560000E-2	1.934060E-3	-3.623990E-5	4.030931E-2
3.580000E-2	2.008450E-3	-3.433250E-5	4.117202E-2
3.600000E-2	2.088560E-3	-3.433250E-5	4.260184E-2
3.620000E-2	2.170580E-3	-3.433250E-5	4.323589E-2
3.640000E-2	2.254500E-3	-3.433250E-5	4.546548E-2
3.660000E-2	2.344150E-3	-3.051780E-5	4.623626E-2
3.680000E-2	2.437610E-3	-3.051780E-5	4.692881E-2
3.700000E-2	2.534880E-3	-2.861030E-5	4.823893E-2
3.720000E-2	2.637880E-3	-3.051780E-5	4.928624E-2
3.740000E-2	2.740870E-3	-3.051780E-5	5.130373E-2
3.760000E-2	2.847690E-3	-3.433250E-5	5.237937E-2
3.780000E-2	2.956410E-3	-3.814720E-5	5.367977E-2
3.800000E-2	3.065120E-3	-4.005460E-5	5.546009E-2
3.820000E-2	3.181470E-3	-4.386930E-5	5.684881E-2
3.840000E-2	3.301640E-3	-4.768390E-5	5.821902E-2
3.860000E-2	3.427520E-3	-5.149860E-5	6.011884E-2
3.880000E-2	3.562940E-3	-5.340600E-5	6.217772E-2
3.900000E-2	3.705990E-3	-5.722070E-5	6.464485E-2
3.920000E-2	3.856670E-3	-6.103560E-5	6.671465E-2
3.940000E-2	4.015000E-3	-6.294300E-5	6.827454E-2
3.960000E-2	4.175220E-3	-6.485030E-5	7.035693E-2
3.980000E-2	4.350690E-3	-6.485030E-5	7.226630E-2
4.000000E-2	4.520450E-3	-6.675770E-5	7.437109E-2
4.020000E-2	4.699740E-3	-6.485030E-5	7.738543E-2
4.040000E-2	4.886660E-3	-6.866500E-5	7.914686E-2
4.060000E-2	5.077390E-3	-7.057240E-5	8.257381E-2
4.080000E-2	5.281480E-3	-7.247970E-5	8.455150E-2
4.100000E-2	5.491290E-3	-7.247970E-5	8.725756E-2
4.120000E-2	5.708720E-3	-6.866500E-5	9.024960E-2
4.140000E-2	5.931880E-3	-7.057240E-5	9.251918E-2
4.160000E-2	6.155040E-3	-6.866500E-5	9.469321E-2
4.180000E-2	6.389650E-3	-7.057240E-5	9.770080E-2
4.200000E-2	6.622340E-3	-6.866500E-5	1.010826E-1
4.220000E-2	6.866480E-3	-6.675770E-5	1.035191E-1
4.240000E-2	7.112530E-3	-6.103560E-5	1.074049E-1
4.260000E-2	7.364300E-3	-5.340600E-5	1.107772E-1
4.280000E-2	7.606540E-3	-4.386930E-5	1.140996E-1
4.300000E-2	7.848800E-3	-3.242520E-5	1.173304E-1
4.320000E-2	8.089130E-3	-2.861030E-5	1.188682E-1
4.340000E-2	8.316100E-3	-2.479560E-5	1.230288E-1
4.360000E-2	8.525910E-3	-2.288830E-5	1.263173E-1
4.380000E-2	8.722360E-3	-2.098100E-5	1.304632E-1
4.400000E-2	8.897840E-3	-2.288830E-5	1.333168E-1
4.420000E-2	9.056150E-3	-2.670300E-5	1.383341E-1
4.440000E-2	9.193480E-3	-3.814720E-5	1.416743E-1
4.460000E-2	9.313640E-3	-4.196190E-5	1.461578E-1
4.480000E-2	9.410920E-3	-4.768390E-5	1.497728E-1
4.500000E-2	9.485300E-3	-4.768390E-5	1.535348E-1
4.520000E-2	9.540620E-3	-5.149860E-5	1.566401E-1
4.540000E-2	9.578760E-3	-5.340600E-5	1.611829E-1
4.560000E-2	9.592120E-3	-5.912800E-5	1.653065E-1
4.580000E-2	9.586390E-3	-5.912800E-5	1.683952E-1
4.600000E-2	9.559690E-3	-5.912800E-5	1.708936E-1
4.620000E-2	9.519640E-3	-5.722070E-5	1.740720E-1
4.640000E-2	9.466230E-3	-5.912800E-5	1.761264E-1
4.660000E-2	9.399470E-3	-6.103560E-5	1.790356E-1
4.680000E-2	9.323180E-3	-6.866500E-5	1.826542E-1
4.700000E-2	9.235440E-3	-8.010910E-5	1.868334E-1
4.720000E-2	9.136260E-3	-9.346050E-5	1.887602E-1
4.740000E-2	9.025630E-3	-1.029970E-4	1.920857E-1
4.760000E-2	8.913100E-3	-1.106270E-4	1.951456E-1
4.780000E-2	8.794840E-3	-1.163490E-4	1.980464E-1
4.800000E-2	8.678500E-3	-1.163490E-4	2.008769E-1
4.820000E-2	8.556430E-3	-1.201630E-4	2.030720E-1
4.840000E-2	8.428630E-3	-1.182560E-4	2.060867E-1
4.860000E-2	8.304660E-3	-1.144410E-4	2.086702E-1
4.880000E-2	8.184490E-3	-1.068120E-4	2.104999E-1
4.900000E-2	8.068140E-3	-1.029970E-4	2.123638E-1
4.920000E-2	7.961330E-3	-9.155320E-5	2.148669E-1
4.940000E-2	7.858340E-3	-7.820180E-5	2.178399E-1
4.960000E-2	7.759120E-3	-5.912800E-5	2.205326E-1
4.980000E-2	7.659940E-3	-4.386930E-5	2.225750E-1
5.000000E-2	7.566480E-3	-3.051780E-5	2.253658E-1
5.020000E-2	7.474930E-3	-2.670300E-5	2.264555E-1
5.040000E-2	7.379560E-3	-2.670300E-5	2.304450E-1
5.060000E-2	7.288010E-3	-2.670300E-5	2.325503E-1
5.080000E-2	7.194550E-3	-2.670300E-5	2.347667E-1
5.100000E-2	7.103000E-3	-2.861030E-5	2.368443E-1
5.120000E-2	7.015260E-3	-3.051780E-5	2.389274E-1
5.140000E-2	6.931330E-3	-3.623990E-5	2.408024E-1
5.160000E-2	6.853130E-3	-4.577660E-5	2.441527E-1
5.180000E-2	6.778750E-3	-5.912800E-5	2.461850E-1
5.200000E-2	6.708170E-3	-6.866500E-5	2.488260E-1
5.220000E-2	6.643330E-3	-8.010910E-5	2.503689E-1
5.240000E-2	6.580380E-3	-8.964590E-5	2.536841E-1
5.260000E-2	6.521250E-3	-9.346050E-5	2.550365E-1
5.280000E-2	6.462130E-3	-9.536790E-5	2.580428E-1
5.300000E-2	6.401090E-3	-9.536790E-5	2.587597E-1
5.320000E-2	6.336240E-3	-9.536790E-5	2.611665E-1
5.340000E-2	6.273300E-3	-9.346050E-5	2.628649E-1
5.360000E-2	6.210360E-3	-8.964590E-5	2.659081E-1
5.380000E-2	6.145510E-3	-8.201650E-5	2.677249E-1
5.400000E-2	6.082560E-3	-7.438710E-5	2.698728E-1
5.420000E-2	6.021530E-3	-6.866500E-5	2.718467E-1
5.440000E-2	5.960490E-3	-6.675770E-5	2.737884E-1
5.460000E-2	5.901370E-3	-6.294300E-5	2.762730E-1
5.480000E-2	5.844150E-3	-5.912800E-5	2.778584E-1
5.500000E-2	5.790740E-3	-5.722070E-5	2.803392E-1
5.520000E-2	5.741150E-3	-5.912800E-5	2.818452E-1
5.540000E-2	5.691560E-3	-5.531330E-5	2.842077E-1
5.560000E-2	5.645780E-3	-5.340600E-5	2.857367E-1
5.580000E-2	5.600010E-3	-5.149860E-5	2.881945E-1
5.600000E-2	5.554230E-3	-4.959130E-5	2.900260E-1
5.620000E-2	5.506550E-3	-4.577660E-5	2.923413E-1
5.640000E-2	5.460770E-3	-4.768390E-5	2.935198E-1
5.660000E-2	5.414990E-3	-5.149860E-5	2.952903E-1
5.680000E-2	5.369220E-3	-5.531330E-5	2.973216E-1
5.700000E-2	5.327250E-3	-5.722070E-5	2.987665E-1
5.720000E-2	5.289110E-3	-6.103560E-5	3.007395E-1
5.740000E-2	5.252870E-3	-6.103560E-5	3.012104E-1
5.760000E-2	5.220440E-3	-6.103560E-5	3.042999E-1
5.780000E-2	5.189930E-3	-6.103560E-5	3.057004E-1
5.800000E-2	5.161320E-3	-5.722070E-5	3.076466E-1
5.820000E-2	5.132700E-3	-5.531330E-5	3.091183E-1
5.840000E-2	5.100280E-3	-5.531330E-5	3.111801E-1
5.860000E-2	5.069760E-3	-5.531330E-5	3.129756E-1
5.880000E-2	5.039240E-3	-5.340600E-5	3.156720E-1
5.900000E-2	5.008730E-3	-5.149860E-5	3.170531E-1
5.920000E-2	4.980120E-3	-4.768390E-5	3.188097E-1
5.940000E-2	4.951510E-3	-4.959130E-5	3.197050E-1
5.960000E-2	4.924800E-3	-4.959130E-5	3.217956E-1
5.980000E-2	4.900010E-3	-5.149860E-5	3.232025E-1
6.000000E-2	4.877120E-3	-5.531330E-5	3.257870E-1
6.020000E-2	4.854230E-3	-6.103560E-5	3.274326E-1
6.040000E-2	4.831340E-3	-6.485030E-5	3.294223E-1
6.060000E-2	4.806550E-3	-6.866500E-5	3.305314E-1
6.080000E-2	4.785570E-3	-7.247970E-5	3.320587E-1
6.100000E-2	4.762680E-3	-7.438710E-5	3.337144E-1
6.120000E-2	4.741700E-3	-7.057240E-5	3.351685E-1
6.140000E-2	4.722630E-3	-6.675770E-5	3.374061E-1
6.160000E-2	4.699740E-3	-6.675770E-5	3.393274E-1
6.180000E-2	4.678760E-3	-6.485030E-5	3.415317E-1
6.200000E-2	4.657780E-3	-6.294300E-5	3.431986E-1
6.220000E-2	4.632980E-3	-6.103560E-5	3.447516E-1
6.240000E-2	4.613910E-3	-6.485030E-5	3.459707E-1
6.260000E-2	4.594830E-3	-6.675770E-5	3.476516E-1
6.280000E-2	4.573850E-3	-7.247970E-5	3.495478E-1
6.300000E-2	4.554780E-3	-7.820180E-5	3.514422E-1
6.320000E-2	4.531890E-3	-8.201650E-5	3.529398E-1
6.340000E-2	4.512820E-3	-8.392380E-5	3.551812E-1
6.360000E-2	4.491840E-3	-8.773850E-5	3.559850E-1
6.380000E-2	4.474670E-3	-8.773850E-5	3.572051E-1
6.400000E-2	4.457500E-3	-8.773850E-5	3.586119E-1
6.420000E-2	4.436520E-3	-8.392380E-5	3.602724E-1
6.440000E-2	4.421260E-3	-8.010910E-5	3.616812E-1
6.460000E-2	4.402190E-3	-7.629440E-5	3.639595E-1
6.480000E-2	4.385020E-3	-7.247970E-5	3.651084E-1
6.500000E-2	4.367860E-3	-6.866500E-5	3.668224E-1
6.520000E-2	4.352600E-3	-6.485030E-5	3.677484E-1
6.540000E-2	4.337340E-3	-6.294300E-5	3.695846E-1
6.560000E-2	4.325900E-3	-5.722070E-5	3.705687E-1
6.580000E-2	4.312550E-3	-5.340600E-5	3.721181E-1
6.600000E-2	4.301100E-3	-4.959130E-5	3.741624E-1
6.620000E-2	4.289660E-3	-4.768390E-5	3.754223E-1
6.640000E-2	4.280120E-3	-4.577660E-5	3.773593E-1
6.660000E-2	4.270580E-3	-4.386930E-5	3.785341E-1
6.680000E-2	4.261050E-3	-4.005460E-5	3.806828E-1
6.700000E-2	4.251510E-3	-3.814720E-5	3.828381E-1
6.720000E-2	4.238160E-3	-3.433250E-5	3.851183E-1
6.740000E-2	4.226710E-3	-3.242520E-5	3.862181E-1
6.760000E-2	4.219080E-3	-2.861030E-5	3.877499E-1
6.780000E-2	4.211460E-3	-2.861030E-5	3.883474E-1
6.800000E-2	4.207640E-3	-2.861030E-5	3.900772E-1
6.820000E-2	4.201920E-3	-2.670300E-5	3.915823E-1
6.840000E-2	4.198100E-3	-2.861030E-5	3.929791E-1
6.860000E-2	4.196200E-3	-3.051780E-5	3.942203E-1
6.880000E-2	4.190470E-3	-3.051780E-5	3.962082E-1
6.900000E-2	4.184750E-3	-3.242520E-5	3.977290E-1
6.920000E-2	4.177120E-3	-3.242520E-5	3.992108E-1
6.940000E-2	4.171400E-3	-3.433250E-5	4.001044E-1
6.960000E-2	4.159960E-3	-3.623990E-5	4.029600E-1
6.980000E-2	4.152330E-3	-4.005460E-5	4.038341E-1
7.000000E-2	4.142790E-3	-4.386930E-5	4.060328E-1
7.020000E-2	4.135160E-3	-4.768390E-5	4.074055E-1
7.040000E-2	4.125620E-3	-4.768390E-5	4.085295E-1
7.060000E-2	4.118000E-3	-4.768390E-5	4.093157E-1
7.080000E-2	4.112270E-3	-4.768390E-5	4.110195E-1
7.100000E-2	4.104640E-3	-4.768390E-5	4.127770E-1
7.120000E-2	4.093200E-3	-4.768390E-5	4.148195E-1
7.140000E-2	4.087480E-3	-4.959130E-5	4.158158E-1
7.160000E-2	4.079850E-3	-5.149860E-5	4.181042E-1
7.180000E-2	4.076030E-3	-5.340600E-5	4.189737E-1
7.200000E-2	4.066500E-3	-5.340600E-5	4.205638E-1
7.220000E-2	4.058870E-3	-5.531330E-5	4.215480E-1
7.240000E-2	4.051240E-3	-5.340600E-5	4.226581E-1
7.260000E-2	4.043610E-3	-5.149860E-5	4.236182E-1
7.280000E-2	4.037890E-3	-4.959130E-5	4.259048E-1
7.300000E-2	4.028350E-3	-4.768390E-5	4.271111E-1
7.320000E-2	4.022630E-3	-4.577660E-5	4.286355E-1
7.340000E-2	4.013090E-3	-4.577660E-5	4.300978E-1
7.360000E-2	4.005460E-3	-4.577660E-5	4.314115E-1
7.380000E-2	3.995930E-3	-4.386930E-5	4.332476E-1
7.400000E-2	3.986390E-3	-4.005460E-5	4.344048E-1
7.420000E-2	3.974940E-3	-4.005460E-5	4.355407E-1
7.440000E-2	3.967310E-3	-4.005460E-5	4.353594E-1
7.460000E-2	3.959690E-3	-4.005460E-5	4.369634E-1
7.480000E-2	3.953960E-3	-4.005460E-5	4.384406E-1
7.500000E-2	3.948240E-3	-4.005460E-5	4.403175E-1
7.520000E-2	3.946330E-3	-4.005460E-5	4.416939E-1
7.540000E-2	3.942520E-3	-4.005460E-5	4.430629E-1
7.560000E-2	3.936800E-3	-4.005460E-5	4.447280E-1
7.580000E-2	3.932980E-3	-3.623990E-5	4.468998E-1
7.600000E-2	3.927260E-3	-3.433250E-5	4.474660E-1
7.620000E-2	3.921540E-3	-3.242520E-5	4.492818E-1
7.640000E-2	3.917720E-3	-3.242520E-5	4.505342E-1
7.660000E-2	3.913910E-3	-3.242520E-5	4.521826E-1
7.680000E-2	3.908190E-3	-3.433250E-5	4.524416E-1
7.700000E-2	3.906280E-3	-3.433250E-5	4.543397E-1
7.720000E-2	3.904360E-3	-3.623990E-5	4.555561E-1
7.740000E-2	3.900540E-3	-3.814720E-5	4.565755E-1
7.760000E-2	3.896730E-3	-4.196190E-5	4.573563E-1
7.780000E-2	3.892910E-3	-4.768390E-5	4.592285E-1
7.800000E-2	3.887190E-3	-5.340600E-5	4.605290E-1
7.820000E-2	3.879560E-3	-5.722070E-5	4.622171E-1
7.840000E-2	3.870030E-3	-6.103560E-5	4.627138E-1
7.860000E-2	3.862400E-3	-6.485030E-5	4.643216E-1
7.880000E-2	3.854770E-3	-6.675770E-5	4.655869E-1
7.900000E-2	3.849040E-3	-6.485030E-5	4.674148E-1
7.920000E-2	3.843320E-3	-6.103560E-5	4.684379E-1
7.940000E-2	3.839510E-3	-5.722070E-5	4.695211E-1
7.960000E-2	3.837600E-3	-5.340600E-5	4.712360E-1
7.980000E-2	3.833790E-3	-4.768390E-5	4.726874E-1
8.000000E-2	3.828060E-3	-4.196190E-5	4.742774E-1
8.020000E-2	3.826160E-3	-3.623990E-5	4.756982E-1
8.040000E-2	3.822340E-3	-3.051780E-5	4.767824E-1
8.060000E-2	3.818530E-3	-2.670300E-5	4.785760E-1
8.080000E-2	3.816620E-3	-2.479560E-5	4.801328E-1
8.100000E-2	3.814710E-3	-2.098100E-5	4.819884E-1
8.120000E-2	3.812800E-3	-1.907360E-5	4.825147E-1
8.140000E-2	3.808990E-3	-1.907360E-5	4.833537E-1
8.160000E-2	3.803270E-3	-1.907360E-5	4.855940E-1
8.180000E-2	3.801360E-3	-1.907360E-5	4.868363E-1
8.200000E-2	3.801360E-3	-1.716630E-5	4.877771E-1
8.220000E-2	3.801360E-3	-1.716630E-5	4.897612E-1
8.240000E-2	3.801360E-3	-1.716630E-5	4.911516E-1
8.260000E-2	3.799450E-3	-1.907360E-5	4.932458E-1
8.280000E-2	3.799450E-3	-2.288830E-5	4.937962E-1
8.300000E-2	3.795640E-3	-2.479560E-5	4.953151E-1
8.320000E-2	3.793730E-3	-2.670300E-5	4.960023E-1
8.340000E-2	3.789920E-3	-2.670300E-5	4.982002E-1
8.360000E-2	3.788010E-3	-2.670300E-5	4.990669E-1
8.380000E-2	3.780380E-3	-2.479560E-5	5.008688E-1
8.400000E-2	3.774660E-3	-2.288830E-5	5.017901E-1
8.420000E-2	3.767030E-3	-2.098100E-5	5.030888E-1
8.440000E-2	3.761310E-3	-2.098100E-5	5.039306E-1
8.460000E-2	3.753680E-3	-2.288830E-5	5.053412E-1
8.480000E-2	3.749860E-3	-2.479560E-5	5.066483E-1
8.500000E-2	3.746050E-3	-2.479560E-5	5.082004E-1
8.520000E-2	3.742230E-3	-2.861030E-5	5.087147E-1
8.540000E-2	3.740330E-3	-3.242520E-5	5.103179E-1
8.560000E-2	3.738420E-3	-3.623990E-5	5.121503E-1
8.580000E-2	3.738420E-3	-4.005460E-5	5.131650E-1
8.600000E-2	3.740330E-3	-4.196190E-5	5.140863E-1
8.620000E-2	3.740330E-3	-4.386930E-5	5.159790E-1
8.640000E-2	3.740330E-3	-4.768390E-5	5.170297E-1
8.660000E-2	3.738420E-3	-5.149860E-5	5.188113E-1
8.680000E-2	3.736510E-3	-5.340600E-5	5.203782E-1
8.700000E-2	3.734600E-3	-5.912800E-5	5.216428E-1
8.720000E-2	3.734600E-3	-6.103560E-5	5.238711E-1
8.740000E-2	3.736510E-3	-5.912800E-5	5.254047E-1
8.760000E-2	3.736510E-3	-5.912800E-5	5.265554E-1
8.780000E-2	3.736510E-3	-5.722070E-5	5.276618E-1
8.800000E-2	3.738420E-3	-5.531330E-5	5.291141E-1
8.820000E-2	3.738420E-3	-5.340600E-5	5.306542E-1
8.840000E-2	3.736510E-3	-5.149860E-5	5.321259E-1
8.860000E-2	3.736510E-3	-4.577660E-5	5.332081E-1
8.880000E-2	3.732700E-3	-4.196190E-5	5.348686E-1
8.900000E-2	3.730790E-3	-3.814720E-5	5.361914E-1
8.920000E-2	3.730790E-3	-3.433250E-5	5.379489E-1
8.940000E-2	3.726970E-3	-3.242520E-5	5.386861E-1
8.960000E-2	3.723160E-3	-3.242520E-5	5.403539E-1
8.980000E-2	3.717440E-3	-3.242520E-5	5.407739E-1
9.000000E-2	3.711720E-3	-3.242520E-5	5.426285E-1
