-1.050000E-1	8.907360E-4	-1.525890E-5	-5.498024E-1
-1.049000E-1	9.670290E-4	-9.536800E-6	-5.480060E-1
-1.048000E-1	1.033790E-3	-6.675750E-6	-5.474500E-1
-1.047000E-1	1.093870E-3	-2.861040E-6	-5.466953E-1
-1.046000E-1	1.142510E-3	9.536820E-7	-5.459025E-1
-1.045000E-1	1.186380E-3	2.861040E-6	-5.454447E-1
-1.044000E-1	1.224530E-3	3.814730E-6	-5.450728E-1
-1.043000E-1	1.256950E-3	8.583130E-6	-5.443125E-1
-1.042000E-1	1.283650E-3	1.144420E-5	-5.442884E-1
-1.041000E-1	1.305590E-3	1.716630E-5	-5.434947E-1
-1.040000E-1	1.323710E-3	2.384200E-5	-5.429777E-1
-1.039000E-1	1.339920E-3	2.956400E-5	-5.416577E-1
-1.038000E-1	1.352320E-3	3.051780E-5	-5.415032E-1
-1.037000E-1	1.361850E-3	3.147150E-5	-5.406669E-1
-1.036000E-1	1.366620E-3	2.861030E-5	-5.398030E-1
-1.035000E-1	1.368530E-3	2.479560E-5	-5.387956E-1
-1.034000E-1	1.368530E-3	2.098100E-5	-5.383452E-1
-1.033000E-1	1.365670E-3	1.716630E-5	-5.378281E-1
-1.032000E-1	1.363760E-3	1.430520E-5	-5.373267E-1
-1.031000E-1	1.358990E-3	1.335150E-5	-5.366765E-1
-1.030000E-1	1.356130E-3	1.430520E-5	-5.361835E-1
-1.029000E-1	1.352320E-3	1.525890E-5	-5.354277E-1
-1.028000E-1	1.352320E-3	1.716630E-5	-5.346960E-1
-1.027000E-1	1.355180E-3	1.811990E-5	-5.346053E-1
-1.026000E-1	1.360900E-3	2.193460E-5	-5.340244E-1
-1.025000E-1	1.366620E-3	2.288830E-5	-5.333806E-1
-1.024000E-1	1.371390E-3	2.479560E-5	-5.328432E-1
-1.023000E-1	1.374250E-3	2.384200E-5	-5.318293E-1
-1.022000E-1	1.373300E-3	2.384200E-5	-5.311596E-1
-1.021000E-1	1.373300E-3	2.098100E-5	-5.306565E-1
-1.020000E-1	1.371390E-3	1.811990E-5	-5.297222E-1
-1.019000E-1	1.370440E-3	1.811990E-5	-5.296140E-1
-1.018000E-1	1.367580E-3	1.907360E-5	-5.286705E-1
-1.017000E-1	1.365670E-3	2.193460E-5	-5.280211E-1
-1.016000E-1	1.365670E-3	2.574930E-5	-5.275965E-1
-1.015000E-1	1.365670E-3	2.765670E-5	-5.266946E-1
-1.014000E-1	1.366620E-3	2.765670E-5	-5.263422E-1
-1.013000E-1	1.368530E-3	2.574930E-5	-5.254089E-1
-1.012000E-1	1.367580E-3	2.193460E-5	-5.248474E-1
-1.011000E-1	1.366620E-3	2.002730E-5	-5.241536E-1
-1.010000E-1	1.368530E-3	1.811990E-5	-5.232933E-1
-1.009000E-1	1.369480E-3	2.002730E-5	-5.224026E-1
-1.008000E-1	1.372340E-3	2.288830E-5	-5.217042E-1
-1.007000E-1	1.375210E-3	2.765670E-5	-5.206608E-1
-1.006000E-1	1.379020E-3	3.051780E-5	-5.205822E-1
-1.005000E-1	1.379020E-3	3.433250E-5	-5.197200E-1
-1.004000E-1	1.379970E-3	3.719350E-5	-5.189948E-1
-1.003000E-1	1.379970E-3	3.719350E-5	-5.183935E-1
-1.002000E-1	1.381880E-3	3.719350E-5	-5.177608E-1
-1.001000E-1	1.382840E-3	3.528620E-5	-5.168090E-1
-1.000000E-1	1.384740E-3	3.528620E-5	-5.162124E-1
-9.990000E-2	1.385700E-3	3.433250E-5	-5.154520E-1
-9.980000E-2	1.385700E-3	3.337880E-5	-5.146510E-1
-9.970000E-2	1.384740E-3	3.242520E-5	-5.139184E-1
-9.960000E-2	1.385700E-3	3.051780E-5	-5.133263E-1
-9.950000E-2	1.386650E-3	2.861030E-5	-5.132644E-1
-9.940000E-2	1.387600E-3	2.956400E-5	-5.128583E-1
-9.930000E-2	1.389510E-3	3.051780E-5	-5.125040E-1
-9.920000E-2	1.390460E-3	3.337880E-5	-5.118047E-1
-9.910000E-2	1.393330E-3	3.528620E-5	-5.111489E-1
-9.900000E-2	1.396190E-3	3.814720E-5	-5.108094E-1
-9.890000E-2	1.400000E-3	4.005460E-5	-5.100453E-1
-9.880000E-2	1.402860E-3	4.291560E-5	-5.092452E-1
-9.870000E-2	1.403820E-3	4.577660E-5	-5.085820E-1
-9.860000E-2	1.405720E-3	4.768390E-5	-5.075256E-1
-9.850000E-2	1.405720E-3	4.768390E-5	-5.070539E-1
-9.840000E-2	1.405720E-3	4.768390E-5	-5.063777E-1
-9.830000E-2	1.403820E-3	4.386930E-5	-5.055109E-1
-9.820000E-2	1.401910E-3	4.100820E-5	-5.049309E-1
-9.810000E-2	1.400960E-3	3.528620E-5	-5.040494E-1
-9.800000E-2	1.399050E-3	3.051780E-5	-5.028340E-1
-9.790000E-2	1.397140E-3	2.574930E-5	-5.028460E-1
-9.780000E-2	1.397140E-3	2.384200E-5	-5.021679E-1
-9.770000E-2	1.400000E-3	2.384200E-5	-5.012355E-1
-9.760000E-2	1.401910E-3	2.384200E-5	-5.007757E-1
-9.750000E-2	1.401910E-3	2.384200E-5	-5.001162E-1
-9.740000E-2	1.400960E-3	2.574930E-5	-4.996658E-1
-9.730000E-2	1.399050E-3	2.574930E-5	-4.989729E-1
-9.720000E-2	1.398090E-3	2.670300E-5	-4.982320E-1
-9.710000E-2	1.397140E-3	2.670300E-5	-4.978611E-1
-9.700000E-2	1.397140E-3	2.574930E-5	-4.966141E-1
-9.690000E-2	1.397140E-3	2.574930E-5	-4.961683E-1
-9.680000E-2	1.397140E-3	2.574930E-5	-4.947798E-1
-9.670000E-2	1.397140E-3	2.670300E-5	-4.939057E-1
-9.660000E-2	1.395230E-3	2.861030E-5	-4.936218E-1
-9.650000E-2	1.393330E-3	2.956400E-5	-4.934192E-1
-9.640000E-2	1.394280E-3	2.861030E-5	-4.924571E-1
-9.630000E-2	1.395230E-3	2.574930E-5	-4.922417E-1
-9.620000E-2	1.397140E-3	2.384200E-5	-4.912564E-1
-9.610000E-2	1.398090E-3	2.098100E-5	-4.904628E-1
-9.600000E-2	1.401910E-3	2.002730E-5	-4.896442E-1
-9.590000E-2	1.404770E-3	1.907360E-5	-4.895582E-1
-9.580000E-2	1.407630E-3	2.098100E-5	-4.898838E-1
-9.570000E-2	1.406680E-3	2.288830E-5	-4.892399E-1
-9.560000E-2	1.405720E-3	2.670300E-5	-4.893870E-1
-9.550000E-2	1.404770E-3	3.051780E-5	-4.886507E-1
-9.540000E-2	1.405720E-3	3.528620E-5	-4.876332E-1
-9.530000E-2	1.404770E-3	3.910090E-5	-4.865777E-1
-9.520000E-2	1.402860E-3	4.196190E-5	-4.862179E-1
-9.510000E-2	1.400960E-3	4.386930E-5	-4.849516E-1
-9.500000E-2	1.401910E-3	4.768390E-5	-4.840340E-1
-9.490000E-2	1.402860E-3	5.054500E-5	-4.841949E-1
-9.480000E-2	1.404770E-3	5.054500E-5	-4.834336E-1
-9.470000E-2	1.405720E-3	4.863760E-5	-4.823754E-1
-9.460000E-2	1.403820E-3	4.386930E-5	-4.819833E-1
-9.450000E-2	1.401910E-3	4.005460E-5	-4.806087E-1
-9.440000E-2	1.401910E-3	3.623990E-5	-4.796929E-1
-9.430000E-2	1.399050E-3	3.528620E-5	-4.795690E-1
-9.420000E-2	1.397140E-3	3.242520E-5	-4.783571E-1
-9.410000E-2	1.394280E-3	3.242520E-5	-4.769409E-1
-9.400000E-2	1.392370E-3	3.242520E-5	-4.764146E-1
-9.390000E-2	1.392370E-3	3.433250E-5	-4.758874E-1
-9.380000E-2	1.395230E-3	3.337880E-5	-4.754397E-1
-9.370000E-2	1.398090E-3	3.242520E-5	-4.750808E-1
-9.360000E-2	1.402860E-3	2.861030E-5	-4.751363E-1
-9.350000E-2	1.405720E-3	2.384200E-5	-4.739550E-1
-9.340000E-2	1.408580E-3	1.907360E-5	-4.732502E-1
-9.330000E-2	1.410490E-3	1.525890E-5	-4.720837E-1
-9.320000E-2	1.413350E-3	1.239780E-5	-4.713021E-1
-9.310000E-2	1.414310E-3	1.239780E-5	-4.705667E-1
-9.300000E-2	1.415260E-3	1.239780E-5	-4.702152E-1
-9.290000E-2	1.416210E-3	1.239780E-5	-4.701792E-1
-9.280000E-2	1.417170E-3	1.239780E-5	-4.693984E-1
-9.270000E-2	1.418120E-3	1.239780E-5	-4.687426E-1
-9.260000E-2	1.416210E-3	1.239780E-5	-4.679157E-1
-9.250000E-2	1.413350E-3	1.239780E-5	-4.673329E-1
-9.240000E-2	1.408580E-3	1.049050E-5	-4.665049E-1
-9.230000E-2	1.402860E-3	8.583130E-6	-4.662145E-1
-9.220000E-2	1.397140E-3	7.629450E-6	-4.652331E-1
-9.210000E-2	1.392370E-3	6.675750E-6	-4.649639E-1
-9.200000E-2	1.390460E-3	5.722080E-6	-4.647752E-1
-9.190000E-2	1.390460E-3	4.768400E-6	-4.643515E-1
-9.180000E-2	1.391420E-3	5.722080E-6	-4.629502E-1
-9.170000E-2	1.393330E-3	5.722080E-6	-4.626652E-1
-9.160000E-2	1.394280E-3	9.536800E-6	-4.619326E-1
-9.150000E-2	1.395230E-3	1.335150E-5	-4.607505E-1
-9.140000E-2	1.397140E-3	1.907360E-5	-4.601482E-1
-9.130000E-2	1.399050E-3	2.384200E-5	-4.593926E-1
-9.120000E-2	1.401910E-3	2.861030E-5	-4.584388E-1
-9.110000E-2	1.405720E-3	3.337880E-5	-4.573455E-1
-9.100000E-2	1.410490E-3	3.910090E-5	-4.567877E-1
-9.090000E-2	1.414310E-3	4.196190E-5	-4.559608E-1
-9.080000E-2	1.417170E-3	4.386930E-5	-4.555176E-1
-9.070000E-2	1.420030E-3	4.291560E-5	-4.549562E-1
-9.060000E-2	1.420980E-3	4.100820E-5	-4.543762E-1
-9.050000E-2	1.420980E-3	3.719350E-5	-4.534576E-1
-9.040000E-2	1.419070E-3	3.528620E-5	-4.534752E-1
-9.030000E-2	1.418120E-3	3.623990E-5	-4.523717E-1
-9.020000E-2	1.418120E-3	3.910090E-5	-4.514550E-1
-9.010000E-2	1.419070E-3	4.196190E-5	-4.510628E-1
-9.000000E-2	1.420980E-3	4.386930E-5	-4.507621E-1
-8.990000E-2	1.421940E-3	4.482290E-5	-4.498334E-1
-8.980000E-2	1.424800E-3	4.482290E-5	-4.489973E-1
-8.970000E-2	1.427660E-3	4.386930E-5	-4.485255E-1
-8.960000E-2	1.429570E-3	4.196190E-5	-4.475108E-1
-8.950000E-2	1.432430E-3	3.910090E-5	-4.471167E-1
-8.940000E-2	1.434330E-3	3.719350E-5	-4.461963E-1
-8.930000E-2	1.438150E-3	3.528620E-5	-4.453675E-1
-8.920000E-2	1.441010E-3	3.623990E-5	-4.438504E-1
-8.910000E-2	1.445780E-3	3.814720E-5	-4.428311E-1
-8.900000E-2	1.450550E-3	4.100820E-5	-4.421762E-1
-8.890000E-2	1.454360E-3	4.100820E-5	-4.416647E-1
-8.880000E-2	1.457220E-3	3.910090E-5	-4.405066E-1
-8.870000E-2	1.459130E-3	3.719350E-5	-4.402161E-1
-8.860000E-2	1.459130E-3	3.528620E-5	-4.396389E-1
-8.850000E-2	1.458180E-3	3.242520E-5	-4.392042E-1
-8.840000E-2	1.457220E-3	3.051780E-5	-4.382283E-1
-8.830000E-2	1.456270E-3	2.670300E-5	-4.375206E-1
-8.820000E-2	1.454360E-3	2.288830E-5	-4.371525E-1
-8.810000E-2	1.452450E-3	1.907360E-5	-4.364976E-1
-8.800000E-2	1.449590E-3	1.907360E-5	-4.349223E-1
-8.790000E-2	1.447690E-3	2.002730E-5	-4.348354E-1
-8.780000E-2	1.448640E-3	2.193460E-5	-4.342609E-1
-8.770000E-2	1.450550E-3	2.288830E-5	-4.336365E-1
-8.760000E-2	1.454360E-3	2.479560E-5	-4.334311E-1
-8.750000E-2	1.459130E-3	2.574930E-5	-4.325941E-1
-8.740000E-2	1.463900E-3	2.574930E-5	-4.319030E-1
-8.730000E-2	1.465800E-3	2.765670E-5	-4.313471E-1
-8.720000E-2	1.467710E-3	3.051780E-5	-4.304045E-1
-8.710000E-2	1.468670E-3	3.147150E-5	-4.295997E-1
-8.700000E-2	1.470570E-3	3.242520E-5	-4.291982E-1
-8.690000E-2	1.472480E-3	3.242520E-5	-4.280143E-1
-8.680000E-2	1.476300E-3	3.147150E-5	-4.273880E-1
-8.670000E-2	1.477250E-3	3.051780E-5	-4.269764E-1
-8.660000E-2	1.479160E-3	2.861030E-5	-4.252698E-1
-8.650000E-2	1.479160E-3	2.574930E-5	-4.247462E-1
-8.640000E-2	1.478200E-3	2.098100E-5	-4.246953E-1
-8.630000E-2	1.478200E-3	1.811990E-5	-4.234716E-1
-8.620000E-2	1.478200E-3	1.716630E-5	-4.230294E-1
-8.610000E-2	1.476300E-3	1.907360E-5	-4.226955E-1
-8.600000E-2	1.476300E-3	1.907360E-5	-4.222395E-1
-8.590000E-2	1.476300E-3	2.098100E-5	-4.212394E-1
-8.580000E-2	1.476300E-3	2.098100E-5	-4.206697E-1
-8.570000E-2	1.474390E-3	2.002730E-5	-4.196244E-1
-8.560000E-2	1.474390E-3	1.907360E-5	-4.190860E-1
-8.550000E-2	1.476300E-3	2.098100E-5	-4.176911E-1
-8.540000E-2	1.479160E-3	2.288830E-5	-4.173295E-1
-8.530000E-2	1.482970E-3	2.574930E-5	-4.168466E-1
-8.520000E-2	1.487740E-3	3.051780E-5	-4.161713E-1
-8.510000E-2	1.492510E-3	3.433250E-5	-4.155099E-1
-8.500000E-2	1.497280E-3	3.719350E-5	-4.149661E-1
-8.490000E-2	1.503000E-3	3.814720E-5	-4.141687E-1
-8.480000E-2	1.506810E-3	3.719350E-5	-4.136627E-1
-8.470000E-2	1.509670E-3	3.528620E-5	-4.129255E-1
-8.460000E-2	1.511580E-3	3.242520E-5	-4.118127E-1
-8.450000E-2	1.512530E-3	3.051780E-5	-4.118497E-1
-8.440000E-2	1.509670E-3	2.956400E-5	-4.107609E-1
-8.430000E-2	1.507770E-3	2.956400E-5	-4.102263E-1
-8.420000E-2	1.503000E-3	3.147150E-5	-4.095353E-1
-8.410000E-2	1.499180E-3	3.337880E-5	-4.091476E-1
-8.400000E-2	1.494420E-3	3.528620E-5	-4.084928E-1
-8.390000E-2	1.490600E-3	3.719350E-5	-4.076122E-1
-8.380000E-2	1.485830E-3	3.814720E-5	-4.068277E-1
-8.370000E-2	1.482970E-3	3.814720E-5	-4.061562E-1
-8.360000E-2	1.481060E-3	3.910090E-5	-4.056881E-1
-8.350000E-2	1.481060E-3	4.196190E-5	-4.048104E-1
-8.340000E-2	1.482020E-3	4.482290E-5	-4.039843E-1
-8.330000E-2	1.483920E-3	4.577660E-5	-4.034487E-1
-8.320000E-2	1.485830E-3	4.482290E-5	-4.027929E-1
-8.310000E-2	1.488690E-3	4.291560E-5	-4.026115E-1
-8.300000E-2	1.490600E-3	4.100820E-5	-4.017559E-1
-8.290000E-2	1.494420E-3	3.719350E-5	-4.010168E-1
-8.280000E-2	1.496320E-3	3.623990E-5	-4.002611E-1
-8.270000E-2	1.501090E-3	3.433250E-5	-3.995701E-1
-8.260000E-2	1.503000E-3	3.147150E-5	-3.990827E-1
-8.250000E-2	1.505860E-3	2.574930E-5	-3.983398E-1
-8.240000E-2	1.506810E-3	2.193460E-5	-3.975814E-1
-8.230000E-2	1.507770E-3	1.716630E-5	-3.967997E-1
-8.220000E-2	1.507770E-3	1.525890E-5	-3.968191E-1
-8.210000E-2	1.507770E-3	1.335150E-5	-3.962521E-1
-8.200000E-2	1.507770E-3	1.239780E-5	-3.956675E-1
-8.190000E-2	1.507770E-3	1.144420E-5	-3.943744E-1
-8.180000E-2	1.507770E-3	1.239780E-5	-3.935104E-1
-8.170000E-2	1.508720E-3	1.430520E-5	-3.929591E-1
-8.160000E-2	1.507770E-3	1.811990E-5	-3.924780E-1
-8.150000E-2	1.509670E-3	2.193460E-5	-3.918806E-1
-8.140000E-2	1.512530E-3	2.861030E-5	-3.909703E-1
-8.130000E-2	1.514440E-3	3.528620E-5	-3.899842E-1
-8.120000E-2	1.516350E-3	4.100820E-5	-3.895744E-1
-8.110000E-2	1.518260E-3	4.386930E-5	-3.885089E-1
-8.100000E-2	1.519210E-3	4.482290E-5	-3.871685E-1
-8.090000E-2	1.521120E-3	4.291560E-5	-3.857385E-1
-8.080000E-2	1.522070E-3	4.196190E-5	-3.853777E-1
-8.070000E-2	1.523030E-3	4.100820E-5	-3.845923E-1
-8.060000E-2	1.526840E-3	4.100820E-5	-3.835895E-1
-8.050000E-2	1.529700E-3	4.196190E-5	-3.828570E-1
-8.040000E-2	1.532560E-3	4.196190E-5	-3.821207E-1
-8.030000E-2	1.532560E-3	4.100820E-5	-3.814556E-1
-8.020000E-2	1.532560E-3	4.005460E-5	-3.812687E-1
-8.010000E-2	1.532560E-3	3.814720E-5	-3.807729E-1
-8.000000E-2	1.532560E-3	3.719350E-5	-3.800237E-1
-7.990000E-2	1.536380E-3	3.528620E-5	-3.790310E-1
-7.980000E-2	1.538280E-3	3.433250E-5	-3.782634E-1
-7.970000E-2	1.542100E-3	3.242520E-5	-3.775354E-1
-7.960000E-2	1.544010E-3	3.242520E-5	-3.766187E-1
-7.950000E-2	1.547820E-3	3.433250E-5	-3.757631E-1
-7.940000E-2	1.548770E-3	3.719350E-5	-3.753708E-1
-7.930000E-2	1.551640E-3	3.814720E-5	-3.750739E-1
-7.920000E-2	1.555450E-3	3.910090E-5	-3.743108E-1
-7.910000E-2	1.559260E-3	3.719350E-5	-3.736338E-1
-7.900000E-2	1.561170E-3	3.528620E-5	-3.725450E-1
-7.890000E-2	1.562130E-3	3.147150E-5	-3.721130E-1
-7.880000E-2	1.562130E-3	2.861030E-5	-3.708059E-1
-7.870000E-2	1.562130E-3	2.574930E-5	-3.701594E-1
-7.860000E-2	1.562130E-3	2.288830E-5	-3.695489E-1
-7.850000E-2	1.561170E-3	1.907360E-5	-3.691076E-1
-7.840000E-2	1.558310E-3	1.811990E-5	-3.683251E-1
-7.830000E-2	1.557360E-3	1.716630E-5	-3.678125E-1
-7.820000E-2	1.556400E-3	1.716630E-5	-3.669060E-1
-7.810000E-2	1.555450E-3	2.002730E-5	-3.665943E-1
-7.800000E-2	1.556400E-3	2.479560E-5	-3.659764E-1
-7.790000E-2	1.558310E-3	2.956400E-5	-3.647434E-1
-7.780000E-2	1.561170E-3	3.337880E-5	-3.636852E-1
-7.770000E-2	1.562130E-3	3.623990E-5	-3.628942E-1
-7.760000E-2	1.564030E-3	3.910090E-5	-3.619591E-1
-7.750000E-2	1.565940E-3	3.719350E-5	-3.611081E-1
-7.740000E-2	1.569760E-3	3.623990E-5	-3.597372E-1
-7.730000E-2	1.573570E-3	3.242520E-5	-3.598029E-1
-7.720000E-2	1.576430E-3	3.147150E-5	-3.583812E-1
-7.710000E-2	1.582150E-3	3.051780E-5	-3.577707E-1
-7.700000E-2	1.586920E-3	3.051780E-5	-3.573211E-1
-7.690000E-2	1.591690E-3	3.147150E-5	-3.567301E-1
-7.680000E-2	1.595500E-3	3.337880E-5	-3.560195E-1
-7.670000E-2	1.599320E-3	3.433250E-5	-3.554840E-1
-7.660000E-2	1.603130E-3	3.623990E-5	-3.541650E-1
-7.650000E-2	1.605990E-3	3.719350E-5	-3.533981E-1
-7.640000E-2	1.609810E-3	3.910090E-5	-3.523871E-1
-7.630000E-2	1.615530E-3	4.100820E-5	-3.517664E-1
-7.620000E-2	1.622210E-3	4.196190E-5	-3.502244E-1
-7.610000E-2	1.627930E-3	4.100820E-5	-3.491653E-1
-7.600000E-2	1.631740E-3	4.196190E-5	-3.485103E-1
-7.590000E-2	1.635560E-3	4.482290E-5	-3.470710E-1
-7.580000E-2	1.639370E-3	4.673030E-5	-3.462681E-1
-7.570000E-2	1.642230E-3	4.768390E-5	-3.455021E-1
-7.560000E-2	1.645100E-3	4.768390E-5	-3.454513E-1
-7.550000E-2	1.645100E-3	4.577660E-5	-3.445124E-1
-7.540000E-2	1.646050E-3	4.386930E-5	-3.441323E-1
-7.530000E-2	1.647000E-3	4.291560E-5	-3.427901E-1
-7.520000E-2	1.649860E-3	4.005460E-5	-3.418549E-1
-7.510000E-2	1.650820E-3	3.910090E-5	-3.403387E-1
-7.500000E-2	1.653680E-3	3.623990E-5	-3.394220E-1
-7.490000E-2	1.655590E-3	3.242520E-5	-3.393925E-1
-7.480000E-2	1.657490E-3	2.861030E-5	-3.390244E-1
-7.470000E-2	1.660350E-3	2.574930E-5	-3.373834E-1
-7.460000E-2	1.664170E-3	2.574930E-5	-3.363843E-1
-7.450000E-2	1.668940E-3	2.765670E-5	-3.366026E-1
-7.440000E-2	1.671800E-3	2.956400E-5	-3.363418E-1
-7.430000E-2	1.675610E-3	3.242520E-5	-3.353409E-1
-7.420000E-2	1.677520E-3	3.528620E-5	-3.346121E-1
-7.410000E-2	1.680380E-3	3.814720E-5	-3.336722E-1
-7.400000E-2	1.681340E-3	4.196190E-5	-3.330339E-1
-7.390000E-2	1.683240E-3	4.768390E-5	-3.318518E-1
-7.380000E-2	1.684200E-3	5.054500E-5	-3.310645E-1
-7.370000E-2	1.683240E-3	5.149860E-5	-3.304024E-1
-7.360000E-2	1.681340E-3	5.054500E-5	-3.297270E-1
-7.350000E-2	1.678470E-3	5.054500E-5	-3.292645E-1
-7.340000E-2	1.677520E-3	5.054500E-5	-3.280287E-1
-7.330000E-2	1.680380E-3	5.054500E-5	-3.273053E-1
-7.320000E-2	1.685150E-3	5.245230E-5	-3.254442E-1
-7.310000E-2	1.688960E-3	5.340600E-5	-3.253175E-1
-7.300000E-2	1.691830E-3	5.531330E-5	-3.245293E-1
-7.290000E-2	1.695640E-3	5.435970E-5	-3.226349E-1
-7.280000E-2	1.702320E-3	5.435970E-5	-3.221854E-1
-7.270000E-2	1.707080E-3	5.245230E-5	-3.206036E-1
-7.260000E-2	1.714710E-3	5.531330E-5	-3.201189E-1
-7.250000E-2	1.723300E-3	5.531330E-5	-3.195195E-1
-7.240000E-2	1.730930E-3	5.340600E-5	-3.189451E-1
-7.230000E-2	1.736650E-3	4.768390E-5	-3.174789E-1
-7.220000E-2	1.742370E-3	4.005460E-5	-3.166806E-1
-7.210000E-2	1.747140E-3	3.337880E-5	-3.157131E-1
-7.200000E-2	1.750950E-3	2.861030E-5	-3.155549E-1
-7.190000E-2	1.753810E-3	2.384200E-5	-3.144745E-1
-7.180000E-2	1.755720E-3	1.907360E-5	-3.140573E-1
-7.170000E-2	1.755720E-3	1.716630E-5	-3.129038E-1
-7.160000E-2	1.757630E-3	1.525890E-5	-3.126106E-1
-7.150000E-2	1.760490E-3	1.525890E-5	-3.121508E-1
-7.140000E-2	1.766210E-3	1.239780E-5	-3.111158E-1
-7.130000E-2	1.773840E-3	9.536800E-6	-3.103915E-1
-7.120000E-2	1.782420E-3	8.583130E-6	-3.096533E-1
-7.110000E-2	1.791010E-3	9.536800E-6	-3.087884E-1
-7.100000E-2	1.799590E-3	1.239780E-5	-3.082362E-1
-7.090000E-2	1.807220E-3	1.525890E-5	-3.073565E-1
-7.080000E-2	1.811030E-3	1.907360E-5	-3.060865E-1
-7.070000E-2	1.814850E-3	2.193460E-5	-3.055426E-1
-7.060000E-2	1.814850E-3	2.384200E-5	-3.049524E-1
-7.050000E-2	1.813900E-3	2.765670E-5	-3.036334E-1
-7.040000E-2	1.812940E-3	3.051780E-5	-3.027139E-1
-7.030000E-2	1.813900E-3	3.337880E-5	-3.017084E-1
-7.020000E-2	1.817710E-3	3.528620E-5	-3.003560E-1
-7.010000E-2	1.826290E-3	3.623990E-5	-3.000684E-1
-7.000000E-2	1.832970E-3	3.528620E-5	-2.981406E-1
-6.990000E-2	1.842510E-3	3.528620E-5	-2.976828E-1
-6.980000E-2	1.850140E-3	3.433250E-5	-2.973840E-1
-6.970000E-2	1.858720E-3	3.433250E-5	-2.967393E-1
-6.960000E-2	1.864440E-3	3.623990E-5	-2.950594E-1
-6.950000E-2	1.871120E-3	3.814720E-5	-2.943193E-1
-6.940000E-2	1.875880E-3	4.386930E-5	-2.928570E-1
-6.930000E-2	1.879700E-3	5.054500E-5	-2.916035E-1
-6.920000E-2	1.882560E-3	5.722070E-5	-2.907256E-1
-6.910000E-2	1.886380E-3	6.198930E-5	-2.905620E-1
-6.900000E-2	1.889240E-3	6.675770E-5	-2.889627E-1
-6.890000E-2	1.894960E-3	7.247970E-5	-2.885445E-1
-6.880000E-2	1.900680E-3	7.438710E-5	-2.873614E-1
-6.870000E-2	1.909260E-3	7.438710E-5	-2.867204E-1
-6.860000E-2	1.917850E-3	7.247970E-5	-2.853422E-1
-6.850000E-2	1.926430E-3	7.152600E-5	-2.847399E-1
-6.840000E-2	1.933110E-3	7.152600E-5	-2.829880E-1
-6.830000E-2	1.940730E-3	7.057240E-5	-2.831618E-1
-6.820000E-2	1.948360E-3	6.771130E-5	-2.820657E-1
-6.810000E-2	1.956950E-3	6.485030E-5	-2.811000E-1
-6.800000E-2	1.966490E-3	6.198930E-5	-2.796681E-1
-6.790000E-2	1.975070E-3	5.722070E-5	-2.790622E-1
-6.780000E-2	1.982700E-3	5.149860E-5	-2.782723E-1
-6.770000E-2	1.987470E-3	4.482290E-5	-2.768672E-1
-6.760000E-2	1.988430E-3	4.100820E-5	-2.763852E-1
-6.750000E-2	1.989380E-3	3.623990E-5	-2.758987E-1
-6.740000E-2	1.991290E-3	3.337880E-5	-2.751485E-1
-6.730000E-2	1.991290E-3	3.051780E-5	-2.740320E-1
-6.720000E-2	1.992240E-3	2.765670E-5	-2.722477E-1
-6.710000E-2	1.993190E-3	2.193460E-5	-2.717213E-1
-6.700000E-2	1.995100E-3	1.907360E-5	-2.715844E-1
-6.690000E-2	1.996060E-3	1.811990E-5	-2.691479E-1
-6.680000E-2	1.998920E-3	2.098100E-5	-2.686003E-1
-6.670000E-2	2.003680E-3	2.288830E-5	-2.666356E-1
-6.660000E-2	2.010360E-3	2.765670E-5	-2.657106E-1
-6.650000E-2	2.017990E-3	3.147150E-5	-2.650520E-1
-6.640000E-2	2.027530E-3	3.528620E-5	-2.632760E-1
-6.630000E-2	2.038020E-3	3.814720E-5	-2.628902E-1
-6.620000E-2	2.050410E-3	4.196190E-5	-2.616627E-1
-6.610000E-2	2.064720E-3	4.386930E-5	-2.605018E-1
-6.600000E-2	2.079980E-3	4.863760E-5	-2.592244E-1
-6.590000E-2	2.094280E-3	5.149860E-5	-2.582957E-1
-6.580000E-2	2.108590E-3	5.531330E-5	-2.570063E-1
-6.570000E-2	2.120990E-3	5.817440E-5	-2.547880E-1
-6.560000E-2	2.130520E-3	6.294300E-5	-2.547612E-1
-6.550000E-2	2.141010E-3	6.771130E-5	-2.535032E-1
-6.540000E-2	2.150550E-3	7.343340E-5	-2.522988E-1
-6.530000E-2	2.160090E-3	7.724810E-5	-2.514524E-1
-6.520000E-2	2.169620E-3	7.915540E-5	-2.498614E-1
-6.510000E-2	2.179160E-3	7.915540E-5	-2.488596E-1
-6.500000E-2	2.189650E-3	8.297010E-5	-2.481187E-1
-6.490000E-2	2.200140E-3	8.487750E-5	-2.464823E-1
-6.480000E-2	2.209680E-3	8.583120E-5	-2.452290E-1
-6.470000E-2	2.216350E-3	8.201650E-5	-2.439692E-1
-6.460000E-2	2.223980E-3	7.724810E-5	-2.425724E-1
-6.450000E-2	2.232570E-3	7.343340E-5	-2.419840E-1
-6.440000E-2	2.243060E-3	7.057240E-5	-2.410165E-1
-6.430000E-2	2.254500E-3	7.057240E-5	-2.396946E-1
-6.420000E-2	2.267850E-3	7.247970E-5	-2.396484E-1
-6.410000E-2	2.282160E-3	7.343340E-5	-2.381036E-1
-6.400000E-2	2.296460E-3	7.057240E-5	-2.365384E-1
-6.390000E-2	2.308860E-3	7.057240E-5	-2.342223E-1
-6.380000E-2	2.323170E-3	7.438710E-5	-2.338948E-1
-6.370000E-2	2.335560E-3	7.820180E-5	-2.311632E-1
-6.360000E-2	2.345100E-3	7.915540E-5	-2.308866E-1
-6.350000E-2	2.350820E-3	7.724810E-5	-2.297942E-1
-6.340000E-2	2.351780E-3	7.057240E-5	-2.290773E-1
-6.330000E-2	2.352730E-3	6.580400E-5	-2.280940E-1
-6.320000E-2	2.354640E-3	6.198930E-5	-2.269896E-1
-6.310000E-2	2.362270E-3	6.103560E-5	-2.258028E-1
-6.300000E-2	2.373710E-3	6.198930E-5	-2.246557E-1
-6.290000E-2	2.389920E-3	6.485030E-5	-2.233440E-1
-6.280000E-2	2.405180E-3	6.675770E-5	-2.224635E-1
-6.270000E-2	2.418530E-3	6.580400E-5	-2.214700E-1
-6.260000E-2	2.430930E-3	6.389660E-5	-2.193795E-1
-6.250000E-2	2.442370E-3	6.198930E-5	-2.187726E-1
-6.240000E-2	2.457630E-3	6.008170E-5	-2.175267E-1
-6.230000E-2	2.475750E-3	5.817440E-5	-2.168384E-1
-6.220000E-2	2.498640E-3	5.912800E-5	-2.161040E-1
-6.210000E-2	2.522480E-3	5.912800E-5	-2.148663E-1
-6.200000E-2	2.546330E-3	6.485030E-5	-2.133678E-1
-6.190000E-2	2.564450E-3	7.057240E-5	-2.112893E-1
-6.180000E-2	2.579700E-3	7.724810E-5	-2.097075E-1
-6.170000E-2	2.591150E-3	7.915540E-5	-2.086734E-1
-6.160000E-2	2.599730E-3	8.010910E-5	-2.080332E-1
-6.150000E-2	2.609270E-3	7.724810E-5	-2.070980E-1
-6.140000E-2	2.621670E-3	7.152600E-5	-2.047337E-1
-6.130000E-2	2.634060E-3	6.008170E-5	-2.043915E-1
-6.120000E-2	2.646460E-3	5.054500E-5	-2.022491E-1
-6.110000E-2	2.657910E-3	4.577660E-5	-2.009190E-1
-6.100000E-2	2.673160E-3	4.386930E-5	-1.985324E-1
-6.090000E-2	2.688420E-3	4.386930E-5	-1.969932E-1
-6.080000E-2	2.706540E-3	4.291560E-5	-1.958823E-1
-6.070000E-2	2.723710E-3	4.005460E-5	-1.944430E-1
-6.060000E-2	2.742780E-3	4.196190E-5	-1.926595E-1
-6.050000E-2	2.761860E-3	4.196190E-5	-1.917789E-1
-6.040000E-2	2.781880E-3	4.196190E-5	-1.901112E-1
-6.030000E-2	2.797140E-3	4.196190E-5	-1.903128E-1
-6.020000E-2	2.810490E-3	4.386930E-5	-1.886061E-1
-6.010000E-2	2.823840E-3	4.863760E-5	-1.880936E-1
-6.000000E-2	2.845780E-3	5.722070E-5	-1.867218E-1
-5.990000E-2	2.867710E-3	6.485030E-5	-1.850494E-1
-5.980000E-2	2.894420E-3	7.343340E-5	-1.830782E-1
-5.970000E-2	2.918260E-3	8.392380E-5	-1.819905E-1
-5.960000E-2	2.940190E-3	9.441420E-5	-1.803671E-1
-5.950000E-2	2.958310E-3	1.058580E-4	-1.787261E-1
-5.940000E-2	2.977390E-3	1.144410E-4	-1.774551E-1
-5.930000E-2	2.995510E-3	1.163490E-4	-1.757235E-1
-5.920000E-2	3.015530E-3	1.144410E-4	-1.749603E-1
-5.910000E-2	3.036510E-3	1.106270E-4	-1.735876E-1
-5.900000E-2	3.057490E-3	1.058580E-4	-1.713528E-1
-5.890000E-2	3.074660E-3	1.039510E-4	-1.691337E-1
-5.880000E-2	3.090870E-3	9.918260E-5	-1.681144E-1
-5.870000E-2	3.104220E-3	9.727520E-5	-1.667361E-1
-5.860000E-2	3.118530E-3	9.536790E-5	-1.647945E-1
-5.850000E-2	3.133790E-3	9.346050E-5	-1.638722E-1
-5.840000E-2	3.152860E-3	9.250690E-5	-1.617679E-1
-5.830000E-2	3.171940E-3	9.250690E-5	-1.605310E-1
-5.820000E-2	3.197680E-3	9.059950E-5	-1.589465E-1
-5.810000E-2	3.224390E-3	8.678480E-5	-1.558736E-1
-5.800000E-2	3.253000E-3	8.487750E-5	-1.550855E-1
-5.790000E-2	3.283520E-3	8.487750E-5	-1.510766E-1
-5.780000E-2	3.314990E-3	8.010910E-5	-1.507482E-1
-5.770000E-2	3.346460E-3	7.343340E-5	-1.496677E-1
-5.760000E-2	3.375070E-3	6.580400E-5	-1.474006E-1
-5.750000E-2	3.407490E-3	5.912800E-5	-1.454478E-1
-5.740000E-2	3.437060E-3	5.245230E-5	-1.420383E-1
-5.730000E-2	3.465670E-3	4.482290E-5	-1.408635E-1
-5.720000E-2	3.482830E-3	3.814720E-5	-1.402252E-1
-5.710000E-2	3.500950E-3	3.719350E-5	-1.378719E-1
-5.700000E-2	3.519070E-3	4.005460E-5	-1.383197E-1
-5.690000E-2	3.536240E-3	4.482290E-5	-1.346909E-1
-5.680000E-2	3.550540E-3	4.959130E-5	-1.336576E-1
-5.670000E-2	3.567710E-3	5.245230E-5	-1.326983E-1
-5.660000E-2	3.584880E-3	5.340600E-5	-1.290991E-1
-5.650000E-2	3.606810E-3	5.435970E-5	-1.280298E-1
-5.640000E-2	3.626840E-3	5.722070E-5	-1.248875E-1
-5.630000E-2	3.646870E-3	6.580400E-5	-1.244261E-1
-5.620000E-2	3.664990E-3	7.438710E-5	-1.221616E-1
-5.610000E-2	3.685970E-3	8.201650E-5	-1.212800E-1
-5.600000E-2	3.704090E-3	8.583120E-5	-1.188815E-1
-5.590000E-2	3.718390E-3	8.201650E-5	-1.177326E-1
-5.580000E-2	3.726970E-3	7.915540E-5	-1.173820E-1
-5.570000E-2	3.733650E-3	7.724810E-5	-1.148827E-1
-5.560000E-2	3.735560E-3	7.915540E-5	-1.119189E-1
-5.550000E-2	3.738420E-3	7.820180E-5	-1.108005E-1
-5.540000E-2	3.731740E-3	7.247970E-5	-1.081615E-1
-5.530000E-2	3.718390E-3	6.866500E-5	-1.063059E-1
-5.520000E-2	3.694550E-3	6.580400E-5	-1.044966E-1
-5.510000E-2	3.667850E-3	6.580400E-5	-1.040581E-1
-5.500000E-2	3.636380E-3	6.580400E-5	-1.026299E-1
-5.490000E-2	3.604900E-3	7.057240E-5	-1.006069E-1
-5.480000E-2	3.569620E-3	7.534070E-5	-9.793353E-2
-5.470000E-2	3.537190E-3	7.724810E-5	-9.733984E-2
-5.460000E-2	3.505720E-3	7.247970E-5	-9.640604E-2
-5.450000E-2	3.474250E-3	6.103560E-5	-9.540151E-2
-5.440000E-2	3.440870E-3	4.863760E-5	-9.428551E-2
-5.430000E-2	3.403680E-3	3.433250E-5	-9.271849E-2
-5.420000E-2	3.363620E-3	2.574930E-5	-8.964832E-2
-5.410000E-2	3.322620E-3	1.907360E-5	-8.776479E-2
-5.400000E-2	3.279700E-3	1.525890E-5	-8.693439E-2
-5.390000E-2	3.234880E-3	1.144420E-5	-8.588764E-2
-5.380000E-2	3.191010E-3	1.525890E-5	-8.358761E-2
-5.370000E-2	3.145230E-3	1.907360E-5	-8.169546E-2
-5.360000E-2	3.099460E-3	2.384200E-5	-8.100124E-2
-5.350000E-2	3.049870E-3	2.765670E-5	-7.941700E-2
-5.340000E-2	2.997410E-3	3.147150E-5	-7.863446E-2
-5.330000E-2	2.942100E-3	3.528620E-5	-7.696819E-2
-5.320000E-2	2.888690E-3	3.814720E-5	-7.687322E-2
-5.310000E-2	2.838150E-3	3.719350E-5	-7.634665E-2
-5.300000E-2	2.793330E-3	3.910090E-5	-7.522195E-2
-5.290000E-2	2.752320E-3	3.910090E-5	-7.384841E-2
-5.280000E-2	2.713220E-3	4.196190E-5	-7.222140E-2
-5.270000E-2	2.676980E-3	4.386930E-5	-7.168936E-2
-5.260000E-2	2.640740E-3	4.673030E-5	-7.076491E-2
-5.250000E-2	2.603550E-3	4.959130E-5	-6.955884E-2
-5.240000E-2	2.565400E-3	5.245230E-5	-6.834823E-2
-5.230000E-2	2.524390E-3	5.435970E-5	-6.725908E-2
-5.220000E-2	2.476710E-3	5.531330E-5	-6.595276E-2
-5.210000E-2	2.427120E-3	5.531330E-5	-6.442378E-2
-5.200000E-2	2.378480E-3	5.722070E-5	-6.346572E-2
-5.190000E-2	2.326980E-3	5.817440E-5	-6.284223E-2
-5.180000E-2	2.273570E-3	5.722070E-5	-6.199128E-2
-5.170000E-2	2.219220E-3	5.531330E-5	-6.084269E-2
-5.160000E-2	2.164860E-3	5.149860E-5	-5.923114E-2
-5.150000E-2	2.112400E-3	4.768390E-5	-5.861932E-2
-5.140000E-2	2.063770E-3	4.291560E-5	-5.719625E-2
-5.130000E-2	2.018940E-3	3.910090E-5	-5.731169E-2
-5.120000E-2	1.979840E-3	3.719350E-5	-5.577818E-2
-5.110000E-2	1.939780E-3	3.719350E-5	-5.567255E-2
-5.100000E-2	1.899730E-3	3.623990E-5	-5.463775E-2
-5.090000E-2	1.859670E-3	3.337880E-5	-5.404851E-2
-5.080000E-2	1.819620E-3	2.956400E-5	-5.363627E-2
-5.070000E-2	1.782420E-3	2.670300E-5	-5.255249E-2
-5.060000E-2	1.747140E-3	2.384200E-5	-5.258072E-2
-5.050000E-2	1.712810E-3	2.384200E-5	-5.135132E-2
-5.040000E-2	1.678470E-3	2.193460E-5	-5.073644E-2
-5.030000E-2	1.645100E-3	2.288830E-5	-4.964276E-2
-5.020000E-2	1.611720E-3	2.193460E-5	-4.918969E-2
-5.010000E-2	1.583110E-3	2.098100E-5	-4.899130E-2
-5.000000E-2	1.555450E-3	1.716630E-5	-4.853426E-2
-4.990000E-2	1.530650E-3	1.621260E-5	-4.742937E-2
-4.980000E-2	1.505860E-3	1.525890E-5	-4.674329E-2
-4.970000E-2	1.482020E-3	1.525890E-5	-4.644326E-2
-4.960000E-2	1.456270E-3	1.525890E-5	-4.567063E-2
-4.950000E-2	1.430520E-3	1.716630E-5	-4.525200E-2
-4.940000E-2	1.403820E-3	1.716630E-5	-4.492160E-2
-4.930000E-2	1.377110E-3	1.716630E-5	-4.410046E-2
-4.920000E-2	1.350410E-3	1.811990E-5	-4.329755E-2
-4.910000E-2	1.323710E-3	1.907360E-5	-4.300223E-2
-4.900000E-2	1.297000E-3	1.907360E-5	-4.212259E-2
-4.890000E-2	1.272210E-3	1.811990E-5	-4.180885E-2
-4.880000E-2	1.245510E-3	1.716630E-5	-4.168257E-2
-4.870000E-2	1.221660E-3	1.716630E-5	-4.084495E-2
-4.860000E-2	1.197820E-3	1.621260E-5	-4.052288E-2
-4.850000E-2	1.175890E-3	1.525890E-5	-3.967425E-2
-4.840000E-2	1.153950E-3	1.525890E-5	-3.921757E-2
-4.830000E-2	1.132970E-3	1.716630E-5	-3.894994E-2
-4.820000E-2	1.111040E-3	1.907360E-5	-3.825506E-2
-4.810000E-2	1.091010E-3	2.098100E-5	-3.761694E-2
-4.800000E-2	1.070980E-3	2.193460E-5	-3.721953E-2
-4.790000E-2	1.051910E-3	2.288830E-5	-3.693596E-2
-4.780000E-2	1.032840E-3	2.288830E-5	-3.648836E-2
-4.770000E-2	1.013760E-3	2.193460E-5	-3.601586E-2
-4.760000E-2	9.937360E-4	2.098100E-5	-3.563787E-2
-4.750000E-2	9.737050E-4	1.907360E-5	-3.532830E-2
-4.740000E-2	9.536780E-4	1.907360E-5	-3.490199E-2
-4.730000E-2	9.326970E-4	1.716630E-5	-3.512704E-2
-4.720000E-2	9.145770E-4	1.716630E-5	-3.453040E-2
-4.710000E-2	8.964580E-4	1.621260E-5	-3.427739E-2
-4.700000E-2	8.811990E-4	1.621260E-5	-3.372342E-2
-4.690000E-2	8.678470E-4	1.716630E-5	-3.351040E-2
-4.680000E-2	8.544960E-4	1.907360E-5	-3.311325E-2
-4.670000E-2	8.430520E-4	1.907360E-5	-3.269010E-2
-4.660000E-2	8.297000E-4	1.907360E-5	-3.250513E-2
-4.650000E-2	8.153950E-4	1.907360E-5	-3.239542E-2
-4.640000E-2	8.010900E-4	1.811990E-5	-3.222157E-2
-4.630000E-2	7.867850E-4	1.716630E-5	-3.188088E-2
-4.620000E-2	7.724800E-4	1.525890E-5	-3.152531E-2
-4.610000E-2	7.591280E-4	1.525890E-5	-3.130053E-2
-4.600000E-2	7.467310E-4	1.525890E-5	-3.099560E-2
-4.590000E-2	7.352870E-4	1.525890E-5	-3.044347E-2
-4.580000E-2	7.219350E-4	1.525890E-5	-3.007632E-2
-4.570000E-2	7.085840E-4	1.525890E-5	-2.995616E-2
-4.560000E-2	6.942790E-4	1.621260E-5	-2.982914E-2
-4.550000E-2	6.809270E-4	1.716630E-5	-2.945986E-2
-4.540000E-2	6.675760E-4	1.811990E-5	-2.928369E-2
-4.530000E-2	6.532710E-4	1.716630E-5	-2.883627E-2
-4.520000E-2	6.399190E-4	1.716630E-5	-2.852347E-2
-4.510000E-2	6.265680E-4	1.525890E-5	-2.825962E-2
-4.500000E-2	6.132160E-4	1.525890E-5	-2.786766E-2
-4.490000E-2	6.017720E-4	1.525890E-5	-2.782637E-2
-4.480000E-2	5.893740E-4	1.525890E-5	-2.783674E-2
-4.470000E-2	5.788840E-4	1.239780E-5	-2.749338E-2
-4.460000E-2	5.674400E-4	1.144420E-5	-2.698801E-2
-4.450000E-2	5.559960E-4	9.536800E-6	-2.696070E-2
-4.440000E-2	5.455050E-4	8.583130E-6	-2.659086E-2
-4.430000E-2	5.359690E-4	7.629450E-6	-2.633720E-2
-4.420000E-2	5.264320E-4	6.675750E-6	-2.606179E-2
-4.410000E-2	5.178490E-4	5.722080E-6	-2.627787E-2
-4.400000E-2	5.102190E-4	5.722080E-6	-2.570825E-2
-4.390000E-2	5.025900E-4	4.768400E-6	-2.563983E-2
-4.380000E-2	4.949610E-4	3.814730E-6	-2.519510E-2
-4.370000E-2	4.882850E-4	2.861040E-6	-2.504078E-2
-4.360000E-2	4.806540E-4	1.907360E-6	-2.475982E-2
-4.350000E-2	4.730240E-4	1.907360E-6	-2.469547E-2
-4.340000E-2	4.653950E-4	1.907360E-6	-2.446904E-2
-4.330000E-2	4.587190E-4	1.907360E-6	-2.422028E-2
-4.320000E-2	4.520430E-4	1.907360E-6	-2.408161E-2
-4.310000E-2	4.453680E-4	9.536820E-7	-2.380657E-2
-4.300000E-2	4.396460E-4	0.000000E+0	-2.358401E-2
-4.290000E-2	4.339240E-4	0.000000E+0	-2.352560E-2
-4.280000E-2	4.291550E-4	0.000000E+0	-2.345386E-2
-4.270000E-2	4.234330E-4	0.000000E+0	-2.325084E-2
-4.260000E-2	4.186650E-4	0.000000E+0	-2.302134E-2
-4.250000E-2	4.138970E-4	1.907360E-6	-2.273575E-2
-4.240000E-2	4.100820E-4	1.907360E-6	-2.246403E-2
-4.230000E-2	4.062670E-4	3.814730E-6	-2.244692E-2
-4.220000E-2	4.014990E-4	3.814730E-6	-2.215428E-2
-4.210000E-2	3.976840E-4	4.768400E-6	-2.196673E-2
-4.200000E-2	3.938690E-4	4.768400E-6	-2.190998E-2
-4.190000E-2	3.891010E-4	4.768400E-6	-2.171900E-2
-4.180000E-2	3.843330E-4	4.768400E-6	-2.145136E-2
-4.170000E-2	3.805180E-4	4.768400E-6	-2.131916E-2
-4.160000E-2	3.757500E-4	5.722080E-6	-2.108190E-2
-4.150000E-2	3.719350E-4	5.722080E-6	-2.084989E-2
-4.140000E-2	3.681200E-4	5.722080E-6	-2.074806E-2
-4.130000E-2	3.633520E-4	5.722080E-6	-2.054801E-2
-4.120000E-2	3.595370E-4	5.722080E-6	-2.042711E-2
-4.110000E-2	3.557220E-4	5.722080E-6	-2.017938E-2
-4.100000E-2	3.519080E-4	5.722080E-6	-2.011013E-2
-4.090000E-2	3.471390E-4	6.675750E-6	-1.996969E-2
-4.080000E-2	3.452320E-4	6.675750E-6	-1.985795E-2
-4.070000E-2	3.414170E-4	7.629450E-6	-1.982898E-2
-4.060000E-2	3.376030E-4	8.583130E-6	-1.969095E-2
-4.050000E-2	3.337880E-4	8.583130E-6	-1.946793E-2
-4.040000E-2	3.309270E-4	8.583130E-6	-1.947126E-2
-4.030000E-2	3.271120E-4	8.583130E-6	-1.937249E-2
-4.020000E-2	3.242510E-4	8.583130E-6	-1.913893E-2
-4.010000E-2	3.204360E-4	8.583130E-6	-1.894201E-2
-4.000000E-2	3.166220E-4	8.583130E-6	-1.883944E-2
-3.990000E-2	3.137610E-4	7.629450E-6	-1.872094E-2
-3.980000E-2	3.109000E-4	6.675750E-6	-1.863846E-2
-3.970000E-2	3.080390E-4	5.722080E-6	-1.854968E-2
-3.960000E-2	3.051780E-4	4.768400E-6	-1.833889E-2
-3.950000E-2	3.032700E-4	3.814730E-6	-1.825261E-2
-3.940000E-2	3.004090E-4	3.814730E-6	-1.818660E-2
-3.930000E-2	2.985020E-4	2.861040E-6	-1.802247E-2
-3.920000E-2	2.937340E-4	2.861040E-6	-1.780306E-2
-3.910000E-2	2.899190E-4	2.861040E-6	-1.782463E-2
-3.900000E-2	2.861040E-4	2.861040E-6	-1.765318E-2
-3.890000E-2	2.822890E-4	2.861040E-6	-1.751988E-2
-3.880000E-2	2.775210E-4	1.907360E-6	-1.745525E-2
-3.870000E-2	2.737060E-4	1.907360E-6	-1.727668E-2
-3.860000E-2	2.679840E-4	1.907360E-6	-1.719762E-2
-3.850000E-2	2.632160E-4	2.861040E-6	-1.701237E-2
-3.840000E-2	2.574940E-4	3.814730E-6	-1.686712E-2
-3.830000E-2	2.517720E-4	3.814730E-6	-1.672845E-2
-3.820000E-2	2.450960E-4	3.814730E-6	-1.661569E-2
-3.810000E-2	2.384200E-4	3.814730E-6	-1.656413E-2
-3.800000E-2	2.317440E-4	3.814730E-6	-1.649247E-2
-3.790000E-2	2.241140E-4	3.814730E-6	-1.644220E-2
-3.780000E-2	2.174390E-4	3.814730E-6	-1.636463E-2
-3.770000E-2	2.098090E-4	3.814730E-6	-1.625566E-2
-3.760000E-2	2.031340E-4	3.814730E-6	-1.622650E-2
-3.750000E-2	1.955040E-4	3.814730E-6	-1.608301E-2
-3.740000E-2	1.888280E-4	3.814730E-6	-1.602784E-2
-3.730000E-2	1.821530E-4	3.814730E-6	-1.598932E-2
-3.720000E-2	1.754770E-4	3.814730E-6	-1.596832E-2
-3.710000E-2	1.688010E-4	3.814730E-6	-1.586010E-2
-3.700000E-2	1.630790E-4	3.814730E-6	-1.586648E-2
-3.690000E-2	1.573570E-4	3.814730E-6	-1.577779E-2
-3.680000E-2	1.516350E-4	3.814730E-6	-1.572650E-2
-3.670000E-2	1.459130E-4	2.861040E-6	-1.562699E-2
-3.660000E-2	1.411450E-4	2.861040E-6	-1.561088E-2
-3.650000E-2	1.354230E-4	1.907360E-6	-1.563559E-2
-3.640000E-2	1.306540E-4	1.907360E-6	-1.555006E-2
-3.630000E-2	1.258860E-4	1.907360E-6	-1.554830E-2
-3.620000E-2	1.211170E-4	1.907360E-6	-1.548349E-2
-3.610000E-2	1.173020E-4	1.907360E-6	-1.544748E-2
-3.600000E-2	1.125340E-4	1.907360E-6	-1.544767E-2
-3.590000E-2	1.077660E-4	1.907360E-6	-1.538666E-2
-3.580000E-2	1.029970E-4	1.907360E-6	-1.535018E-2
-3.570000E-2	9.727520E-5	1.907360E-6	-1.526881E-2
-3.560000E-2	9.250690E-5	1.907360E-6	-1.531094E-2
-3.550000E-2	8.773850E-5	1.907360E-6	-1.530417E-2
-3.540000E-2	8.201650E-5	9.536820E-7	-1.526428E-2
-3.530000E-2	7.724810E-5	9.536820E-7	-1.530260E-2
-3.520000E-2	7.247970E-5	9.536820E-7	-1.521530E-2
-3.510000E-2	6.771130E-5	9.536820E-7	-1.523660E-2
-3.500000E-2	6.294300E-5	9.536820E-7	-1.517791E-2
-3.490000E-2	5.722070E-5	9.536820E-7	-1.520623E-2
-3.480000E-2	5.245230E-5	9.536820E-7	-1.519299E-2
-3.470000E-2	4.768390E-5	9.536820E-7	-1.517290E-2
-3.460000E-2	4.291560E-5	9.536820E-7	-1.516920E-2
-3.450000E-2	3.719350E-5	9.536820E-7	-1.518244E-2
-3.440000E-2	3.242520E-5	9.536820E-7	-1.521225E-2
-3.430000E-2	2.861030E-5	9.536820E-7	-1.519503E-2
-3.420000E-2	2.384200E-5	9.536820E-7	-1.520929E-2
-3.410000E-2	1.907360E-5	0.000000E+0	-1.522484E-2
-3.400000E-2	1.525890E-5	0.000000E+0	-1.521058E-2
-3.390000E-2	1.144420E-5	0.000000E+0	-1.521067E-2
-3.380000E-2	8.583130E-6	0.000000E+0	-1.521484E-2
-3.370000E-2	4.768400E-6	0.000000E+0	-1.522086E-2
-3.360000E-2	1.907360E-6	0.000000E+0	-1.527232E-2
-3.350000E-2	-9.536820E-7	0.000000E+0	-1.522326E-2
-3.340000E-2	-4.768400E-6	0.000000E+0	-1.528881E-2
-3.330000E-2	-6.675750E-6	0.000000E+0	-1.529900E-2
-3.320000E-2	-1.144420E-5	-9.536820E-7	-1.533149E-2
-3.310000E-2	-1.430520E-5	-9.536820E-7	-1.535204E-2
-3.300000E-2	-1.811990E-5	-9.536820E-7	-1.535092E-2
-3.290000E-2	-2.288830E-5	-9.536820E-7	-1.540879E-2
-3.280000E-2	-2.765670E-5	-9.536820E-7	-1.549451E-2
-3.270000E-2	-3.433250E-5	-9.536820E-7	-1.555116E-2
-3.260000E-2	-4.291560E-5	0.000000E+0	-1.571465E-2
-3.250000E-2	-5.340600E-5	-9.536820E-7	-1.585547E-2
-3.240000E-2	-6.866500E-5	0.000000E+0	-1.601839E-2
-3.230000E-2	-9.155320E-5	-9.536820E-7	-1.655024E-2
-3.220000E-2	-1.220710E-4	-1.907360E-6	-1.681666E-2
-3.210000E-2	-1.640330E-4	-2.861040E-6	-1.738591E-2
-3.200000E-2	-2.203000E-4	-4.768400E-6	-1.790221E-2
-3.190000E-2	-2.918260E-4	-4.768400E-6	-1.874872E-2
-3.180000E-2	-3.786110E-4	-4.768400E-6	-1.910486E-2
-3.170000E-2	-4.787460E-4	-4.768400E-6	-1.957856E-2
-3.160000E-2	-5.855600E-4	-2.861040E-6	-1.992118E-2
-3.150000E-2	-6.942790E-4	1.907360E-6	-2.084009E-2
-3.140000E-2	-8.049050E-4	5.722080E-6	-2.167622E-2
-3.130000E-2	-9.183920E-4	5.722080E-6	-2.248061E-2
-3.120000E-2	-1.028070E-3	1.907360E-6	-2.367882E-2
-3.110000E-2	-1.131070E-3	-3.814730E-6	-2.405809E-2
-3.100000E-2	-1.218800E-3	-7.629450E-6	-2.477870E-2
-3.090000E-2	-1.286510E-3	-9.536800E-6	-2.510735E-2
-3.080000E-2	-1.329430E-3	-1.144420E-5	-2.582785E-2
-3.070000E-2	-1.344690E-3	-1.144420E-5	-2.594126E-2
-3.060000E-2	-1.335150E-3	-1.144420E-5	-2.656476E-2
-3.050000E-2	-1.301770E-3	-1.049050E-5	-2.703411E-2
-3.040000E-2	-1.249320E-3	-9.536800E-6	-2.705540E-2
-3.030000E-2	-1.185420E-3	-9.536800E-6	-2.719825E-2
-3.020000E-2	-1.116760E-3	-9.536800E-6	-2.761122E-2
-3.010000E-2	-1.043330E-3	-9.536800E-6	-2.773352E-2
-3.000000E-2	-9.727520E-4	-9.536800E-6	-2.816918E-2
-2.990000E-2	-9.059940E-4	-9.536800E-6	-2.864483E-2
-2.980000E-2	-8.468670E-4	-8.583130E-6	-2.871130E-2
-2.970000E-2	-7.944140E-4	-7.629450E-6	-2.898069E-2
-2.960000E-2	-7.505450E-4	-8.583130E-6	-2.909271E-2
-2.950000E-2	-7.162130E-4	-9.536800E-6	-2.975675E-2
-2.940000E-2	-6.895100E-4	-1.144420E-5	-2.986756E-2
-2.930000E-2	-6.704370E-4	-1.239780E-5	-3.009168E-2
-2.920000E-2	-6.570850E-4	-1.335150E-5	-3.056771E-2
-2.910000E-2	-6.475490E-4	-1.335150E-5	-3.062659E-2
-2.900000E-2	-6.408730E-4	-1.239780E-5	-3.115991E-2
-2.890000E-2	-6.361040E-4	-1.144420E-5	-3.131970E-2
-2.880000E-2	-6.313360E-4	-1.144420E-5	-3.160140E-2
-2.870000E-2	-6.265680E-4	-1.144420E-5	-3.207752E-2
-2.860000E-2	-6.179850E-4	-1.144420E-5	-3.241246E-2
-2.850000E-2	-6.055870E-4	-1.144420E-5	-3.265657E-2
-2.840000E-2	-5.874670E-4	-1.144420E-5	-3.293014E-2
-2.830000E-2	-5.645790E-4	-1.239780E-5	-3.291745E-2
-2.820000E-2	-5.369220E-4	-1.239780E-5	-3.305798E-2
-2.810000E-2	-5.064050E-4	-1.144420E-5	-3.317084E-2
-2.800000E-2	-4.720710E-4	-1.144420E-5	-3.318843E-2
-2.790000E-2	-4.377380E-4	-1.144420E-5	-3.320564E-2
-2.780000E-2	-4.014990E-4	-1.049050E-5	-3.325397E-2
-2.770000E-2	-3.652590E-4	-9.536800E-6	-3.328933E-2
-2.760000E-2	-3.290200E-4	-9.536800E-6	-3.329063E-2
-2.750000E-2	-2.927800E-4	-8.583130E-6	-3.326720E-2
-2.740000E-2	-2.584480E-4	-6.675750E-6	-3.332118E-2
-2.730000E-2	-2.241140E-4	-6.675750E-6	-3.328952E-2
-2.720000E-2	-1.907360E-4	-5.722080E-6	-3.324258E-2
-2.710000E-2	-1.602180E-4	-4.768400E-6	-3.326128E-2
-2.700000E-2	-1.297010E-4	-4.768400E-6	-3.319953E-2
-2.690000E-2	-1.020440E-4	-3.814730E-6	-3.316834E-2
-2.680000E-2	-7.534070E-5	-2.861040E-6	-3.309529E-2
-2.670000E-2	-5.149860E-5	-2.861040E-6	-3.308011E-2
-2.660000E-2	-3.051780E-5	-1.907360E-6	-3.305058E-2
-2.650000E-2	-1.049050E-5	-9.536820E-7	-3.300744E-2
-2.640000E-2	7.629450E-6	0.000000E+0	-3.299420E-2
-2.630000E-2	2.384200E-5	0.000000E+0	-3.297587E-2
-2.620000E-2	3.814720E-5	0.000000E+0	-3.284256E-2
-2.610000E-2	5.149860E-5	0.000000E+0	-3.268259E-2
-2.600000E-2	6.485030E-5	0.000000E+0	-3.262668E-2
-2.590000E-2	7.724810E-5	0.000000E+0	-3.252457E-2
-2.580000E-2	8.964590E-5	0.000000E+0	-3.238302E-2
-2.570000E-2	1.010900E-4	0.000000E+0	-3.233220E-2
-2.560000E-2	1.125340E-4	0.000000E+0	-3.228665E-2
-2.550000E-2	1.230250E-4	0.000000E+0	-3.215686E-2
-2.540000E-2	1.325620E-4	9.536820E-7	-3.202327E-2
-2.530000E-2	1.420980E-4	1.907360E-6	-3.187932E-2
-2.520000E-2	1.497280E-4	1.907360E-6	-3.175443E-2
-2.510000E-2	1.564040E-4	3.814730E-6	-3.169814E-2
-2.500000E-2	1.630790E-4	3.814730E-6	-3.159326E-2
-2.490000E-2	1.678480E-4	3.814730E-6	-3.148217E-2
-2.480000E-2	1.726160E-4	3.814730E-6	-3.143634E-2
-2.470000E-2	1.764310E-4	3.814730E-6	-3.138960E-2
-2.460000E-2	1.792920E-4	3.814730E-6	-3.120453E-2
-2.450000E-2	1.811990E-4	3.814730E-6	-3.113159E-2
-2.440000E-2	1.831060E-4	3.814730E-6	-3.110890E-2
-2.430000E-2	1.831060E-4	3.814730E-6	-3.103947E-2
-2.420000E-2	1.831060E-4	3.814730E-6	-3.096476E-2
-2.410000E-2	1.831060E-4	3.814730E-6	-3.093264E-2
-2.400000E-2	1.831060E-4	3.814730E-6	-3.086080E-2
-2.390000E-2	1.821530E-4	3.814730E-6	-3.075878E-2
-2.380000E-2	1.802450E-4	3.814730E-6	-3.076749E-2
-2.370000E-2	1.783380E-4	3.814730E-6	-3.059909E-2
-2.360000E-2	1.764310E-4	3.814730E-6	-3.055113E-2
-2.350000E-2	1.735700E-4	3.814730E-6	-3.052661E-2
-2.340000E-2	1.697550E-4	3.814730E-6	-3.048299E-2
-2.330000E-2	1.668940E-4	2.861040E-6	-3.037497E-2
-2.320000E-2	1.630790E-4	2.861040E-6	-3.030692E-2
-2.310000E-2	1.592650E-4	2.861040E-6	-3.026869E-2
-2.300000E-2	1.535420E-4	1.907360E-6	-3.020574E-2
-2.290000E-2	1.478200E-4	1.907360E-6	-3.016297E-2
-2.280000E-2	1.430520E-4	1.907360E-6	-3.011890E-2
-2.270000E-2	1.363760E-4	9.536820E-7	-3.008308E-2
-2.260000E-2	1.297010E-4	9.536820E-7	-3.005957E-2
-2.250000E-2	1.220710E-4	9.536820E-7	-3.001337E-2
-2.240000E-2	1.144410E-4	0.000000E+0	-3.002254E-2
-2.230000E-2	1.058580E-4	0.000000E+0	-2.996791E-2
-2.220000E-2	9.727520E-5	0.000000E+0	-3.002605E-2
-2.210000E-2	8.869220E-5	0.000000E+0	-2.998958E-2
-2.200000E-2	7.915540E-5	0.000000E+0	-2.995958E-2
-2.190000E-2	7.057240E-5	0.000000E+0	-2.994801E-2
-2.180000E-2	6.198930E-5	0.000000E+0	-2.998633E-2
-2.170000E-2	5.245230E-5	0.000000E+0	-3.002013E-2
-2.160000E-2	4.291560E-5	0.000000E+0	-3.007077E-2
-2.150000E-2	3.337880E-5	0.000000E+0	-3.005530E-2
-2.140000E-2	2.384200E-5	0.000000E+0	-3.015946E-2
-2.130000E-2	1.335150E-5	0.000000E+0	-3.014223E-2
-2.120000E-2	3.814730E-6	0.000000E+0	-3.016380E-2
-2.110000E-2	-6.675750E-6	0.000000E+0	-3.019676E-2
-2.100000E-2	-1.716630E-5	0.000000E+0	-3.021833E-2
-2.090000E-2	-2.670300E-5	0.000000E+0	-3.028721E-2
-2.080000E-2	-3.814720E-5	-9.536820E-7	-3.032340E-2
-2.070000E-2	-4.768390E-5	-9.536820E-7	-3.036229E-2
-2.060000E-2	-5.817440E-5	-1.907360E-6	-3.049411E-2
-2.050000E-2	-6.866500E-5	-1.907360E-6	-3.060391E-2
-2.040000E-2	-8.010910E-5	-2.861040E-6	-3.077693E-2
-2.030000E-2	-9.250690E-5	-2.861040E-6	-3.084155E-2
-2.020000E-2	-1.049050E-4	-3.814730E-6	-3.090672E-2
-2.010000E-2	-1.192100E-4	-4.768400E-6	-3.106836E-2
-2.000000E-2	-1.335150E-4	-4.768400E-6	-3.138441E-2
-1.990000E-2	-1.487740E-4	-4.768400E-6	-3.146763E-2
-1.980000E-2	-1.659400E-4	-5.722080E-6	-3.142431E-2
-1.970000E-2	-1.840600E-4	-5.722080E-6	-3.173101E-2
-1.960000E-2	-2.031340E-4	-5.722080E-6	-3.219972E-2
-1.950000E-2	-2.250680E-4	-5.722080E-6	-3.224249E-2
-1.940000E-2	-2.508180E-4	-4.768400E-6	-3.264112E-2
-1.930000E-2	-2.784750E-4	-4.768400E-6	-3.296226E-2
-1.920000E-2	-3.089920E-4	-4.768400E-6	-3.337662E-2
-1.910000E-2	-3.433250E-4	-4.768400E-6	-3.390847E-2
-1.900000E-2	-3.795640E-4	-4.768400E-6	-3.422296E-2
-1.890000E-2	-4.177110E-4	-4.768400E-6	-3.461436E-2
-1.880000E-2	-4.568120E-4	-6.675750E-6	-3.478396E-2
-1.870000E-2	-4.940070E-4	-7.629450E-6	-3.503743E-2
-1.860000E-2	-5.302470E-4	-8.583130E-6	-3.530367E-2
-1.850000E-2	-5.617180E-4	-8.583130E-6	-3.548540E-2
-1.840000E-2	-5.893740E-4	-8.583130E-6	-3.576960E-2
-1.830000E-2	-6.113090E-4	-8.583130E-6	-3.600123E-2
-1.820000E-2	-6.284750E-4	-8.583130E-6	-3.617740E-2
-1.810000E-2	-6.389660E-4	-9.536800E-6	-3.645614E-2
-1.800000E-2	-6.427800E-4	-8.583130E-6	-3.697022E-2
-1.790000E-2	-6.399190E-4	-8.583130E-6	-3.697549E-2
-1.780000E-2	-6.303820E-4	-7.629450E-6	-3.706186E-2
-1.770000E-2	-6.151240E-4	-7.629450E-6	-3.718814E-2
-1.760000E-2	-5.941430E-4	-7.629450E-6	-3.739717E-2
-1.750000E-2	-5.674400E-4	-7.629450E-6	-3.754131E-2
-1.740000E-2	-5.388300E-4	-6.675750E-6	-3.774239E-2
-1.730000E-2	-5.073580E-4	-6.675750E-6	-3.784903E-2
-1.720000E-2	-4.768390E-4	-5.722080E-6	-3.799225E-2
-1.710000E-2	-4.472750E-4	-4.768400E-6	-3.808463E-2
-1.700000E-2	-4.215260E-4	-4.768400E-6	-3.828127E-2
-1.690000E-2	-3.995910E-4	-4.768400E-6	-3.836255E-2
-1.680000E-2	-3.814720E-4	-4.768400E-6	-3.863518E-2
-1.670000E-2	-3.690740E-4	-4.768400E-6	-3.854742E-2
-1.660000E-2	-3.633520E-4	-4.768400E-6	-3.895836E-2
-1.650000E-2	-3.623980E-4	-4.768400E-6	-3.934172E-2
-1.640000E-2	-3.700270E-4	-6.675750E-6	-3.974414E-2
-1.630000E-2	-3.824250E-4	-6.675750E-6	-3.997113E-2
-1.620000E-2	-3.995910E-4	-6.675750E-6	-4.018730E-2
-1.610000E-2	-4.196190E-4	-8.583130E-6	-4.070303E-2
-1.600000E-2	-4.415530E-4	-9.536800E-6	-4.092401E-2
-1.590000E-2	-4.653950E-4	-9.536800E-6	-4.159194E-2
-1.580000E-2	-4.892390E-4	-8.583130E-6	-4.159055E-2
-1.570000E-2	-5.121270E-4	-8.583130E-6	-4.219961E-2
-1.560000E-2	-5.340610E-4	-7.629450E-6	-4.245104E-2
-1.550000E-2	-5.521810E-4	-8.583130E-6	-4.275220E-2
-1.540000E-2	-5.674400E-4	-8.583130E-6	-4.315110E-2
-1.530000E-2	-5.779300E-4	-8.583130E-6	-4.320247E-2
-1.520000E-2	-5.855600E-4	-6.675750E-6	-4.360129E-2
-1.510000E-2	-5.893740E-4	-5.722080E-6	-4.377746E-2
-1.500000E-2	-5.903280E-4	-4.768400E-6	-4.388022E-2
-1.490000E-2	-5.884210E-4	-3.814730E-6	-4.416294E-2
-1.480000E-2	-5.846060E-4	-2.861040E-6	-4.439763E-2
-1.470000E-2	-5.779300E-4	-1.907360E-6	-4.453741E-2
-1.460000E-2	-5.683940E-4	-1.907360E-6	-4.470312E-2
-1.450000E-2	-5.579030E-4	-1.907360E-6	-4.507296E-2
-1.440000E-2	-5.455050E-4	-2.861040E-6	-4.529403E-2
-1.430000E-2	-5.321540E-4	-2.861040E-6	-4.549426E-2
-1.420000E-2	-5.188030E-4	-4.768400E-6	-4.564674E-2
-1.410000E-2	-5.054510E-4	-4.768400E-6	-4.573034E-2
-1.400000E-2	-4.921000E-4	-4.768400E-6	-4.590364E-2
-1.390000E-2	-4.777930E-4	-4.768400E-6	-4.597835E-2
-1.380000E-2	-4.644410E-4	-4.768400E-6	-4.598353E-2
-1.370000E-2	-4.510900E-4	-4.768400E-6	-4.619211E-2
-1.360000E-2	-4.367850E-4	-4.768400E-6	-4.638373E-2
-1.350000E-2	-4.224800E-4	-3.814730E-6	-4.646418E-2
-1.340000E-2	-4.072210E-4	-2.861040E-6	-4.657249E-2
-1.330000E-2	-3.900550E-4	-2.861040E-6	-4.666210E-2
-1.320000E-2	-3.719350E-4	-2.861040E-6	-4.676931E-2
-1.310000E-2	-3.519080E-4	-1.907360E-6	-4.677921E-2
-1.300000E-2	-3.309270E-4	-1.907360E-6	-4.685031E-2
-1.290000E-2	-3.080390E-4	-1.907360E-6	-4.689910E-2
-1.280000E-2	-2.861040E-4	-9.536820E-7	-4.690882E-2
-1.270000E-2	-2.622620E-4	-9.536820E-7	-4.696501E-2
-1.260000E-2	-2.393730E-4	-9.536820E-7	-4.698685E-2
-1.250000E-2	-2.155310E-4	-9.536820E-7	-4.695196E-2
-1.240000E-2	-1.916890E-4	-1.907360E-6	-4.698853E-2
-1.230000E-2	-1.688010E-4	-1.907360E-6	-4.700482E-2
-1.220000E-2	-1.487740E-4	-1.907360E-6	-4.705768E-2
-1.210000E-2	-1.316080E-4	-2.861040E-6	-4.700537E-2
-1.200000E-2	-1.153950E-4	-2.861040E-6	-4.708239E-2
-1.190000E-2	-1.049050E-4	-3.814730E-6	-4.717081E-2
-1.180000E-2	-9.727520E-5	-4.768400E-6	-4.717026E-2
-1.170000E-2	-9.346050E-5	-4.768400E-6	-4.741623E-2
-1.160000E-2	-9.632160E-5	-5.722080E-6	-4.753527E-2
-1.150000E-2	-1.068120E-4	-6.675750E-6	-4.779365E-2
-1.140000E-2	-1.220710E-4	-8.583130E-6	-4.782883E-2
-1.130000E-2	-1.459130E-4	-1.049050E-5	-4.821580E-2
-1.120000E-2	-1.754770E-4	-1.239780E-5	-4.848214E-2
-1.110000E-2	-2.145780E-4	-1.430520E-5	-4.882772E-2
-1.100000E-2	-2.603550E-4	-1.716630E-5	-4.948768E-2
-1.090000E-2	-3.166220E-4	-1.907360E-5	-5.020459E-2
-1.080000E-2	-3.805180E-4	-2.002730E-5	-5.072162E-2
-1.070000E-2	-4.491820E-4	-2.288830E-5	-5.103722E-2
-1.060000E-2	-5.168950E-4	-2.384200E-5	-5.140030E-2
-1.050000E-2	-5.807910E-4	-2.479560E-5	-5.180059E-2
-1.040000E-2	-6.408730E-4	-2.479560E-5	-5.247788E-2
-1.030000E-2	-6.952320E-4	-2.670300E-5	-5.279457E-2
-1.020000E-2	-7.400550E-4	-2.861030E-5	-5.326494E-2
-1.010000E-2	-7.782020E-4	-2.956400E-5	-5.371819E-2
-1.000000E-2	-8.087200E-4	-3.147150E-5	-5.442205E-2
-9.900000E-3	-8.325610E-4	-3.051780E-5	-5.477513E-2
-9.800000E-3	-8.544960E-4	-2.861030E-5	-5.579688E-2
-9.700000E-3	-8.764300E-4	-2.670300E-5	-5.626272E-2
-9.600000E-3	-9.040870E-4	-2.384200E-5	-5.698675E-2
-9.500000E-3	-9.393730E-4	-1.907360E-5	-5.685038E-2
-9.400000E-3	-9.822920E-4	-1.525890E-5	-5.707913E-2
-9.300000E-3	-1.032840E-3	-1.239780E-5	-5.806553E-2
-9.200000E-3	-1.095780E-3	-8.583130E-6	-5.911755E-2
-9.100000E-3	-1.175890E-3	-4.768400E-6	-6.063847E-2
-9.000000E-3	-1.277930E-3	1.907360E-6	-6.294313E-2
-8.900000E-3	-1.399050E-3	2.861040E-6	-6.385167E-2
-8.800000E-3	-1.537330E-3	-9.536820E-7	-6.539425E-2
-8.700000E-3	-1.677520E-3	-6.675750E-6	-6.678270E-2
-8.600000E-3	-1.804360E-3	-1.144420E-5	-6.765151E-2
-8.500000E-3	-1.894000E-3	-1.621260E-5	-6.728612E-2
-8.400000E-3	-1.933110E-3	-2.002730E-5	-6.824539E-2
-8.300000E-3	-1.906400E-3	-2.193460E-5	-6.678945E-2
-8.200000E-3	-1.803410E-3	-2.479560E-5	-6.639045E-2
-8.100000E-3	-1.613620E-3	-2.670300E-5	-6.415884E-2
-8.000000E-3	-1.338970E-3	-3.242520E-5	-6.412671E-2
-7.900000E-3	-9.784770E-4	-3.814720E-5	-6.027243E-2
-7.800000E-3	-5.369220E-4	-4.005460E-5	-5.999822E-2
-7.700000E-3	-2.956400E-5	-4.005460E-5	-5.576448E-2
-7.600000E-3	5.168950E-4	-3.910090E-5	-5.473745E-2
-7.500000E-3	1.081470E-3	-3.337880E-5	-5.125930E-2
-7.400000E-3	1.658450E-3	-2.002730E-5	-4.589493E-2
-7.300000E-3	2.246870E-3	0.000000E+0	-4.358315E-2
-7.200000E-3	2.822890E-3	2.861030E-5	-3.879589E-2
-7.100000E-3	3.383650E-3	5.722070E-5	-3.478053E-2
-7.000000E-3	3.924400E-3	8.869220E-5	-2.836636E-2
-6.900000E-3	4.434620E-3	1.192100E-4	-2.721038E-2
-6.800000E-3	4.902870E-3	1.459130E-4	-2.320742E-2
-6.700000E-3	5.326300E-3	1.640330E-4	-1.934583E-2
-6.600000E-3	5.700140E-3	1.878750E-4	-1.712504E-2
-6.500000E-3	6.050140E-3	2.126700E-4	-1.216735E-2
-6.400000E-3	6.364850E-3	2.384200E-4	-9.808171E-3
-6.300000E-3	6.645230E-3	2.603550E-4	-6.456669E-3
-6.200000E-3	6.890330E-3	2.784750E-4	-3.563130E-3
-6.100000E-3	7.112530E-3	2.889650E-4	-2.422731E-4
-6.000000E-3	7.300410E-3	2.946870E-4	8.972023E-3
-5.900000E-3	7.458720E-3	2.899190E-4	1.485194E-2
-5.800000E-3	7.580790E-3	2.851500E-4	1.768762E-2
-5.700000E-3	7.682830E-3	2.775210E-4	1.890590E-2
-5.600000E-3	7.761990E-3	2.727530E-4	2.415910E-2
-5.500000E-3	7.827820E-3	2.698920E-4	2.665908E-2
-5.400000E-3	7.873590E-3	2.832430E-4	3.121555E-2
-5.300000E-3	7.912700E-3	3.013630E-4	3.291894E-2
-5.200000E-3	7.926050E-3	3.118530E-4	3.926849E-2
-5.100000E-3	7.924140E-3	3.128070E-4	4.390326E-2
-5.000000E-3	7.904110E-3	3.099460E-4	4.627143E-2
-4.900000E-3	7.881220E-3	2.880120E-4	4.784994E-2
-4.800000E-3	7.842120E-3	2.603550E-4	4.963340E-2
-4.700000E-3	7.791550E-3	2.317440E-4	5.178327E-2
-4.600000E-3	7.711440E-3	2.031340E-4	5.695610E-2
-4.500000E-3	7.612260E-3	1.783380E-4	5.918356E-2
-4.400000E-3	7.478740E-3	1.516350E-4	6.115921E-2
-4.300000E-3	7.305180E-3	1.306540E-4	6.384750E-2
-4.200000E-3	7.073430E-3	1.125340E-4	6.539618E-2
-4.100000E-3	6.790190E-3	9.822890E-5	6.567234E-2
-4.000000E-3	6.452590E-3	8.392380E-5	6.699764E-2
-3.900000E-3	6.053000E-3	7.057240E-5	6.760430E-2
-3.800000E-3	5.590470E-3	5.722070E-5	6.710569E-2
-3.700000E-3	5.074530E-3	4.863760E-5	6.705977E-2
-3.600000E-3	4.500420E-3	3.910090E-5	6.557644E-2
-3.500000E-3	3.886240E-3	3.528620E-5	6.442498E-2
-3.400000E-3	3.225340E-3	3.147150E-5	6.173993E-2
-3.300000E-3	2.564450E-3	2.765670E-5	6.039647E-2
-3.200000E-3	1.917850E-3	1.716630E-5	6.034454E-2
-3.100000E-3	1.284610E-3	8.583130E-6	5.821967E-2
-3.000000E-3	6.990470E-4	-1.907360E-6	5.700906E-2
-2.900000E-3	1.802450E-4	-1.144420E-5	5.545980E-2
-2.800000E-3	-2.574940E-4	-2.002730E-5	5.521116E-2
-2.700000E-3	-6.036800E-4	-2.861030E-5	5.486474E-2
-2.600000E-3	-8.668940E-4	-3.623990E-5	5.380993E-2
-2.500000E-3	-1.052860E-3	-4.100820E-5	5.325245E-2
-2.400000E-3	-1.173030E-3	-4.482290E-5	5.258044E-2
-2.300000E-3	-1.242650E-3	-4.577660E-5	5.195824E-2
-2.200000E-3	-1.272210E-3	-4.482290E-5	5.125513E-2
-2.100000E-3	-1.274120E-3	-4.386930E-5	5.056416E-2
-2.000000E-3	-1.259810E-3	-4.196190E-5	5.032836E-2
-1.900000E-3	-1.235970E-3	-4.005460E-5	4.973449E-2
-1.800000E-3	-1.210220E-3	-3.623990E-5	4.986280E-2
-1.700000E-3	-1.184470E-3	-3.337880E-5	4.908498E-2
-1.600000E-3	-1.157770E-3	-3.147150E-5	4.831263E-2
-1.500000E-3	-1.130110E-3	-3.051780E-5	4.797704E-2
-1.400000E-3	-1.102450E-3	-3.051780E-5	4.770191E-2
-1.300000E-3	-1.073840E-3	-3.147150E-5	4.764007E-2
-1.200000E-3	-1.043330E-3	-3.147150E-5	4.734521E-2
-1.100000E-3	-1.008040E-3	-3.147150E-5	4.708841E-2
-1.000000E-3	-9.670290E-4	-3.147150E-5	4.692807E-2
-9.000000E-4	-9.193460E-4	-3.147150E-5	4.680023E-2
-8.000000E-4	-8.659400E-4	-2.956400E-5	4.671977E-2
-7.000000E-4	-8.068120E-4	-2.861030E-5	4.666580E-2
-6.000000E-4	-7.457770E-4	-2.574930E-5	4.666728E-2
-5.000000E-4	-6.818810E-4	-2.288830E-5	4.660322E-2
-4.000000E-4	-6.170310E-4	-2.002730E-5	4.655694E-2
-3.000000E-4	-5.540890E-4	-1.716630E-5	4.654453E-2
-2.000000E-4	-4.911460E-4	-1.430520E-5	4.649121E-2
-1.000000E-4	-4.310630E-4	-1.144420E-5	4.650926E-2
4.336809E-18	-3.747960E-4	-9.536800E-6	4.649315E-2
1.000000E-4	-3.232970E-4	-8.583130E-6	4.644381E-2
2.000000E-4	-2.784750E-4	-6.675750E-6	4.639105E-2
3.000000E-4	-2.393730E-4	-5.722080E-6	4.633892E-2
4.000000E-4	-2.059950E-4	-4.768400E-6	4.631087E-2
5.000000E-4	-1.802450E-4	-4.768400E-6	4.622690E-2
6.000000E-4	-1.611720E-4	-4.768400E-6	4.611582E-2
7.000000E-4	-1.478200E-4	-3.814730E-6	4.613230E-2
8.000000E-4	-1.401910E-4	-3.814730E-6	4.599537E-2
9.000000E-4	-1.373300E-4	-3.814730E-6	4.578717E-2
1.000000E-3	-1.411450E-4	-2.861040E-6	4.563118E-2
1.100000E-3	-1.487740E-4	-1.907360E-6	4.545585E-2
1.200000E-3	-1.602180E-4	-9.536820E-7	4.537003E-2
1.300000E-3	-1.745230E-4	0.000000E+0	4.519413E-2
1.400000E-3	-1.897820E-4	0.000000E+0	4.486531E-2
1.500000E-3	-2.059950E-4	0.000000E+0	4.465304E-2
1.600000E-3	-2.269750E-4	-1.907360E-6	4.451370E-2
1.700000E-3	-2.489110E-4	-2.861040E-6	4.428755E-2
1.800000E-3	-2.727530E-4	-4.768400E-6	4.406879E-2
1.900000E-3	-2.937340E-4	-6.675750E-6	4.411471E-2
2.000000E-3	-3.147140E-4	-8.583130E-6	4.392308E-2
2.100000E-3	-3.328340E-4	-9.536800E-6	4.356417E-2
2.200000E-3	-3.528610E-4	-1.049050E-5	4.324700E-2
2.300000E-3	-3.700270E-4	-1.144420E-5	4.266498E-2
2.400000E-3	-3.891010E-4	-1.335150E-5	4.261953E-2
2.500000E-3	-4.072210E-4	-1.335150E-5	4.250926E-2
2.600000E-3	-4.262940E-4	-1.430520E-5	4.219285E-2
2.700000E-3	-4.463210E-4	-1.430520E-5	4.176469E-2
2.800000E-3	-4.653950E-4	-1.335150E-5	4.144660E-2
2.900000E-3	-4.854220E-4	-1.430520E-5	4.114591E-2
3.000000E-3	-5.035440E-4	-1.430520E-5	4.093058E-2
3.100000E-3	-5.216640E-4	-1.430520E-5	4.057842E-2
3.200000E-3	-5.388300E-4	-1.335150E-5	4.018868E-2
3.300000E-3	-5.550420E-4	-1.144420E-5	3.973469E-2
3.400000E-3	-5.693470E-4	-1.049050E-5	3.949113E-2
3.500000E-3	-5.817450E-4	-9.536800E-6	3.928746E-2
3.600000E-3	-5.931890E-4	-9.536800E-6	3.882199E-2
3.700000E-3	-6.027260E-4	-9.536800E-6	3.864046E-2
3.800000E-3	-6.103550E-4	-9.536800E-6	3.837707E-2
3.900000E-3	-6.141700E-4	-8.583130E-6	3.795327E-2
4.000000E-3	-6.132160E-4	-7.629450E-6	3.800891E-2
4.100000E-3	-6.074940E-4	-6.675750E-6	3.777006E-2
4.200000E-3	-5.960500E-4	-6.675750E-6	3.755973E-2
4.300000E-3	-5.807910E-4	-7.629450E-6	3.734024E-2
4.400000E-3	-5.588570E-4	-7.629450E-6	3.722933E-2
4.500000E-3	-5.340610E-4	-8.583130E-6	3.715129E-2
4.600000E-3	-5.054510E-4	-9.536800E-6	3.705834E-2
4.700000E-3	-4.758850E-4	-9.536800E-6	3.692077E-2
4.800000E-3	-4.472750E-4	-9.536800E-6	3.673720E-2
4.900000E-3	-4.215260E-4	-1.049050E-5	3.644124E-2
5.000000E-3	-3.995910E-4	-1.049050E-5	3.611722E-2
5.100000E-3	-3.843330E-4	-1.049050E-5	3.585366E-2
5.200000E-3	-3.767030E-4	-1.144420E-5	3.577127E-2
5.300000E-3	-3.757500E-4	-1.239780E-5	3.520499E-2
5.400000E-3	-3.833790E-4	-1.430520E-5	3.519239E-2
5.500000E-3	-3.976840E-4	-1.621260E-5	3.504076E-2
5.600000E-3	-4.167580E-4	-1.716630E-5	3.478349E-2
5.700000E-3	-4.386920E-4	-1.716630E-5	3.445013E-2
5.800000E-3	-4.644410E-4	-1.716630E-5	3.403262E-2
5.900000E-3	-4.921000E-4	-1.716630E-5	3.358649E-2
6.000000E-3	-5.207100E-4	-1.716630E-5	3.359232E-2
6.100000E-3	-5.474130E-4	-1.811990E-5	3.321832E-2
6.200000E-3	-5.731620E-4	-1.811990E-5	3.303687E-2
6.300000E-3	-5.950960E-4	-1.907360E-5	3.263750E-2
6.400000E-3	-6.122630E-4	-1.811990E-5	3.208835E-2
6.500000E-3	-6.237070E-4	-1.811990E-5	3.163556E-2
6.600000E-3	-6.294290E-4	-1.716630E-5	3.157131E-2
6.700000E-3	-6.294290E-4	-1.621260E-5	3.162038E-2
6.800000E-3	-6.246600E-4	-1.525890E-5	3.133654E-2
6.900000E-3	-6.160770E-4	-1.335150E-5	3.122925E-2
7.000000E-3	-6.027260E-4	-1.239780E-5	3.113149E-2
7.100000E-3	-5.874670E-4	-1.144420E-5	3.097569E-2
7.200000E-3	-5.693470E-4	-1.049050E-5	3.067537E-2
7.300000E-3	-5.483660E-4	-8.583130E-6	3.048771E-2
7.400000E-3	-5.235710E-4	-6.675750E-6	3.030988E-2
7.500000E-3	-4.968680E-4	-5.722080E-6	3.038524E-2
7.600000E-3	-4.692100E-4	-4.768400E-6	3.016824E-2
7.700000E-3	-4.415530E-4	-4.768400E-6	3.013806E-2
7.800000E-3	-4.119890E-4	-3.814730E-6	3.000947E-2
7.900000E-3	-3.862400E-4	-2.861040E-6	2.995329E-2
8.000000E-3	-3.595370E-4	-2.861040E-6	2.991339E-2
8.100000E-3	-3.328340E-4	-1.907360E-6	2.980738E-2
8.200000E-3	-3.061310E-4	-1.907360E-6	2.971786E-2
8.300000E-3	-2.822890E-4	-1.907360E-6	2.974832E-2
8.400000E-3	-2.594010E-4	-1.907360E-6	2.970426E-2
8.500000E-3	-2.384200E-4	-1.907360E-6	2.970379E-2
8.600000E-3	-2.193460E-4	-1.907360E-6	2.961380E-2
8.700000E-3	-2.002730E-4	-1.907360E-6	2.955919E-2
8.800000E-3	-1.821530E-4	-1.907360E-6	2.952262E-2
8.900000E-3	-1.649870E-4	-1.907360E-6	2.956373E-2
9.000000E-3	-1.487740E-4	-1.907360E-6	2.950225E-2
9.100000E-3	-1.325620E-4	-9.536820E-7	2.950503E-2
9.200000E-3	-1.163490E-4	-9.536820E-7	2.954392E-2
9.300000E-3	-1.020440E-4	-9.536820E-7	2.955170E-2
9.400000E-3	-8.773850E-5	-9.536820E-7	2.955327E-2
9.500000E-3	-7.343340E-5	-9.536820E-7	2.954678E-2
9.600000E-3	-6.008170E-5	-9.536820E-7	2.960446E-2
9.700000E-3	-4.768390E-5	-9.536820E-7	2.963963E-2
9.800000E-3	-3.623990E-5	0.000000E+0	2.959937E-2
9.900000E-3	-2.384200E-5	0.000000E+0	2.967574E-2
1.000000E-2	-1.239780E-5	0.000000E+0	2.972388E-2
1.010000E-2	-9.536820E-7	9.536820E-7	2.979405E-2
1.020000E-2	9.536800E-6	1.907360E-6	2.980201E-2
1.030000E-2	1.907360E-5	1.907360E-6	2.983386E-2
1.040000E-2	2.956400E-5	1.907360E-6	2.987441E-2
1.050000E-2	3.910090E-5	1.907360E-6	2.999309E-2
1.060000E-2	4.863760E-5	1.907360E-6	3.008974E-2
1.070000E-2	5.817440E-5	1.907360E-6	3.014223E-2
1.080000E-2	6.771130E-5	1.907360E-6	3.025369E-2
1.090000E-2	7.724810E-5	1.907360E-6	3.026610E-2
1.100000E-2	8.583120E-5	1.907360E-6	3.028451E-2
1.110000E-2	9.441420E-5	1.907360E-6	3.037625E-2
1.120000E-2	1.039510E-4	1.907360E-6	3.052874E-2
1.130000E-2	1.106270E-4	1.907360E-6	3.065852E-2
1.140000E-2	1.182560E-4	1.907360E-6	3.066084E-2
1.150000E-2	1.249320E-4	1.907360E-6	3.082108E-2
1.160000E-2	1.306540E-4	1.907360E-6	3.086617E-2
1.170000E-2	1.373300E-4	1.907360E-6	3.105789E-2
1.180000E-2	1.430520E-4	1.907360E-6	3.113000E-2
1.190000E-2	1.497280E-4	1.907360E-6	3.130025E-2
1.200000E-2	1.544960E-4	1.907360E-6	3.136950E-2
1.210000E-2	1.602180E-4	1.907360E-6	3.139950E-2
1.220000E-2	1.649870E-4	2.861040E-6	3.147633E-2
1.230000E-2	1.688010E-4	2.861040E-6	3.159270E-2
1.240000E-2	1.726160E-4	3.814730E-6	3.183395E-2
1.250000E-2	1.754770E-4	3.814730E-6	3.183627E-2
1.260000E-2	1.773840E-4	3.814730E-6	3.193912E-2
1.270000E-2	1.792920E-4	3.814730E-6	3.211270E-2
1.280000E-2	1.792920E-4	4.768400E-6	3.214296E-2
1.290000E-2	1.792920E-4	4.768400E-6	3.215010E-2
1.300000E-2	1.783380E-4	4.768400E-6	3.229099E-2
1.310000E-2	1.773840E-4	4.768400E-6	3.232173E-2
1.320000E-2	1.764310E-4	4.768400E-6	3.236570E-2
1.330000E-2	1.745230E-4	4.768400E-6	3.244967E-2
1.340000E-2	1.726160E-4	4.768400E-6	3.250521E-2
1.350000E-2	1.707090E-4	3.814730E-6	3.259112E-2
1.360000E-2	1.678480E-4	3.814730E-6	3.263167E-2
1.370000E-2	1.640330E-4	2.861040E-6	3.266407E-2
1.380000E-2	1.592650E-4	1.907360E-6	3.277432E-2
1.390000E-2	1.525890E-4	1.907360E-6	3.275146E-2
1.400000E-2	1.459130E-4	9.536820E-7	3.280960E-2
1.410000E-2	1.363760E-4	0.000000E+0	3.274424E-2
1.420000E-2	1.277930E-4	0.000000E+0	3.284765E-2
1.430000E-2	1.182560E-4	0.000000E+0	3.278831E-2
1.440000E-2	1.077660E-4	0.000000E+0	3.276794E-2
1.450000E-2	9.727520E-5	0.000000E+0	3.279303E-2
1.460000E-2	8.487750E-5	-9.536820E-7	3.274369E-2
1.470000E-2	7.152600E-5	-1.907360E-6	3.262297E-2
1.480000E-2	5.531330E-5	-1.907360E-6	3.262982E-2
1.490000E-2	3.814720E-5	-2.861040E-6	3.252169E-2
1.500000E-2	1.907360E-5	-2.861040E-6	3.250762E-2
1.510000E-2	-9.536820E-7	-3.814730E-6	3.228822E-2
1.520000E-2	-2.288830E-5	-4.768400E-6	3.225924E-2
1.530000E-2	-4.768390E-5	-5.722080E-6	3.199669E-2
1.540000E-2	-7.343340E-5	-6.675750E-6	3.190366E-2
1.550000E-2	-1.020440E-4	-6.675750E-6	3.163241E-2
1.560000E-2	-1.316080E-4	-6.675750E-6	3.150772E-2
1.570000E-2	-1.640330E-4	-5.722080E-6	3.126665E-2
1.580000E-2	-1.974120E-4	-5.722080E-6	3.099938E-2
1.590000E-2	-2.317440E-4	-5.722080E-6	3.081146E-2
1.600000E-2	-2.660770E-4	-5.722080E-6	3.074119E-2
1.610000E-2	-3.013630E-4	-4.768400E-6	3.027711E-2
1.620000E-2	-3.366490E-4	-3.814730E-6	2.994986E-2
1.630000E-2	-3.709810E-4	-2.861040E-6	2.971351E-2
1.640000E-2	-4.043600E-4	-9.536820E-7	2.936932E-2
1.650000E-2	-4.367850E-4	0.000000E+0	2.891616E-2
1.660000E-2	-4.653950E-4	-1.907360E-6	2.874388E-2
1.670000E-2	-4.930530E-4	-3.814730E-6	2.847338E-2
1.680000E-2	-5.168950E-4	-6.675750E-6	2.831795E-2
1.690000E-2	-5.369220E-4	-8.583130E-6	2.804457E-2
1.700000E-2	-5.540890E-4	-9.536800E-6	2.789515E-2
1.710000E-2	-5.674400E-4	-9.536800E-6	2.743172E-2
1.720000E-2	-5.760230E-4	-1.049050E-5	2.727906E-2
1.730000E-2	-5.817450E-4	-9.536800E-6	2.705318E-2
1.740000E-2	-5.826990E-4	-9.536800E-6	2.660428E-2
1.750000E-2	-5.798380E-4	-8.583130E-6	2.641497E-2
1.760000E-2	-5.741160E-4	-6.675750E-6	2.591496E-2
1.770000E-2	-5.693470E-4	-4.768400E-6	2.582850E-2
1.780000E-2	-5.693470E-4	-4.768400E-6	2.530035E-2
1.790000E-2	-5.788840E-4	-6.675750E-6	2.495616E-2
1.800000E-2	-5.960500E-4	-1.335150E-5	2.476981E-2
1.810000E-2	-6.170310E-4	-2.384200E-5	2.441414E-2
1.820000E-2	-6.408730E-4	-3.814720E-5	2.380601E-2
1.830000E-2	-6.694830E-4	-5.054500E-5	2.340895E-2
1.840000E-2	-7.076300E-4	-5.626700E-5	2.304133E-2
1.850000E-2	-7.600820E-4	-5.245230E-5	2.248552E-2
1.860000E-2	-8.335150E-4	-4.005460E-5	2.132490E-2
1.870000E-2	-9.260210E-4	-2.288830E-5	2.055106E-2
1.880000E-2	-1.028070E-3	-2.861040E-6	1.914558E-2
1.890000E-2	-1.130110E-3	1.811990E-5	1.866512E-2
1.900000E-2	-1.228340E-3	3.528620E-5	1.797728E-2
1.910000E-2	-1.316080E-3	4.386930E-5	1.692516E-2
1.920000E-2	-1.382840E-3	4.577660E-5	1.667373E-2
1.930000E-2	-1.423840E-3	4.482290E-5	1.658403E-2
1.940000E-2	-1.443870E-3	4.196190E-5	1.617438E-2
1.950000E-2	-1.435290E-3	3.433250E-5	1.560624E-2
1.960000E-2	-1.396190E-3	2.479560E-5	1.520771E-2
1.970000E-2	-1.325610E-3	1.525890E-5	1.506532E-2
1.980000E-2	-1.231200E-3	7.629450E-6	1.505848E-2
1.990000E-2	-1.119620E-3	1.907360E-6	1.497497E-2
2.000000E-2	-1.004230E-3	-1.907360E-6	1.491314E-2
2.010000E-2	-8.869210E-4	-3.814730E-6	1.494887E-2
2.020000E-2	-7.724800E-4	-4.768400E-6	1.483194E-2
2.030000E-2	-6.647150E-4	-5.722080E-6	1.488471E-2
2.040000E-2	-5.645790E-4	-5.722080E-6	1.482944E-2
2.050000E-2	-4.777930E-4	-6.675750E-6	1.482092E-2
2.060000E-2	-3.986380E-4	-5.722080E-6	1.478269E-2
2.070000E-2	-3.328340E-4	-5.722080E-6	1.476122E-2
2.080000E-2	-2.756140E-4	-4.768400E-6	1.476510E-2
2.090000E-2	-2.288830E-4	-4.768400E-6	1.474993E-2
2.100000E-2	-1.888280E-4	-3.814730E-6	1.475187E-2
2.110000E-2	-1.554500E-4	-2.861040E-6	1.475196E-2
2.120000E-2	-1.258860E-4	-2.861040E-6	1.473854E-2
2.130000E-2	-1.029970E-4	-2.861040E-6	1.476214E-2
2.140000E-2	-8.392380E-5	-1.907360E-6	1.475668E-2
2.150000E-2	-6.675770E-5	-1.907360E-6	1.476613E-2
2.160000E-2	-5.340600E-5	-9.536820E-7	1.473752E-2
2.170000E-2	-4.291560E-5	-9.536820E-7	1.477955E-2
2.180000E-2	-3.337880E-5	0.000000E+0	1.474761E-2
2.190000E-2	-2.479560E-5	0.000000E+0	1.477260E-2
2.200000E-2	-1.811990E-5	0.000000E+0	1.478066E-2
2.210000E-2	-1.239780E-5	0.000000E+0	1.479334E-2
2.220000E-2	-6.675750E-6	0.000000E+0	1.481602E-2
2.230000E-2	-1.907360E-6	0.000000E+0	1.480232E-2
2.240000E-2	2.861040E-6	0.000000E+0	1.481269E-2
2.250000E-2	7.629450E-6	0.000000E+0	1.483944E-2
2.260000E-2	1.239780E-5	0.000000E+0	1.484389E-2
2.270000E-2	1.621260E-5	0.000000E+0	1.488702E-2
2.280000E-2	2.002730E-5	0.000000E+0	1.495053E-2
2.290000E-2	2.384200E-5	0.000000E+0	1.501061E-2
2.300000E-2	2.861030E-5	0.000000E+0	1.500932E-2
2.310000E-2	3.337880E-5	0.000000E+0	1.503460E-2
2.320000E-2	3.719350E-5	0.000000E+0	1.506977E-2
2.330000E-2	4.196190E-5	0.000000E+0	1.511653E-2
2.340000E-2	4.577660E-5	0.000000E+0	1.516087E-2
2.350000E-2	5.054500E-5	0.000000E+0	1.524094E-2
2.360000E-2	5.531330E-5	0.000000E+0	1.525168E-2
2.370000E-2	5.912800E-5	9.536820E-7	1.525353E-2
2.380000E-2	6.389660E-5	9.536820E-7	1.529973E-2
2.390000E-2	6.771130E-5	9.536820E-7	1.536148E-2
2.400000E-2	7.247970E-5	0.000000E+0	1.542758E-2
2.410000E-2	7.724810E-5	9.536820E-7	1.553330E-2
2.420000E-2	8.106280E-5	9.536820E-7	1.554070E-2
2.430000E-2	8.487750E-5	9.536820E-7	1.558875E-2
2.440000E-2	8.869220E-5	0.000000E+0	1.566567E-2
2.450000E-2	9.346050E-5	0.000000E+0	1.567327E-2
2.460000E-2	9.822890E-5	-1.907360E-6	1.569049E-2
2.470000E-2	1.029970E-4	-1.907360E-6	1.583648E-2
2.480000E-2	1.068120E-4	-2.861040E-6	1.587971E-2
2.490000E-2	1.106270E-4	-2.861040E-6	1.598238E-2
2.500000E-2	1.134880E-4	-1.907360E-6	1.606181E-2
2.510000E-2	1.173020E-4	-1.907360E-6	1.621946E-2
2.520000E-2	1.230250E-4	-2.861040E-6	1.632408E-2
2.530000E-2	1.297010E-4	-1.907360E-6	1.642888E-2
2.540000E-2	1.363760E-4	-9.536820E-7	1.650228E-2
2.550000E-2	1.449590E-4	0.000000E+0	1.655422E-2
2.560000E-2	1.525890E-4	1.907360E-6	1.664273E-2
2.570000E-2	1.602180E-4	2.861040E-6	1.679381E-2
2.580000E-2	1.668940E-4	3.814730E-6	1.685943E-2
2.590000E-2	1.735700E-4	2.861040E-6	1.694821E-2
2.600000E-2	1.811990E-4	2.861040E-6	1.702913E-2
2.610000E-2	1.897820E-4	2.861040E-6	1.721595E-2
2.620000E-2	1.974120E-4	3.814730E-6	1.733240E-2
2.630000E-2	2.050410E-4	5.722080E-6	1.748848E-2
2.640000E-2	2.117170E-4	7.629450E-6	1.753227E-2
2.650000E-2	2.164850E-4	9.536800E-6	1.765132E-2
2.660000E-2	2.212530E-4	9.536800E-6	1.786360E-2
2.670000E-2	2.250680E-4	8.583130E-6	1.809105E-2
2.680000E-2	2.298360E-4	5.722080E-6	1.810828E-2
2.690000E-2	2.365120E-4	3.814730E-6	1.822427E-2
2.700000E-2	2.431880E-4	3.814730E-6	1.839155E-2
2.710000E-2	2.479570E-4	5.722080E-6	1.853570E-2
2.720000E-2	2.517720E-4	7.629450E-6	1.869595E-2
2.730000E-2	2.536790E-4	9.536800E-6	1.878796E-2
2.740000E-2	2.546330E-4	1.049050E-5	1.906995E-2
2.750000E-2	2.546330E-4	9.536800E-6	1.922566E-2
2.760000E-2	2.574940E-4	6.675750E-6	1.937258E-2
2.770000E-2	2.622620E-4	4.768400E-6	1.934823E-2
2.780000E-2	2.689380E-4	3.814730E-6	1.964845E-2
2.790000E-2	2.765670E-4	3.814730E-6	1.991387E-2
2.800000E-2	2.851500E-4	5.722080E-6	1.999144E-2
2.810000E-2	2.937340E-4	8.583130E-6	2.011855E-2
2.820000E-2	2.994560E-4	1.049050E-5	2.005847E-2
2.830000E-2	3.051780E-4	1.144420E-5	2.027037E-2
2.840000E-2	3.089920E-4	1.239780E-5	2.039489E-2
2.850000E-2	3.118530E-4	1.335150E-5	2.054014E-2
2.860000E-2	3.166220E-4	1.430520E-5	2.061651E-2
2.870000E-2	3.204360E-4	1.335150E-5	2.088054E-2
2.880000E-2	3.242510E-4	1.430520E-5	2.100467E-2
2.890000E-2	3.271120E-4	1.430520E-5	2.118048E-2
2.900000E-2	3.299730E-4	1.239780E-5	2.143192E-2
2.910000E-2	3.337880E-4	1.049050E-5	2.155133E-2
2.920000E-2	3.366490E-4	8.583130E-6	2.182795E-2
2.930000E-2	3.414170E-4	6.675750E-6	2.175630E-2
2.940000E-2	3.480930E-4	3.814730E-6	2.200930E-2
2.950000E-2	3.547690E-4	1.907360E-6	2.218409E-2
2.960000E-2	3.585830E-4	-9.536820E-7	2.246098E-2
2.970000E-2	3.604910E-4	-2.861040E-6	2.256660E-2
2.980000E-2	3.614440E-4	-6.675750E-6	2.269492E-2
2.990000E-2	3.623980E-4	-8.583130E-6	2.289571E-2
3.000000E-2	3.633520E-4	-9.536800E-6	2.309281E-2
3.010000E-2	3.652590E-4	-9.536800E-6	2.365566E-2
3.020000E-2	3.671660E-4	-6.675750E-6	2.397088E-2
3.030000E-2	3.690740E-4	-4.768400E-6	2.406549E-2
3.040000E-2	3.719350E-4	-2.861040E-6	2.453680E-2
3.050000E-2	3.738420E-4	-9.536820E-7	2.447097E-2
3.060000E-2	3.757500E-4	9.536820E-7	2.459400E-2
3.070000E-2	3.786110E-4	2.861040E-6	2.481934E-2
3.080000E-2	3.824250E-4	3.814730E-6	2.502754E-2
3.090000E-2	3.862400E-4	4.768400E-6	2.540543E-2
3.100000E-2	3.900550E-4	4.768400E-6	2.560188E-2
3.110000E-2	3.948230E-4	3.814730E-6	2.563030E-2
3.120000E-2	4.014990E-4	2.861040E-6	2.574527E-2
3.130000E-2	4.119890E-4	9.536820E-7	2.586397E-2
3.140000E-2	4.224800E-4	0.000000E+0	2.616760E-2
3.150000E-2	4.310630E-4	0.000000E+0	2.623537E-2
3.160000E-2	4.358310E-4	0.000000E+0	2.637692E-2
3.170000E-2	4.377380E-4	1.907360E-6	2.662622E-2
3.180000E-2	4.377380E-4	3.814730E-6	2.691700E-2
3.190000E-2	4.367850E-4	6.675750E-6	2.730563E-2
3.200000E-2	4.339240E-4	8.583130E-6	2.743829E-2
3.210000E-2	4.329700E-4	8.583130E-6	2.777036E-2
3.220000E-2	4.320160E-4	5.722080E-6	2.806808E-2
3.230000E-2	4.358310E-4	1.907360E-6	2.833155E-2
3.240000E-2	4.425070E-4	-2.861040E-6	2.850967E-2
3.250000E-2	4.510900E-4	-4.768400E-6	2.880675E-2
3.260000E-2	4.587190E-4	-4.768400E-6	2.917927E-2
3.270000E-2	4.673020E-4	-4.768400E-6	2.926397E-2
3.280000E-2	4.787460E-4	-6.675750E-6	2.957159E-2
3.290000E-2	4.940070E-4	-7.629450E-6	2.998735E-2
3.300000E-2	5.130810E-4	-4.768400E-6	2.989136E-2
3.310000E-2	5.302470E-4	0.000000E+0	3.034284E-2
3.320000E-2	5.445520E-4	7.629450E-6	3.022981E-2
3.330000E-2	5.540890E-4	1.430520E-5	3.082164E-2
3.340000E-2	5.598110E-4	2.193460E-5	3.128267E-2
3.350000E-2	5.636250E-4	2.765670E-5	3.167861E-2
3.360000E-2	5.655330E-4	3.051780E-5	3.206604E-2
3.370000E-2	5.683940E-4	3.051780E-5	3.245494E-2
3.380000E-2	5.741160E-4	2.479560E-5	3.276730E-2
3.390000E-2	5.846060E-4	1.621260E-5	3.336681E-2
3.400000E-2	5.998650E-4	7.629450E-6	3.349539E-2
3.410000E-2	6.189380E-4	9.536820E-7	3.375813E-2
3.420000E-2	6.370580E-4	-1.907360E-6	3.401716E-2
3.430000E-2	6.551780E-4	-3.814730E-6	3.449808E-2
3.440000E-2	6.723440E-4	-4.768400E-6	3.482903E-2
3.450000E-2	6.895100E-4	-3.814730E-6	3.530089E-2
3.460000E-2	7.038150E-4	0.000000E+0	3.565203E-2
3.470000E-2	7.123980E-4	1.907360E-6	3.629794E-2
3.480000E-2	7.209820E-4	1.907360E-6	3.640059E-2
3.490000E-2	7.324260E-4	2.861040E-6	3.664434E-2
3.500000E-2	7.476840E-4	3.814730E-6	3.728802E-2
3.510000E-2	7.696190E-4	3.814730E-6	3.789282E-2
3.520000E-2	7.944140E-4	4.768400E-6	3.853575E-2
3.530000E-2	8.201640E-4	7.629450E-6	3.869692E-2
3.540000E-2	8.468670E-4	1.525890E-5	3.926090E-2
3.550000E-2	8.697550E-4	2.479560E-5	3.934375E-2
3.560000E-2	8.878750E-4	3.719350E-5	3.967304E-2
3.570000E-2	9.012260E-4	4.863760E-5	4.047594E-2
3.580000E-2	9.098090E-4	5.626700E-5	4.071192E-2
3.590000E-2	9.155310E-4	5.722070E-5	4.109064E-2
3.600000E-2	9.202990E-4	5.054500E-5	4.167387E-2
3.610000E-2	9.288830E-4	3.814720E-5	4.237892E-2
3.620000E-2	9.431880E-4	2.002730E-5	4.304602E-2
3.630000E-2	9.622610E-4	9.536820E-7	4.338799E-2
3.640000E-2	9.832460E-4	-2.002730E-5	4.389030E-2
3.650000E-2	1.003270E-3	-3.814720E-5	4.466581E-2
3.660000E-2	1.026160E-3	-5.149860E-5	4.496529E-2
3.670000E-2	1.050960E-3	-5.817440E-5	4.599288E-2
3.680000E-2	1.079570E-3	-5.912800E-5	4.668905E-2
3.690000E-2	1.106270E-3	-5.149860E-5	4.772838E-2
3.700000E-2	1.131070E-3	-3.910090E-5	4.820404E-2
3.710000E-2	1.153000E-3	-2.861030E-5	4.804323E-2
3.720000E-2	1.171120E-3	-2.479560E-5	4.880957E-2
3.730000E-2	1.191150E-3	-2.670300E-5	4.918348E-2
3.740000E-2	1.208310E-3	-2.956400E-5	5.032161E-2
3.750000E-2	1.223570E-3	-3.147150E-5	5.080364E-2
3.760000E-2	1.232150E-3	-3.051780E-5	5.178855E-2
3.770000E-2	1.237880E-3	-2.956400E-5	5.251138E-2
3.780000E-2	1.247410E-3	-3.051780E-5	5.338788E-2
3.790000E-2	1.268390E-3	-2.956400E-5	5.389834E-2
3.800000E-2	1.297960E-3	-2.479560E-5	5.474087E-2
3.810000E-2	1.337060E-3	-1.716630E-5	5.523115E-2
3.820000E-2	1.374250E-3	-2.861040E-6	5.639343E-2
3.830000E-2	1.405720E-3	1.430520E-5	5.673614E-2
3.840000E-2	1.432430E-3	3.051780E-5	5.744749E-2
3.850000E-2	1.453410E-3	4.386930E-5	5.928585E-2
3.860000E-2	1.471530E-3	4.959130E-5	6.047415E-2
3.870000E-2	1.492510E-3	4.577660E-5	6.138074E-2
3.880000E-2	1.520160E-3	3.719350E-5	6.193619E-2
3.890000E-2	1.554500E-3	3.051780E-5	6.349127E-2
3.900000E-2	1.594550E-3	3.051780E-5	6.347553E-2
3.910000E-2	1.628880E-3	3.814720E-5	6.529149E-2
3.920000E-2	1.658450E-3	4.291560E-5	6.562374E-2
3.930000E-2	1.692780E-3	4.005460E-5	6.614197E-2
3.940000E-2	1.736650E-3	3.719350E-5	6.689998E-2
3.950000E-2	1.787190E-3	3.910090E-5	6.798524E-2
3.960000E-2	1.834880E-3	4.863760E-5	6.864327E-2
3.970000E-2	1.874930E-3	6.580400E-5	6.960429E-2
3.980000E-2	1.904500E-3	8.583120E-5	7.058929E-2
3.990000E-2	1.922610E-3	9.632160E-5	7.196098E-2
4.000000E-2	1.941690E-3	9.536790E-5	7.383165E-2
4.010000E-2	1.975070E-3	8.678480E-5	7.447264E-2
4.020000E-2	2.026570E-3	7.724810E-5	7.597958E-2
4.030000E-2	2.094280E-3	6.771130E-5	7.659964E-2
4.040000E-2	2.169620E-3	5.435970E-5	7.802254E-2
4.050000E-2	2.247830E-3	4.005460E-5	7.983599E-2
4.060000E-2	2.323170E-3	3.242520E-5	8.147189E-2
4.070000E-2	2.387060E-3	3.242520E-5	8.175369E-2
4.080000E-2	2.434750E-3	3.337880E-5	8.312537E-2
4.090000E-2	2.468120E-3	2.670300E-5	8.491531E-2
4.100000E-2	2.498640E-3	1.716630E-5	8.629876E-2
4.110000E-2	2.537740E-3	1.525890E-5	8.788411E-2
4.120000E-2	2.580660E-3	2.861030E-5	8.883015E-2
4.130000E-2	2.622620E-3	5.531330E-5	8.959805E-2
4.140000E-2	2.657910E-3	8.392380E-5	9.123821E-2
4.150000E-2	2.683650E-3	1.010900E-4	9.236716E-2
4.160000E-2	2.709400E-3	9.822890E-5	9.456332E-2
4.170000E-2	2.744690E-3	7.629440E-5	9.630022E-2
4.180000E-2	2.798100E-3	4.577660E-5	9.849601E-2
4.190000E-2	2.870570E-3	2.574930E-5	1.005863E-1
4.200000E-2	2.951640E-3	2.193460E-5	1.007088E-1
4.210000E-2	3.025070E-3	3.528620E-5	1.031102E-1
4.220000E-2	3.081340E-3	5.435970E-5	1.058338E-1
4.230000E-2	3.127110E-3	6.389660E-5	1.081967E-1
4.240000E-2	3.177660E-3	5.626700E-5	1.093828E-1
4.250000E-2	3.231060E-3	4.291560E-5	1.111324E-1
4.260000E-2	3.281610E-3	3.528620E-5	1.110471E-1
4.270000E-2	3.314990E-3	3.623990E-5	1.142277E-1
4.280000E-2	3.335010E-3	3.814720E-5	1.160707E-1
4.290000E-2	3.351230E-3	2.861030E-5	1.158580E-1
4.300000E-2	3.380790E-3	4.768400E-6	1.180683E-1
4.310000E-2	3.426570E-3	-2.574930E-5	1.188389E-1
4.320000E-2	3.486650E-3	-6.008170E-5	1.227283E-1
4.330000E-2	3.557220E-3	-8.201650E-5	1.236227E-1
4.340000E-2	3.628750E-3	-8.201650E-5	1.245930E-1
4.350000E-2	3.689780E-3	-6.103560E-5	1.268501E-1
4.360000E-2	3.732700E-3	-2.193460E-5	1.281821E-1
4.370000E-2	3.751770E-3	3.051780E-5	1.281756E-1
4.380000E-2	3.755580E-3	8.392380E-5	1.324288E-1
4.390000E-2	3.753680E-3	1.344690E-4	1.346803E-1
4.400000E-2	3.742230E-3	1.697550E-4	1.342779E-1
4.410000E-2	3.727930E-3	1.764310E-4	1.358246E-1
4.420000E-2	3.716480E-3	1.592650E-4	1.374100E-1
4.430000E-2	3.711720E-3	1.249320E-4	1.407650E-1
4.440000E-2	3.721250E-3	7.915540E-5	1.414467E-1
4.450000E-2	3.743190E-3	3.242520E-5	1.442523E-1
4.460000E-2	3.775610E-3	-3.814730E-6	1.462762E-1
4.470000E-2	3.810900E-3	-2.193460E-5	1.492862E-1
4.480000E-2	3.837600E-3	-2.193460E-5	1.501881E-1
4.490000E-2	3.846180E-3	-1.621260E-5	1.509273E-1
4.500000E-2	3.849040E-3	-1.430520E-5	1.527865E-1
4.510000E-2	3.850950E-3	-1.430520E-5	1.540566E-1
4.520000E-2	3.860490E-3	-1.335150E-5	1.557539E-1
4.530000E-2	3.877650E-3	-2.861040E-6	1.578519E-1
4.540000E-2	3.899590E-3	1.239780E-5	1.619839E-1
4.550000E-2	3.919630E-3	2.956400E-5	1.627664E-1
4.560000E-2	3.917720E-3	4.196190E-5	1.641522E-1
4.570000E-2	3.884330E-3	4.577660E-5	1.657996E-1
4.580000E-2	3.832830E-3	4.577660E-5	1.687883E-1
4.590000E-2	3.774660E-3	4.196190E-5	1.697512E-1
4.600000E-2	3.709810E-3	4.100820E-5	1.701675E-1
4.610000E-2	3.660220E-3	3.910090E-5	1.732358E-1
4.620000E-2	3.614440E-3	2.861030E-5	1.737704E-1
4.630000E-2	3.574390E-3	1.525890E-5	1.751412E-1
4.640000E-2	3.542910E-3	9.536820E-7	1.770810E-1
4.650000E-2	3.512400E-3	-1.811990E-5	1.798958E-1
4.660000E-2	3.486650E-3	-4.482290E-5	1.817931E-1
4.670000E-2	3.467570E-3	-7.343340E-5	1.819854E-1
4.680000E-2	3.460900E-3	-9.250690E-5	1.827135E-1
4.690000E-2	3.458990E-3	-9.346050E-5	1.852785E-1
4.700000E-2	3.447550E-3	-8.487750E-5	1.857299E-1
4.710000E-2	3.422750E-3	-7.343340E-5	1.870000E-1
4.720000E-2	3.392230E-3	-6.961870E-5	1.878445E-1
4.730000E-2	3.357900E-3	-7.724810E-5	1.892921E-1
4.740000E-2	3.322620E-3	-9.536790E-5	1.915325E-1
4.750000E-2	3.294960E-3	-1.153950E-4	1.935518E-1
4.760000E-2	3.270160E-3	-1.211170E-4	1.941661E-1
4.770000E-2	3.239650E-3	-1.182560E-4	1.958374E-1
4.780000E-2	3.206270E-3	-1.153950E-4	1.976349E-1
4.790000E-2	3.177660E-3	-1.125340E-4	1.982185E-1
4.800000E-2	3.150950E-3	-9.727520E-5	1.997901E-1
4.810000E-2	3.118530E-3	-6.771130E-5	2.007095E-1
4.820000E-2	3.078480E-3	-3.814720E-5	2.006568E-1
4.830000E-2	3.040330E-3	-1.430520E-5	2.013329E-1
4.840000E-2	3.010760E-3	8.583130E-6	2.040553E-1
4.850000E-2	2.985020E-3	3.528620E-5	2.054983E-1
4.860000E-2	2.954500E-3	5.435970E-5	2.069839E-1
4.870000E-2	2.923980E-3	6.103560E-5	2.100669E-1
4.880000E-2	2.903000E-3	6.008170E-5	2.104804E-1
4.890000E-2	2.884880E-3	6.103560E-5	2.120835E-1
4.900000E-2	2.862950E-3	6.771130E-5	2.135034E-1
4.910000E-2	2.834330E-3	7.247970E-5	2.132083E-1
4.920000E-2	2.811450E-3	6.485030E-5	2.141213E-1
4.930000E-2	2.799050E-3	4.863760E-5	2.157086E-1
4.940000E-2	2.799050E-3	3.623990E-5	2.167918E-1
4.950000E-2	2.802860E-3	3.528620E-5	2.177723E-1
4.960000E-2	2.798100E-3	4.482290E-5	2.186770E-1
4.970000E-2	2.781880E-3	6.008170E-5	2.194743E-1
4.980000E-2	2.758040E-3	7.438710E-5	2.206779E-1
4.990000E-2	2.721800E-3	8.773850E-5	2.219035E-1
5.000000E-2	2.673160E-3	9.346050E-5	2.233160E-1
5.010000E-2	2.623570E-3	8.964590E-5	2.255526E-1
5.020000E-2	2.581610E-3	7.438710E-5	2.261955E-1
5.030000E-2	2.551090E-3	5.149860E-5	2.265073E-1
5.040000E-2	2.537740E-3	2.670300E-5	2.273813E-1
5.050000E-2	2.540600E-3	7.629450E-6	2.289817E-1
5.060000E-2	2.551090E-3	-9.536820E-7	2.296255E-1
5.070000E-2	2.557770E-3	2.861040E-6	2.301962E-1
5.080000E-2	2.557770E-3	2.098100E-5	2.321017E-1
5.090000E-2	2.561580E-3	4.577660E-5	2.329157E-1
5.100000E-2	2.571120E-3	7.534070E-5	2.330674E-1
5.110000E-2	2.578750E-3	1.106270E-4	2.348804E-1
5.120000E-2	2.577800E-3	1.478200E-4	2.348435E-1
5.130000E-2	2.571120E-3	1.716620E-4	2.373974E-1
5.140000E-2	2.565400E-3	1.811990E-4	2.382687E-1
5.150000E-2	2.565400E-3	1.831060E-4	2.387923E-1
5.160000E-2	2.564450E-3	1.811990E-4	2.397154E-1
5.170000E-2	2.551090E-3	1.831060E-4	2.419114E-1
5.180000E-2	2.525340E-3	1.859670E-4	2.432407E-1
5.190000E-2	2.489100E-3	1.792920E-4	2.433481E-1
5.200000E-2	2.453820E-3	1.583110E-4	2.460093E-1
5.210000E-2	2.419490E-3	1.249320E-4	2.453877E-1
5.220000E-2	2.394690E-3	8.392380E-5	2.475725E-1
5.230000E-2	2.379430E-3	3.623990E-5	2.489906E-1
5.240000E-2	2.372760E-3	-8.583130E-6	2.500248E-1
5.250000E-2	2.378480E-3	-4.482290E-5	2.502717E-1
5.260000E-2	2.392780E-3	-6.961870E-5	2.518063E-1
5.270000E-2	2.411860E-3	-8.773850E-5	2.534519E-1
5.280000E-2	2.429980E-3	-9.632160E-5	2.543556E-1
5.290000E-2	2.444280E-3	-8.964590E-5	2.548302E-1
5.300000E-2	2.453820E-3	-7.152600E-5	2.562436E-1
5.310000E-2	2.449050E-3	-4.482290E-5	2.571371E-1
5.320000E-2	2.430930E-3	-2.193460E-5	2.577995E-1
5.330000E-2	2.409950E-3	-3.814730E-6	2.581603E-1
5.340000E-2	2.393740E-3	1.049050E-5	2.605079E-1
5.350000E-2	2.373710E-3	2.765670E-5	2.609612E-1
5.360000E-2	2.345100E-3	4.196190E-5	2.619167E-1
5.370000E-2	2.308860E-3	4.577660E-5	2.630924E-1
5.380000E-2	2.267850E-3	3.814720E-5	2.639897E-1
5.390000E-2	2.233520E-3	2.670300E-5	2.649064E-1
5.400000E-2	2.210630E-3	2.193460E-5	2.663217E-1
5.410000E-2	2.192510E-3	1.907360E-5	2.685565E-1
5.420000E-2	2.176300E-3	2.193460E-5	2.695518E-1
5.430000E-2	2.156270E-3	2.288830E-5	2.709569E-1
5.440000E-2	2.132430E-3	2.193460E-5	2.722944E-1
5.450000E-2	2.106680E-3	1.716630E-5	2.718892E-1
5.460000E-2	2.087610E-3	3.814730E-6	2.728652E-1
5.470000E-2	2.079020E-3	-1.239780E-5	2.736967E-1
5.480000E-2	2.083790E-3	-2.574930E-5	2.748854E-1
5.490000E-2	2.094280E-3	-2.861030E-5	2.760380E-1
5.500000E-2	2.103820E-3	-1.811990E-5	2.768714E-1
5.510000E-2	2.107640E-3	3.814730E-6	2.778112E-1
5.520000E-2	2.103820E-3	3.242520E-5	2.787788E-1
5.530000E-2	2.089520E-3	6.198930E-5	2.805779E-1
5.540000E-2	2.065670E-3	8.583120E-5	2.819321E-1
5.550000E-2	2.038020E-3	9.822890E-5	2.822430E-1
5.560000E-2	2.008450E-3	9.918260E-5	2.823966E-1
5.570000E-2	1.981750E-3	8.869220E-5	2.834011E-1
5.580000E-2	1.959820E-3	7.057240E-5	2.854777E-1
5.590000E-2	1.946460E-3	4.577660E-5	2.865951E-1
5.600000E-2	1.945500E-3	1.907360E-5	2.880918E-1
5.610000E-2	1.953140E-3	-2.861040E-6	2.889271E-1
5.620000E-2	1.968400E-3	-1.525890E-5	2.896107E-1
5.630000E-2	1.986520E-3	-1.621260E-5	2.901971E-1
5.640000E-2	2.002730E-3	-4.768400E-6	2.907891E-1
5.650000E-2	2.012270E-3	1.335150E-5	2.919408E-1
5.660000E-2	2.008450E-3	2.861030E-5	2.929880E-1
5.670000E-2	1.997010E-3	3.242520E-5	2.939897E-1
5.680000E-2	1.988430E-3	2.384200E-5	2.952051E-1
5.690000E-2	1.988430E-3	1.049050E-5	2.964705E-1
5.700000E-2	1.998920E-3	-2.861040E-6	2.974160E-1
5.710000E-2	2.012270E-3	-6.675750E-6	2.982513E-1
5.720000E-2	2.017040E-3	-9.536820E-7	2.985519E-1
5.730000E-2	2.006550E-3	1.239780E-5	3.003797E-1
5.740000E-2	1.983660E-3	3.051780E-5	3.013214E-1
5.750000E-2	1.955050E-3	4.386930E-5	3.010013E-1
5.760000E-2	1.923570E-3	4.863760E-5	3.022936E-1
5.770000E-2	1.894000E-3	4.291560E-5	3.035784E-1
5.780000E-2	1.868260E-3	2.861030E-5	3.042685E-1
5.790000E-2	1.852040E-3	1.049050E-5	3.054358E-1
5.800000E-2	1.848230E-3	-5.722080E-6	3.064144E-1
5.810000E-2	1.853950E-3	-1.335150E-5	3.069501E-1
5.820000E-2	1.860630E-3	-6.675750E-6	3.080758E-1
5.830000E-2	1.867300E-3	9.536800E-6	3.084412E-1
5.840000E-2	1.870160E-3	3.147150E-5	3.089055E-1
5.850000E-2	1.866350E-3	5.435970E-5	3.098370E-1
5.860000E-2	1.855860E-3	7.057240E-5	3.099387E-1
5.870000E-2	1.839650E-3	7.915540E-5	3.113096E-1
5.880000E-2	1.824390E-3	7.724810E-5	3.119312E-1
5.890000E-2	1.815800E-3	6.485030E-5	3.133465E-1
5.900000E-2	1.816760E-3	4.673030E-5	3.143325E-1
5.910000E-2	1.826290E-3	2.479560E-5	3.154380E-1
5.920000E-2	1.842510E-3	6.675750E-6	3.156850E-1
5.930000E-2	1.861580E-3	-1.907360E-6	3.170077E-1
5.940000E-2	1.876840E-3	-9.536820E-7	3.180336E-1
5.950000E-2	1.883510E-3	7.629450E-6	3.183314E-1
5.960000E-2	1.877790E-3	2.002730E-5	3.193183E-1
5.970000E-2	1.859670E-3	3.051780E-5	3.200297E-1
5.980000E-2	1.835830E-3	3.528620E-5	3.205348E-1
5.990000E-2	1.809130E-3	3.147150E-5	3.212137E-1
6.000000E-2	1.784330E-3	2.193460E-5	3.219879E-1
6.010000E-2	1.769070E-3	5.722080E-6	3.235606E-1
6.020000E-2	1.764300E-3	-1.335150E-5	3.240212E-1
6.030000E-2	1.769070E-3	-2.956400E-5	3.253532E-1
6.040000E-2	1.780520E-3	-3.719350E-5	3.262431E-1
6.050000E-2	1.789100E-3	-3.433250E-5	3.267878E-1
6.060000E-2	1.789100E-3	-2.193460E-5	3.280774E-1
6.070000E-2	1.780520E-3	-9.536820E-7	3.279682E-1
6.080000E-2	1.767170E-3	2.574930E-5	3.289848E-1
6.090000E-2	1.750950E-3	5.531330E-5	3.293946E-1
6.100000E-2	1.731880E-3	8.297010E-5	3.303177E-1
6.110000E-2	1.708990E-3	1.087190E-4	3.317645E-1
6.120000E-2	1.684200E-3	1.277930E-4	3.319495E-1
6.130000E-2	1.658450E-3	1.401910E-4	3.323620E-1
6.140000E-2	1.636510E-3	1.411450E-4	3.340169E-1
6.150000E-2	1.623160E-3	1.306540E-4	3.345533E-1
6.160000E-2	1.623160E-3	1.115800E-4	3.354081E-1
6.170000E-2	1.630790E-3	8.392380E-5	3.358651E-1
6.180000E-2	1.645100E-3	4.863760E-5	3.367567E-1
6.190000E-2	1.663220E-3	1.239780E-5	3.376485E-1
6.200000E-2	1.684200E-3	-2.384200E-5	3.384736E-1
6.210000E-2	1.708040E-3	-5.340600E-5	3.389443E-1
6.220000E-2	1.731880E-3	-7.438710E-5	3.399915E-1
6.230000E-2	1.755720E-3	-8.487750E-5	3.415224E-1
6.240000E-2	1.774800E-3	-8.010910E-5	3.420561E-1
6.250000E-2	1.786240E-3	-6.485030E-5	3.428785E-1
6.260000E-2	1.787190E-3	-3.814720E-5	3.444039E-1
6.270000E-2	1.778610E-3	-8.583130E-6	3.461457E-1
6.280000E-2	1.762400E-3	1.907360E-5	3.466405E-1
6.290000E-2	1.741420E-3	4.005460E-5	3.471030E-1
6.300000E-2	1.721390E-3	4.768390E-5	3.480687E-1
6.310000E-2	1.705180E-3	4.005460E-5	3.487606E-1
6.320000E-2	1.694690E-3	2.479560E-5	3.500057E-1
6.330000E-2	1.693730E-3	8.583130E-6	3.502406E-1
6.340000E-2	1.699460E-3	-4.768400E-6	3.519075E-1
6.350000E-2	1.709950E-3	-1.144420E-5	3.524265E-1
6.360000E-2	1.721390E-3	-1.144420E-5	3.535319E-1
6.370000E-2	1.730930E-3	-5.722080E-6	3.544569E-1
6.380000E-2	1.733790E-3	0.000000E+0	3.551099E-1
6.390000E-2	1.732830E-3	3.814730E-6	3.554281E-1
6.400000E-2	1.731880E-3	2.861040E-6	3.567694E-1
6.410000E-2	1.729970E-3	3.814730E-6	3.569961E-1
6.420000E-2	1.726160E-3	1.049050E-5	3.580320E-1
6.430000E-2	1.723300E-3	2.384200E-5	3.587369E-1
6.440000E-2	1.723300E-3	4.005460E-5	3.600680E-1
6.450000E-2	1.725200E-3	5.912800E-5	3.608108E-1
6.460000E-2	1.725200E-3	7.915540E-5	3.612863E-1
6.470000E-2	1.719480E-3	9.632160E-5	3.626543E-1
6.480000E-2	1.705180E-3	1.020440E-4	3.635451E-1
6.490000E-2	1.687060E-3	9.727520E-5	3.633999E-1
6.500000E-2	1.669890E-3	8.392380E-5	3.643100E-1
6.510000E-2	1.655590E-3	6.389660E-5	3.652212E-1
6.520000E-2	1.647000E-3	4.196190E-5	3.649289E-1
6.530000E-2	1.645100E-3	2.479560E-5	3.665246E-1
6.540000E-2	1.644140E-3	1.525890E-5	3.670075E-1
6.550000E-2	1.638420E-3	1.716630E-5	3.680573E-1
6.560000E-2	1.629840E-3	2.574930E-5	3.687963E-1
6.570000E-2	1.618390E-3	3.623990E-5	3.692709E-1
6.580000E-2	1.611720E-3	4.100820E-5	3.702847E-1
6.590000E-2	1.609810E-3	3.719350E-5	3.709101E-1
6.600000E-2	1.613620E-3	2.861030E-5	3.723920E-1
6.610000E-2	1.620300E-3	2.098100E-5	3.722846E-1
6.620000E-2	1.625070E-3	1.907360E-5	3.732245E-1
6.630000E-2	1.623160E-3	2.002730E-5	3.740986E-1
6.640000E-2	1.614580E-3	2.098100E-5	3.739414E-1
6.650000E-2	1.605040E-3	1.716630E-5	3.748691E-1
6.660000E-2	1.599320E-3	9.536800E-6	3.764186E-1
6.670000E-2	1.598370E-3	3.814730E-6	3.772158E-1
6.680000E-2	1.603130E-3	6.675750E-6	3.777255E-1
6.690000E-2	1.607900E-3	1.811990E-5	3.788651E-1
6.700000E-2	1.605990E-3	3.528620E-5	3.793138E-1
6.710000E-2	1.597410E-3	5.245230E-5	3.801074E-1
6.720000E-2	1.584060E-3	6.866500E-5	3.806227E-1
6.730000E-2	1.566890E-3	7.915540E-5	3.820694E-1
6.740000E-2	1.546870E-3	8.010910E-5	3.822332E-1
6.750000E-2	1.525890E-3	7.629440E-5	3.828057E-1
6.760000E-2	1.503000E-3	7.247970E-5	3.839416E-1
6.770000E-2	1.485830E-3	7.247970E-5	3.843866E-1
6.780000E-2	1.472480E-3	7.629440E-5	3.855086E-1
6.790000E-2	1.461040E-3	7.724810E-5	3.863328E-1
6.800000E-2	1.457220E-3	7.534070E-5	3.865345E-1
6.810000E-2	1.463900E-3	7.247970E-5	3.881782E-1
6.820000E-2	1.477250E-3	7.057240E-5	3.882679E-1
6.830000E-2	1.495370E-3	7.247970E-5	3.887961E-1
6.840000E-2	1.516350E-3	7.915540E-5	3.906544E-1
6.850000E-2	1.543050E-3	8.773850E-5	3.910568E-1
6.860000E-2	1.569760E-3	1.001360E-4	3.918080E-1
6.870000E-2	1.592640E-3	1.068120E-4	3.923556E-1
6.880000E-2	1.605990E-3	1.058580E-4	3.934036E-1
6.890000E-2	1.611720E-3	1.020440E-4	3.938374E-1
6.900000E-2	1.612670E-3	1.010900E-4	3.946644E-1
6.910000E-2	1.611720E-3	1.010900E-4	3.950510E-1
6.920000E-2	1.609810E-3	1.058580E-4	3.961657E-1
6.930000E-2	1.607900E-3	1.144410E-4	3.968613E-1
6.940000E-2	1.601230E-3	1.258860E-4	3.972822E-1
6.950000E-2	1.586920E-3	1.344690E-4	3.982470E-1
6.960000E-2	1.565940E-3	1.411450E-4	3.990767E-1
6.970000E-2	1.543050E-3	1.411450E-4	3.997187E-1
6.980000E-2	1.526840E-3	1.335150E-4	4.007584E-1
6.990000E-2	1.521120E-3	1.201630E-4	4.017565E-1
7.000000E-2	1.524930E-3	1.077660E-4	4.020303E-1
7.010000E-2	1.536380E-3	9.632160E-5	4.029581E-1
7.020000E-2	1.551640E-3	8.773850E-5	4.034113E-1
7.030000E-2	1.567850E-3	8.392380E-5	4.044113E-1
7.040000E-2	1.581200E-3	8.678480E-5	4.052725E-1
7.050000E-2	1.585970E-3	9.155320E-5	4.058145E-1
7.060000E-2	1.582150E-3	9.059950E-5	4.067701E-1
7.070000E-2	1.569760E-3	8.106280E-5	4.081132E-1
7.080000E-2	1.556400E-3	6.961870E-5	4.088291E-1
7.090000E-2	1.546870E-3	5.245230E-5	4.093841E-1
7.100000E-2	1.544010E-3	3.719350E-5	4.105043E-1
7.110000E-2	1.544960E-3	2.574930E-5	4.110519E-1
7.120000E-2	1.545910E-3	1.716630E-5	4.116458E-1
7.130000E-2	1.541150E-3	1.049050E-5	4.118965E-1
7.140000E-2	1.532560E-3	9.536820E-7	4.127530E-1
7.150000E-2	1.520160E-3	-9.536800E-6	4.134218E-1
7.160000E-2	1.506810E-3	-2.479560E-5	4.137113E-1
7.170000E-2	1.494420E-3	-4.100820E-5	4.151525E-1
7.180000E-2	1.480110E-3	-5.531330E-5	4.162625E-1
7.190000E-2	1.466760E-3	-6.675770E-5	4.175779E-1
7.200000E-2	1.461040E-3	-7.534070E-5	4.184696E-1
7.210000E-2	1.464850E-3	-8.201650E-5	4.187110E-1
7.220000E-2	1.478200E-3	-8.201650E-5	4.190126E-1
7.230000E-2	1.496320E-3	-7.438710E-5	4.196952E-1
7.240000E-2	1.519210E-3	-6.008170E-5	4.208653E-1
7.250000E-2	1.542100E-3	-4.005460E-5	4.215074E-1
7.260000E-2	1.558310E-3	-1.716630E-5	4.223490E-1
7.270000E-2	1.564990E-3	7.629450E-6	4.232907E-1
7.280000E-2	1.561170E-3	3.337880E-5	4.239003E-1
7.290000E-2	1.547820E-3	5.435970E-5	4.247902E-1
7.300000E-2	1.529700E-3	6.580400E-5	4.257392E-1
7.310000E-2	1.510630E-3	6.580400E-5	4.265459E-1
7.320000E-2	1.495370E-3	5.531330E-5	4.269307E-1
7.330000E-2	1.482020E-3	3.910090E-5	4.277752E-1
7.340000E-2	1.470570E-3	1.907360E-5	4.288880E-1
7.350000E-2	1.463900E-3	-1.907360E-6	4.296076E-1
7.360000E-2	1.463900E-3	-2.098100E-5	4.299620E-1
7.370000E-2	1.470570E-3	-3.337880E-5	4.309749E-1
7.380000E-2	1.477250E-3	-3.910090E-5	4.316584E-1
7.390000E-2	1.481060E-3	-4.005460E-5	4.317491E-1
7.400000E-2	1.485830E-3	-3.910090E-5	4.322310E-1
7.410000E-2	1.489650E-3	-3.337880E-5	4.328526E-1
7.420000E-2	1.494420E-3	-2.098100E-5	4.332264E-1
7.430000E-2	1.495370E-3	-8.583130E-6	4.342725E-1
7.440000E-2	1.485830E-3	9.536820E-7	4.348988E-1
7.450000E-2	1.467710E-3	1.049050E-5	4.354353E-1
7.460000E-2	1.447690E-3	2.098100E-5	4.360540E-1
7.470000E-2	1.425750E-3	3.147150E-5	4.367645E-1
7.480000E-2	1.407630E-3	3.719350E-5	4.374869E-1
7.490000E-2	1.395230E-3	3.528620E-5	4.382519E-1
7.500000E-2	1.388560E-3	2.861030E-5	4.385109E-1
7.510000E-2	1.395230E-3	1.716630E-5	4.395580E-1
7.520000E-2	1.410490E-3	5.722080E-6	4.406237E-1
7.530000E-2	1.430520E-3	-3.814730E-6	4.410398E-1
7.540000E-2	1.446730E-3	-4.768400E-6	4.416865E-1
7.550000E-2	1.455310E-3	-2.861040E-6	4.433098E-1
7.560000E-2	1.457220E-3	-6.675750E-6	4.433358E-1
7.570000E-2	1.451500E-3	-1.144420E-5	4.439907E-1
7.580000E-2	1.443870E-3	-1.335150E-5	4.449481E-1
7.590000E-2	1.437190E-3	-1.621260E-5	4.455512E-1
7.600000E-2	1.440060E-3	-2.288830E-5	4.459721E-1
7.610000E-2	1.454360E-3	-3.147150E-5	4.465188E-1
7.620000E-2	1.475340E-3	-4.005460E-5	4.473078E-1
7.630000E-2	1.499180E-3	-4.863760E-5	4.476158E-1
7.640000E-2	1.521120E-3	-5.817440E-5	4.486769E-1
7.650000E-2	1.539240E-3	-6.675770E-5	4.502429E-1
7.660000E-2	1.551640E-3	-6.961870E-5	4.501105E-1
7.670000E-2	1.558310E-3	-6.389660E-5	4.507525E-1
7.680000E-2	1.558310E-3	-4.673030E-5	4.514242E-1
7.690000E-2	1.545910E-3	-2.479560E-5	4.519689E-1
7.700000E-2	1.527790E-3	-6.675750E-6	4.531631E-1
7.710000E-2	1.511580E-3	4.768400E-6	4.535673E-1
7.720000E-2	1.503000E-3	1.049050E-5	4.538911E-1
7.730000E-2	1.505860E-3	1.335150E-5	4.552074E-1
7.740000E-2	1.514440E-3	1.621260E-5	4.556634E-1
7.750000E-2	1.523030E-3	2.098100E-5	4.564553E-1
7.760000E-2	1.527790E-3	2.956400E-5	4.577272E-1
7.770000E-2	1.524930E-3	3.814720E-5	4.578085E-1
7.780000E-2	1.511580E-3	4.482290E-5	4.583904E-1
7.790000E-2	1.489650E-3	4.577660E-5	4.594736E-1
7.800000E-2	1.466760E-3	4.005460E-5	4.596946E-1
7.810000E-2	1.445780E-3	2.479560E-5	4.605300E-1
7.820000E-2	1.432430E-3	3.814730E-6	4.605956E-1
7.830000E-2	1.427660E-3	-1.907360E-5	4.615114E-1
7.840000E-2	1.427660E-3	-4.386930E-5	4.624188E-1
7.850000E-2	1.432430E-3	-6.771130E-5	4.628212E-1
7.860000E-2	1.442920E-3	-8.773850E-5	4.633521E-1
7.870000E-2	1.454360E-3	-9.727520E-5	4.637268E-1
7.880000E-2	1.467710E-3	-9.346050E-5	4.643641E-1
7.890000E-2	1.481060E-3	-7.915540E-5	4.652493E-1
7.900000E-2	1.490600E-3	-5.722070E-5	4.654408E-1
7.910000E-2	1.494420E-3	-2.956400E-5	4.659348E-1
7.920000E-2	1.489650E-3	-9.536820E-7	4.665869E-1
7.930000E-2	1.475340E-3	2.193460E-5	4.673075E-1
7.940000E-2	1.459130E-3	3.433250E-5	4.677821E-1
7.950000E-2	1.443870E-3	3.623990E-5	4.688670E-1
7.960000E-2	1.432430E-3	2.861030E-5	4.698476E-1
7.970000E-2	1.428610E-3	1.811990E-5	4.712527E-1
7.980000E-2	1.429570E-3	1.239780E-5	4.717059E-1
7.990000E-2	1.435290E-3	1.621260E-5	4.722813E-1
8.000000E-2	1.445780E-3	2.861030E-5	4.737216E-1
8.010000E-2	1.454360E-3	4.577660E-5	4.746030E-1
8.020000E-2	1.457220E-3	6.389660E-5	4.754098E-1
8.030000E-2	1.455310E-3	7.438710E-5	4.760970E-1
8.040000E-2	1.457220E-3	7.724810E-5	4.762497E-1
8.050000E-2	1.461990E-3	7.629440E-5	4.769434E-1
8.060000E-2	1.469620E-3	7.438710E-5	4.777574E-1
8.070000E-2	1.474390E-3	7.724810E-5	4.787869E-1
8.080000E-2	1.476300E-3	8.583120E-5	4.798386E-1
8.090000E-2	1.474390E-3	9.918260E-5	4.805065E-1
8.100000E-2	1.468670E-3	1.134880E-4	4.807072E-1
8.110000E-2	1.457220E-3	1.220710E-4	4.814204E-1
8.120000E-2	1.441010E-3	1.192100E-4	4.820707E-1
8.130000E-2	1.427660E-3	1.068120E-4	4.818625E-1
8.140000E-2	1.420030E-3	8.678480E-5	4.829384E-1
8.150000E-2	1.420030E-3	6.294300E-5	4.840992E-1
8.160000E-2	1.426700E-3	3.910090E-5	4.841372E-1
8.170000E-2	1.440060E-3	2.002730E-5	4.852435E-1
8.180000E-2	1.457220E-3	6.675750E-6	4.854165E-1
8.190000E-2	1.472480E-3	3.814730E-6	4.865283E-1
8.200000E-2	1.481060E-3	7.629450E-6	4.873192E-1
8.210000E-2	1.481060E-3	1.239780E-5	4.872443E-1
8.220000E-2	1.474390E-3	1.525890E-5	4.890018E-1
8.230000E-2	1.461990E-3	1.525890E-5	4.892312E-1
8.240000E-2	1.448640E-3	1.144420E-5	4.898408E-1
8.250000E-2	1.439100E-3	7.629450E-6	4.909314E-1
8.260000E-2	1.432430E-3	7.629450E-6	4.917075E-1
8.270000E-2	1.425750E-3	1.335150E-5	4.929258E-1
8.280000E-2	1.415260E-3	2.384200E-5	4.933096E-1
8.290000E-2	1.400960E-3	3.337880E-5	4.941190E-1
8.300000E-2	1.383790E-3	3.814720E-5	4.946406E-1
8.310000E-2	1.369480E-3	3.719350E-5	4.957008E-1
8.320000E-2	1.363760E-3	3.242520E-5	4.967294E-1
8.330000E-2	1.365670E-3	2.765670E-5	4.972234E-1
8.340000E-2	1.369480E-3	2.765670E-5	4.981160E-1
8.350000E-2	1.371390E-3	3.337880E-5	4.988421E-1
8.360000E-2	1.370440E-3	4.291560E-5	4.993425E-1
8.370000E-2	1.363760E-3	4.863760E-5	4.996376E-1
8.380000E-2	1.357090E-3	4.577660E-5	4.999466E-1
8.390000E-2	1.351360E-3	3.337880E-5	5.009780E-1
8.400000E-2	1.350410E-3	1.525890E-5	5.017383E-1
8.410000E-2	1.354220E-3	-3.814730E-6	5.021897E-1
8.420000E-2	1.361850E-3	-2.098100E-5	5.032877E-1
8.430000E-2	1.369480E-3	-3.433250E-5	5.041406E-1
8.440000E-2	1.377110E-3	-4.291560E-5	5.050804E-1
8.450000E-2	1.384740E-3	-4.673030E-5	5.057677E-1
8.460000E-2	1.395230E-3	-4.673030E-5	5.060101E-1
8.470000E-2	1.402860E-3	-4.577660E-5	5.074688E-1
8.480000E-2	1.410490E-3	-4.196190E-5	5.080358E-1
8.490000E-2	1.416210E-3	-3.528620E-5	5.091477E-1
8.500000E-2	1.420030E-3	-2.574930E-5	5.091865E-1
8.510000E-2	1.423840E-3	-1.621260E-5	5.092013E-1
8.520000E-2	1.425750E-3	-4.768400E-6	5.105556E-1
8.530000E-2	1.425750E-3	5.722080E-6	5.113252E-1
8.540000E-2	1.424800E-3	1.525890E-5	5.117757E-1
8.550000E-2	1.423840E-3	2.384200E-5	5.124407E-1
8.560000E-2	1.423840E-3	2.956400E-5	5.134397E-1
8.570000E-2	1.422890E-3	3.147150E-5	5.138995E-1
8.580000E-2	1.420030E-3	3.051780E-5	5.142926E-1
8.590000E-2	1.416210E-3	3.051780E-5	5.157874E-1
8.600000E-2	1.410490E-3	2.861030E-5	5.158938E-1
8.610000E-2	1.405720E-3	2.574930E-5	5.165645E-1
8.620000E-2	1.401910E-3	2.288830E-5	5.171926E-1
8.630000E-2	1.398090E-3	2.193460E-5	5.179973E-1
8.640000E-2	1.397140E-3	2.193460E-5	5.189769E-1
8.650000E-2	1.399050E-3	2.288830E-5	5.193699E-1
8.660000E-2	1.401910E-3	2.384200E-5	5.193848E-1
8.670000E-2	1.405720E-3	2.479560E-5	5.200647E-1
8.680000E-2	1.406680E-3	2.670300E-5	5.208389E-1
8.690000E-2	1.407630E-3	2.861030E-5	5.217066E-1
8.700000E-2	1.408580E-3	2.956400E-5	5.223097E-1
8.710000E-2	1.408580E-3	3.051780E-5	5.228508E-1
8.720000E-2	1.406680E-3	3.051780E-5	5.238239E-1
8.730000E-2	1.401910E-3	3.051780E-5	5.242337E-1
8.740000E-2	1.398090E-3	2.956400E-5	5.248146E-1
8.750000E-2	1.396190E-3	3.051780E-5	5.260431E-1
8.760000E-2	1.397140E-3	3.051780E-5	5.270531E-1
8.770000E-2	1.397140E-3	3.242520E-5	5.275499E-1
8.780000E-2	1.399050E-3	3.242520E-5	5.285026E-1
8.790000E-2	1.400960E-3	3.051780E-5	5.286099E-1
8.800000E-2	1.403820E-3	2.670300E-5	5.294517E-1
8.810000E-2	1.404770E-3	2.193460E-5	5.298051E-1
8.820000E-2	1.406680E-3	1.716630E-5	5.301815E-1
8.830000E-2	1.408580E-3	1.335150E-5	5.309992E-1
8.840000E-2	1.412400E-3	1.144420E-5	5.322915E-1
8.850000E-2	1.417170E-3	1.144420E-5	5.329362E-1
8.860000E-2	1.423840E-3	1.239780E-5	5.339491E-1
8.870000E-2	1.431470E-3	1.335150E-5	5.341757E-1
8.880000E-2	1.437190E-3	1.239780E-5	5.351840E-1
8.890000E-2	1.440060E-3	1.144420E-5	5.352959E-1
8.900000E-2	1.441960E-3	8.583130E-6	5.356456E-1
8.910000E-2	1.443870E-3	7.629450E-6	5.360359E-1
8.920000E-2	1.443870E-3	5.722080E-6	5.362348E-1
8.930000E-2	1.441010E-3	4.768400E-6	5.370072E-1
8.940000E-2	1.437190E-3	3.814730E-6	5.378583E-1
8.950000E-2	1.433380E-3	9.536820E-7	5.381533E-1
8.960000E-2	1.427660E-3	0.000000E+0	5.387019E-1
8.970000E-2	1.420980E-3	-9.536820E-7	5.395834E-1
8.980000E-2	1.412400E-3	0.000000E+0	5.402892E-1
8.990000E-2	1.405720E-3	9.536820E-7	5.407896E-1
9.000000E-2	1.400000E-3	2.861040E-6	5.418034E-1
9.010000E-2	1.395230E-3	4.768400E-6	5.418848E-1
9.020000E-2	1.389510E-3	6.675750E-6	5.426609E-1
9.030000E-2	1.383790E-3	8.583130E-6	5.439402E-1
9.040000E-2	1.379970E-3	1.049050E-5	5.442556E-1
9.050000E-2	1.375210E-3	1.335150E-5	5.451963E-1
9.060000E-2	1.374250E-3	1.525890E-5	5.453527E-1
9.070000E-2	1.374250E-3	1.716630E-5	5.463803E-1
9.080000E-2	1.374250E-3	1.907360E-5	5.467070E-1
9.090000E-2	1.374250E-3	2.193460E-5	5.480972E-1
9.100000E-2	1.373300E-3	2.193460E-5	5.486373E-1
9.110000E-2	1.375210E-3	2.479560E-5	5.493404E-1
9.120000E-2	1.375210E-3	2.670300E-5	5.490944E-1
9.130000E-2	1.377110E-3	3.051780E-5	5.499953E-1
9.140000E-2	1.377110E-3	3.337880E-5	5.500231E-1
9.150000E-2	1.379020E-3	3.433250E-5	5.503635E-1
9.160000E-2	1.380930E-3	3.337880E-5	5.513912E-1
9.170000E-2	1.381880E-3	3.242520E-5	5.523587E-1
9.180000E-2	1.382840E-3	3.051780E-5	5.525326E-1
9.190000E-2	1.381880E-3	2.861030E-5	5.530765E-1
9.200000E-2	1.379020E-3	2.670300E-5	5.541005E-1
9.210000E-2	1.379020E-3	2.479560E-5	5.551402E-1
