8.794375E-2
8.863999E-2
8.859151E-2
8.896656E-2
8.882285E-2
8.905635E-2
8.901516E-2
8.916533E-2
8.918825E-2
8.896797E-2
8.948842E-2
8.965535E-2
8.913167E-2
8.942840E-2
9.027876E-2
8.973207E-2
8.951826E-2
8.954574E-2
8.919297E-2
9.009740E-2
9.026507E-2
8.978071E-2
9.014402E-2
9.005899E-2
9.038323E-2
9.083348E-2
9.037954E-2
9.010168E-2
8.998316E-2
9.113246E-2
9.147616E-2
9.050568E-2
9.077443E-2
9.110275E-2
9.044128E-2
9.097691E-2
9.243227E-2
8.953295E-2
9.085775E-2
9.257590E-2
9.002701E-2
9.108957E-2
9.246977E-2
9.194587E-2
9.092378E-2
9.112276E-2
9.154068E-2
9.156675E-2
9.190490E-2
9.171154E-2
9.221271E-2
9.194635E-2
9.204726E-2
9.267811E-2
9.229677E-2
9.326847E-2
9.267774E-2
9.279373E-2
9.279300E-2
9.290702E-2
9.292546E-2
9.300182E-2
9.324050E-2
9.292158E-2
9.318164E-2
9.318918E-2
9.328855E-2
9.369649E-2
9.353490E-2
9.365513E-2
9.346313E-2
9.411209E-2
9.382223E-2
9.436601E-2
9.448142E-2
9.447124E-2
9.468266E-2
9.476439E-2
9.471203E-2
9.490609E-2
9.481776E-2
9.508685E-2
9.512407E-2
9.548329E-2
9.522036E-2
9.542746E-2
9.532436E-2
9.537781E-2
9.566899E-2
9.508488E-2
9.507515E-2
9.480939E-2
9.418432E-2
9.584428E-2
1.003610E-1
