9.196069E-2
9.188984E-2
9.153767E-2
9.143641E-2
9.172730E-2
9.178435E-2
9.130882E-2
9.129875E-2
9.183166E-2
9.161772E-2
9.152614E-2
9.162530E-2
9.151929E-2
9.138947E-2
9.143101E-2
9.170612E-2
9.171780E-2
9.174992E-2
9.143749E-2
9.147916E-2
9.150223E-2
9.141996E-2
9.141624E-2
9.162927E-2
9.157012E-2
9.135838E-2
9.146079E-2
9.155269E-2
9.164658E-2
9.167954E-2
9.151893E-2
9.157974E-2
9.141107E-2
9.156351E-2
9.188382E-2
9.155834E-2
9.161340E-2
9.163035E-2
9.170793E-2
9.178977E-2
9.149502E-2
9.161255E-2
9.156231E-2
9.166486E-2
9.162145E-2
9.157192E-2
9.175185E-2
9.155065E-2
9.166318E-2
9.162843E-2
9.160318E-2
9.166486E-2
9.177592E-2
9.151508E-2
9.166667E-2
9.158851E-2
9.176208E-2
9.167016E-2
9.171298E-2
9.165741E-2
9.169987E-2
9.146403E-2
9.175077E-2
9.178387E-2
9.177388E-2
9.141107E-2
9.172489E-2
9.173223E-2
9.215886E-2
9.154656E-2
9.170925E-2
9.163492E-2
9.171238E-2
9.184997E-2
9.177809E-2
9.150259E-2
9.176076E-2
9.159741E-2
9.185864E-2
9.176509E-2
9.178050E-2
9.165753E-2
9.175221E-2
9.169830E-2
9.183492E-2
9.169097E-2
9.184383E-2
9.182601E-2
9.170516E-2
9.194515E-2
9.188827E-2
9.182902E-2
9.196130E-2
