9.134974E-2
9.149370E-2
9.178856E-2
9.134206E-2
9.165055E-2
9.156363E-2
9.135418E-2
9.133834E-2
9.156123E-2
9.124178E-2
9.117033E-2
9.139103E-2
9.144421E-2
9.129599E-2
9.164093E-2
9.122163E-2
9.172189E-2
9.115127E-2
9.146439E-2
9.140603E-2
9.123350E-2
9.146355E-2
9.139931E-2
9.157397E-2
9.156663E-2
9.143641E-2
9.104706E-2
9.163107E-2
9.144049E-2
9.144145E-2
9.143593E-2
9.143869E-2
9.126684E-2
9.152529E-2
9.137674E-2
9.137566E-2
9.142668E-2
9.158070E-2
9.149526E-2
9.143365E-2
9.151388E-2
