-2.000000E-1	3.073710E-3	1.440060E-4	-1.157844E+0
-1.995000E-1	3.069890E-3	1.392370E-4	-1.156473E+0
-1.990000E-1	3.045100E-3	1.344690E-4	-1.153942E+0
-1.985000E-1	3.033650E-3	1.516350E-4	-1.151234E+0
-1.980000E-1	3.052730E-3	1.659400E-4	-1.148551E+0
-1.975000E-1	3.085150E-3	1.535420E-4	-1.145549E+0
-1.970000E-1	3.102320E-3	1.268400E-4	-1.142604E+0
-1.965000E-1	3.084200E-3	1.106270E-4	-1.139936E+0
-1.960000E-1	3.065120E-3	1.192100E-4	-1.137522E+0
-1.955000E-1	3.080380E-3	1.277930E-4	-1.134888E+0
-1.950000E-1	3.090870E-3	1.201630E-4	-1.132027E+0
-1.945000E-1	3.070850E-3	1.153950E-4	-1.129332E+0
-1.940000E-1	3.047000E-3	1.344690E-4	-1.126694E+0
-1.935000E-1	3.046050E-3	1.659400E-4	-1.123962E+0
-1.930000E-1	3.073710E-3	1.764310E-4	-1.121046E+0
-1.925000E-1	3.093730E-3	1.564040E-4	-1.118362E+0
-1.920000E-1	3.070850E-3	1.497280E-4	-1.115458E+0
-1.915000E-1	3.042240E-3	1.659400E-4	-1.112873E+0
-1.910000E-1	3.047000E-3	1.792920E-4	-1.109843E+0
-1.905000E-1	3.059400E-3	1.564040E-4	-1.107193E+0
-1.900000E-1	3.051770E-3	1.306540E-4	-1.104432E+0
-1.895000E-1	3.040330E-3	1.239790E-4	-1.101871E+0
-1.890000E-1	3.065120E-3	1.392370E-4	-1.098955E+0
-1.885000E-1	3.098500E-3	1.325620E-4	-1.096178E+0
-1.880000E-1	3.096600E-3	1.173020E-4	-1.093193E+0
-1.875000E-1	3.070850E-3	1.239790E-4	-1.090385E+0
-1.870000E-1	3.068940E-3	1.459130E-4	-1.087474E+0
-1.865000E-1	3.089920E-3	1.506810E-4	-1.084789E+0
-1.860000E-1	3.106130E-3	1.258860E-4	-1.081790E+0
-1.855000E-1	3.101360E-3	9.822890E-5	-1.078751E+0
-1.850000E-1	3.080380E-3	1.010900E-4	-1.076035E+0
-1.845000E-1	3.067990E-3	1.297010E-4	-1.073461E+0
-1.840000E-1	3.081340E-3	1.564040E-4	-1.070754E+0
-1.835000E-1	3.110900E-3	1.697550E-4	-1.067823E+0
-1.830000E-1	3.133790E-3	1.611720E-4	-1.064901E+0
-1.825000E-1	3.129020E-3	1.344690E-4	-1.061957E+0
-1.820000E-1	3.100410E-3	1.258860E-4	-1.059357E+0
-1.815000E-1	3.081340E-3	1.468670E-4	-1.056713E+0
-1.810000E-1	3.095640E-3	1.630790E-4	-1.053846E+0
-1.805000E-1	3.109950E-3	1.544960E-4	-1.051030E+0
-1.800000E-1	3.091830E-3	1.506810E-4	-1.048433E+0
-1.795000E-1	3.085150E-3	1.659400E-4	-1.045744E+0
-1.790000E-1	3.108990E-3	1.697550E-4	-1.042748E+0
-1.785000E-1	3.122340E-3	1.478200E-4	-1.039923E+0
-1.780000E-1	3.104220E-3	1.287470E-4	-1.037223E+0
-1.775000E-1	3.073710E-3	1.401910E-4	-1.034313E+0
-1.770000E-1	3.067030E-3	1.564040E-4	-1.031653E+0
-1.765000E-1	3.092780E-3	1.497280E-4	-1.028787E+0
-1.760000E-1	3.105180E-3	1.249320E-4	-1.025956E+0
-1.755000E-1	3.100410E-3	1.106270E-4	-1.023485E+0
-1.750000E-1	3.100410E-3	1.344690E-4	-1.020672E+0
-1.745000E-1	3.118530E-3	1.487740E-4	-1.017720E+0
-1.740000E-1	3.129970E-3	1.363760E-4	-1.014992E+0
-1.735000E-1	3.113760E-3	1.268400E-4	-1.012419E+0
-1.730000E-1	3.093730E-3	1.401910E-4	-1.009779E+0
-1.725000E-1	3.101360E-3	1.602180E-4	-1.006698E+0
-1.720000E-1	3.120440E-3	1.535420E-4	-1.003791E+0
-1.715000E-1	3.116620E-3	1.239790E-4	-1.001159E+0
-1.710000E-1	3.095640E-3	9.918260E-5	-9.985243E-1
-1.705000E-1	3.073710E-3	1.058580E-4	-9.959305E-1
-1.700000E-1	3.079430E-3	1.363760E-4	-9.929695E-1
-1.695000E-1	3.099460E-3	1.478200E-4	-9.900891E-1
-1.690000E-1	3.091830E-3	1.401910E-4	-9.874740E-1
-1.685000E-1	3.080380E-3	1.506810E-4	-9.848803E-1
-1.680000E-1	3.093730E-3	1.668940E-4	-9.818444E-1
-1.675000E-1	3.118530E-3	1.573570E-4	-9.790056E-1
-1.670000E-1	3.119480E-3	1.316080E-4	-9.763591E-1
-1.665000E-1	3.102320E-3	1.268400E-4	-9.736747E-1
-1.660000E-1	3.099460E-3	1.497280E-4	-9.708673E-1
-1.655000E-1	3.119480E-3	1.630790E-4	-9.680099E-1
-1.650000E-1	3.127110E-3	1.535420E-4	-9.653793E-1
-1.645000E-1	3.108040E-3	1.583110E-4	-9.627966E-1
-1.640000E-1	3.107090E-3	1.726160E-4	-9.601149E-1
-1.635000E-1	3.125210E-3	1.649870E-4	-9.571771E-1
-1.630000E-1	3.129970E-3	1.382840E-4	-9.541264E-1
-1.625000E-1	3.105180E-3	1.277930E-4	-9.515457E-1
-1.620000E-1	3.092780E-3	1.478200E-4	-9.488622E-1
-1.615000E-1	3.108990E-3	1.716620E-4	-9.460483E-1
-1.610000E-1	3.142370E-3	1.811990E-4	-9.431706E-1
-1.605000E-1	3.159540E-3	1.697550E-4	-9.403964E-1
-1.600000E-1	3.144280E-3	1.516350E-4	-9.378952E-1
-1.595000E-1	3.134740E-3	1.630790E-4	-9.351525E-1
-1.590000E-1	3.144280E-3	1.773840E-4	-9.323202E-1
-1.585000E-1	3.151910E-3	1.659400E-4	-9.294850E-1
-1.580000E-1	3.123300E-3	1.525890E-4	-9.266101E-1
-1.575000E-1	3.099460E-3	1.668940E-4	-9.240792E-1
-1.570000E-1	3.111850E-3	1.792920E-4	-9.209619E-1
-1.565000E-1	3.135700E-3	1.611720E-4	-9.183294E-1
-1.560000E-1	3.131880E-3	1.363760E-4	-9.156255E-1
-1.555000E-1	3.105180E-3	1.411450E-4	-9.128745E-1
-1.550000E-1	3.097550E-3	1.544960E-4	-9.099237E-1
-1.545000E-1	3.101360E-3	1.363760E-4	-9.073374E-1
-1.540000E-1	3.090870E-3	1.230250E-4	-9.047002E-1
-1.535000E-1	3.080380E-3	1.440060E-4	-9.019751E-1
-1.530000E-1	3.099460E-3	1.697550E-4	-8.989106E-1
-1.525000E-1	3.123300E-3	1.668940E-4	-8.960818E-1
-1.520000E-1	3.117580E-3	1.592650E-4	-8.935972E-1
-1.515000E-1	3.129020E-3	1.649870E-4	-8.905225E-1
-1.510000E-1	3.135700E-3	1.564040E-4	-8.877161E-1
-1.505000E-1	3.114720E-3	1.506810E-4	-8.851575E-1
-1.500000E-1	3.108990E-3	1.544960E-4	-8.822196E-1
-1.495000E-1	3.122340E-3	1.373300E-4	-8.793928E-1
-1.490000E-1	3.120440E-3	1.249320E-4	-8.768767E-1
-1.485000E-1	3.117580E-3	1.411450E-4	-8.737058E-1
-1.480000E-1	3.122340E-3	1.411450E-4	-8.709697E-1
-1.475000E-1	3.110900E-3	1.478200E-4	-8.684351E-1
-1.470000E-1	3.123300E-3	1.583110E-4	-8.654732E-1
-1.465000E-1	3.130930E-3	1.525890E-4	-8.628498E-1
-1.460000E-1	3.113760E-3	1.592650E-4	-8.602043E-1
-1.455000E-1	3.111850E-3	1.745230E-4	-8.573581E-1
-1.450000E-1	3.129020E-3	1.678480E-4	-8.544627E-1
-1.445000E-1	3.131880E-3	1.401910E-4	-8.517072E-1
-1.440000E-1	3.117580E-3	1.287470E-4	-8.493160E-1
-1.435000E-1	3.127110E-3	1.430520E-4	-8.463929E-1
-1.430000E-1	3.145230E-3	1.392370E-4	-8.435143E-1
-1.425000E-1	3.140460E-3	1.297010E-4	-8.410454E-1
-1.420000E-1	3.130930E-3	1.411450E-4	-8.381419E-1
-1.415000E-1	3.133790E-3	1.392370E-4	-8.352577E-1
-1.410000E-1	3.113760E-3	1.411450E-4	-8.326778E-1
-1.405000E-1	3.107090E-3	1.583110E-4	-8.299915E-1
-1.400000E-1	3.129020E-3	1.697550E-4	-8.268612E-1
-1.395000E-1	3.142370E-3	1.535420E-4	-8.242417E-1
-1.390000E-1	3.124250E-3	1.506810E-4	-8.215757E-1
-1.385000E-1	3.119480E-3	1.659400E-4	-8.185427E-1
-1.380000E-1	3.132840E-3	1.630790E-4	-8.156890E-1
-1.375000E-1	3.134740E-3	1.420980E-4	-8.129953E-1
-1.370000E-1	3.112810E-3	1.325620E-4	-8.103961E-1
-1.365000E-1	3.097550E-3	1.497280E-4	-8.077247E-1
-1.360000E-1	3.112810E-3	1.707090E-4	-8.048294E-1
-1.355000E-1	3.133790E-3	1.745230E-4	-8.019914E-1
-1.350000E-1	3.122340E-3	1.535420E-4	-7.991987E-1
-1.345000E-1	3.100410E-3	1.497280E-4	-7.966217E-1
-1.340000E-1	3.110900E-3	1.535420E-4	-7.936256E-1
-1.335000E-1	3.124250E-3	1.392370E-4	-7.906729E-1
-1.330000E-1	3.113760E-3	1.249320E-4	-7.881272E-1
-1.325000E-1	3.097550E-3	1.344690E-4	-7.854688E-1
-1.320000E-1	3.100410E-3	1.478200E-4	-7.824616E-1
-1.315000E-1	3.100410E-3	1.411450E-4	-7.799104E-1
-1.310000E-1	3.090870E-3	1.516350E-4	-7.773342E-1
-1.305000E-1	3.095640E-3	1.592650E-4	-7.746378E-1
-1.300000E-1	3.095640E-3	1.430520E-4	-7.720414E-1
-1.295000E-1	3.090870E-3	1.544960E-4	-7.693014E-1
-1.290000E-1	3.106130E-3	1.688010E-4	-7.664487E-1
-1.285000E-1	3.117580E-3	1.583110E-4	-7.634877E-1
-1.280000E-1	3.097550E-3	1.544960E-4	-7.609615E-1
-1.275000E-1	3.088970E-3	1.707090E-4	-7.581680E-1
-1.270000E-1	3.095640E-3	1.735700E-4	-7.554892E-1
-1.265000E-1	3.082290E-3	1.506810E-4	-7.527484E-1
-1.260000E-1	3.063220E-3	1.468670E-4	-7.501472E-1
-1.255000E-1	3.081340E-3	1.478200E-4	-7.474767E-1
-1.250000E-1	3.097550E-3	1.306540E-4	-7.447063E-1
-1.245000E-1	3.088970E-3	1.173020E-4	-7.419997E-1
-1.240000E-1	3.074660E-3	1.363760E-4	-7.390572E-1
-1.235000E-1	3.079430E-3	1.583110E-4	-7.362896E-1
-1.230000E-1	3.079430E-3	1.420980E-4	-7.334868E-1
-1.225000E-1	3.060360E-3	1.325620E-4	-7.309606E-1
-1.220000E-1	3.047000E-3	1.525890E-4	-7.282614E-1
-1.215000E-1	3.048910E-3	1.878750E-4	-7.254485E-1
-1.210000E-1	3.065120E-3	2.040870E-4	-7.225864E-1
-1.205000E-1	3.078480E-3	1.811990E-4	-7.199724E-1
-1.200000E-1	3.077520E-3	1.678480E-4	-7.172260E-1
-1.195000E-1	3.096600E-3	1.516350E-4	-7.145222E-1
-1.190000E-1	3.102320E-3	1.220710E-4	-7.114521E-1
-1.185000E-1	3.090870E-3	1.134880E-4	-7.090073E-1
-1.180000E-1	3.096600E-3	1.306540E-4	-7.060814E-1
-1.175000E-1	3.100410E-3	1.306540E-4	-7.034248E-1
-1.170000E-1	3.093730E-3	1.497280E-4	-7.007977E-1
-1.165000E-1	3.103270E-3	1.640330E-4	-6.977378E-1
-1.160000E-1	3.108040E-3	1.525890E-4	-6.952495E-1
-1.155000E-1	3.105180E-3	1.621260E-4	-6.925596E-1
-1.150000E-1	3.123300E-3	1.726160E-4	-6.896421E-1
-1.145000E-1	3.147140E-3	1.564040E-4	-6.867108E-1
-1.140000E-1	3.147140E-3	1.344690E-4	-6.840569E-1
-1.135000E-1	3.145230E-3	1.411450E-4	-6.810987E-1
-1.130000E-1	3.155720E-3	1.363760E-4	-6.783199E-1
-1.125000E-1	3.136650E-3	1.373300E-4	-6.755422E-1
-1.120000E-1	3.114720E-3	1.525890E-4	-6.729197E-1
-1.115000E-1	3.124250E-3	1.668940E-4	-6.698570E-1
-1.110000E-1	3.147140E-3	1.564040E-4	-6.671162E-1
-1.105000E-1	3.155720E-3	1.630790E-4	-6.644799E-1
-1.100000E-1	3.177660E-3	1.850140E-4	-6.614302E-1
-1.095000E-1	3.205310E-3	1.859670E-4	-6.585358E-1
-1.090000E-1	3.208180E-3	1.707090E-4	-6.556525E-1
-1.085000E-1	3.227250E-3	1.726160E-4	-6.527563E-1
-1.080000E-1	3.259670E-3	1.611720E-4	-6.497546E-1
-1.075000E-1	3.269210E-3	1.449590E-4	-6.471563E-1
-1.070000E-1	3.266350E-3	1.621260E-4	-6.443377E-1
-1.065000E-1	3.278750E-3	1.745230E-4	-6.411945E-1
-1.060000E-1	3.281610E-3	1.621260E-4	-6.384399E-1
-1.055000E-1	3.282560E-3	1.754770E-4	-6.355131E-1
-1.050000E-1	3.305450E-3	2.012260E-4	-6.325365E-1
-1.045000E-1	3.332150E-3	2.117170E-4	-6.294765E-1
-1.040000E-1	3.353130E-3	1.811990E-4	-6.265220E-1
-1.035000E-1	3.357900E-3	1.354230E-4	-6.237072E-1
-1.030000E-1	3.342640E-3	1.001360E-4	-6.207296E-1
-1.025000E-1	3.311170E-3	1.020440E-4	-6.179323E-1
-1.020000E-1	3.300680E-3	1.325620E-4	-6.151351E-1
-1.015000E-1	3.321660E-3	1.544960E-4	-6.119040E-1
-1.010000E-1	3.350270E-3	1.525890E-4	-6.091198E-1
-1.005000E-1	3.363620E-3	1.611720E-4	-6.058693E-1
-1.000000E-1	3.372210E-3	1.487740E-4	-6.027232E-1
-9.990000E-2	3.363620E-3	1.325620E-4	-5.999057E-1
-9.980000E-2	3.358860E-3	1.363760E-4	-5.993100E-1
-9.970000E-2	3.361720E-3	1.392370E-4	-5.985090E-1
-9.960000E-2	3.352180E-3	1.420980E-4	-5.980149E-1
-9.950000E-2	3.355040E-3	1.516350E-4	-5.974989E-1
-9.940000E-2	3.365530E-3	1.497280E-4	-5.967412E-1
-9.930000E-2	3.361720E-3	1.516350E-4	-5.963545E-1
-9.920000E-2	3.368390E-3	1.583110E-4	-5.956313E-1
-9.910000E-2	3.369350E-3	1.487740E-4	-5.948810E-1
-9.900000E-2	3.359810E-3	1.459130E-4	-5.945489E-1
-9.890000E-2	3.355990E-3	1.564040E-4	-5.939348E-1
-9.880000E-2	3.362670E-3	1.554500E-4	-5.931855E-1
-9.870000E-2	3.355040E-3	1.525890E-4	-5.925694E-1
-9.860000E-2	3.350270E-3	1.583110E-4	-5.921272E-1
-9.850000E-2	3.361720E-3	1.583110E-4	-5.913123E-1
-9.840000E-2	3.366490E-3	1.525890E-4	-5.909470E-1
-9.830000E-2	3.372210E-3	1.621260E-4	-5.903716E-1
-9.820000E-2	3.382700E-3	1.659400E-4	-5.897777E-1
-9.810000E-2	3.394140E-3	1.602180E-4	-5.890803E-1
-9.800000E-2	3.397000E-3	1.516350E-4	-5.883208E-1
-9.790000E-2	3.386510E-3	1.535420E-4	-5.880258E-1
-9.780000E-2	3.389370E-3	1.592650E-4	-5.871146E-1
-9.770000E-2	3.385560E-3	1.497280E-4	-5.863847E-1
-9.760000E-2	3.378880E-3	1.525890E-4	-5.860526E-1
-9.750000E-2	3.387470E-3	1.583110E-4	-5.853174E-1
-9.740000E-2	3.390330E-3	1.459130E-4	-5.845422E-1
-9.730000E-2	3.381740E-3	1.373300E-4	-5.838918E-1
-9.720000E-2	3.370300E-3	1.516350E-4	-5.836070E-1
-9.710000E-2	3.375070E-3	1.697550E-4	-5.829160E-1
-9.700000E-2	3.384610E-3	1.630790E-4	-5.822444E-1
-9.690000E-2	3.378880E-3	1.544960E-4	-5.815895E-1
-9.680000E-2	3.378880E-3	1.621260E-4	-5.813083E-1
-9.670000E-2	3.394140E-3	1.697550E-4	-5.805859E-1
-9.660000E-2	3.398910E-3	1.621260E-4	-5.798394E-1
-9.650000E-2	3.396050E-3	1.630790E-4	-5.793732E-1
-9.640000E-2	3.406540E-3	1.697550E-4	-5.788015E-1
-9.630000E-2	3.414170E-3	1.630790E-4	-5.779866E-1
-9.620000E-2	3.405590E-3	1.630790E-4	-5.776138E-1
-9.610000E-2	3.408450E-3	1.640330E-4	-5.767850E-1
-9.600000E-2	3.404630E-3	1.544960E-4	-5.761190E-1
-9.590000E-2	3.391280E-3	1.564040E-4	-5.756093E-1
-9.580000E-2	3.384610E-3	1.659400E-4	-5.751145E-1
-9.570000E-2	3.403680E-3	1.726160E-4	-5.745622E-1
-9.560000E-2	3.426570E-3	1.649870E-4	-5.737805E-1
-9.550000E-2	3.427520E-3	1.497280E-4	-5.731525E-1
-9.540000E-2	3.417980E-3	1.497280E-4	-5.727992E-1
-9.530000E-2	3.423710E-3	1.602180E-4	-5.720952E-1
-9.520000E-2	3.429430E-3	1.554500E-4	-5.713774E-1
-9.510000E-2	3.427520E-3	1.440060E-4	-5.706725E-1
-9.500000E-2	3.427520E-3	1.497280E-4	-5.700953E-1
-9.490000E-2	3.435150E-3	1.497280E-4	-5.692776E-1
-9.480000E-2	3.434200E-3	1.544960E-4	-5.689908E-1
-9.470000E-2	3.443730E-3	1.592650E-4	-5.681629E-1
-9.460000E-2	3.440870E-3	1.516350E-4	-5.676940E-1
-9.450000E-2	3.437060E-3	1.592650E-4	-5.670844E-1
-9.440000E-2	3.451360E-3	1.630790E-4	-5.665100E-1
-9.430000E-2	3.465670E-3	1.506810E-4	-5.658070E-1
-9.420000E-2	3.457080E-3	1.420980E-4	-5.652548E-1
-9.410000E-2	3.450410E-3	1.525890E-4	-5.648273E-1
-9.400000E-2	3.466620E-3	1.602180E-4	-5.642520E-1
-9.390000E-2	3.484740E-3	1.564040E-4	-5.632863E-1
-9.380000E-2	3.479020E-3	1.516350E-4	-5.627516E-1
-9.370000E-2	3.472340E-3	1.564040E-4	-5.622818E-1
-9.360000E-2	3.479020E-3	1.573570E-4	-5.613854E-1
-9.350000E-2	3.471390E-3	1.592650E-4	-5.609192E-1
-9.340000E-2	3.474250E-3	1.697550E-4	-5.603318E-1
-9.330000E-2	3.485690E-3	1.697550E-4	-5.595131E-1
-9.320000E-2	3.479970E-3	1.678480E-4	-5.589165E-1
-9.310000E-2	3.480930E-3	1.764310E-4	-5.587889E-1
-9.300000E-2	3.496180E-3	1.916890E-4	-5.582126E-1
-9.290000E-2	3.507630E-3	1.859670E-4	-5.574411E-1
-9.280000E-2	3.502860E-3	1.678480E-4	-5.567104E-1
-9.270000E-2	3.493320E-3	1.640330E-4	-5.561803E-1
-9.260000E-2	3.495230E-3	1.754770E-4	-5.558677E-1
-9.250000E-2	3.511440E-3	1.859670E-4	-5.551601E-1
-9.240000E-2	3.520030E-3	1.764310E-4	-5.544118E-1
-9.230000E-2	3.511440E-3	1.697550E-4	-5.541213E-1
-9.220000E-2	3.514300E-3	1.726160E-4	-5.532962E-1
-9.210000E-2	3.519070E-3	1.621260E-4	-5.524784E-1
-9.200000E-2	3.511440E-3	1.516350E-4	-5.517134E-1
-9.190000E-2	3.503810E-3	1.573570E-4	-5.513481E-1
-9.180000E-2	3.519070E-3	1.659400E-4	-5.506710E-1
-9.170000E-2	3.530520E-3	1.564040E-4	-5.499356E-1
-9.160000E-2	3.525750E-3	1.449590E-4	-5.492835E-1
-9.150000E-2	3.520980E-3	1.459130E-4	-5.484353E-1
-9.140000E-2	3.522890E-3	1.630790E-4	-5.481096E-1
-9.130000E-2	3.539100E-3	1.745230E-4	-5.474252E-1
-9.120000E-2	3.555310E-3	1.659400E-4	-5.465805E-1
-9.110000E-2	3.551500E-3	1.649870E-4	-5.462568E-1
-9.100000E-2	3.556270E-3	1.726160E-4	-5.456361E-1
-9.090000E-2	3.566760E-3	1.659400E-4	-5.449886E-1
-9.080000E-2	3.567710E-3	1.487740E-4	-5.440802E-1
-9.070000E-2	3.559130E-3	1.430520E-4	-5.436825E-1
-9.060000E-2	3.561030E-3	1.544960E-4	-5.430063E-1
-9.050000E-2	3.568660E-3	1.516350E-4	-5.421257E-1
-9.040000E-2	3.564850E-3	1.535420E-4	-5.417122E-1
-9.030000E-2	3.572480E-3	1.688010E-4	-5.414514E-1
-9.020000E-2	3.582970E-3	1.697550E-4	-5.404819E-1
-9.010000E-2	3.579150E-3	1.668940E-4	-5.401434E-1
-9.000000E-2	3.582970E-3	1.754770E-4	-5.394432E-1
-8.990000E-2	3.595370E-3	1.726160E-4	-5.387291E-1
-8.980000E-2	3.598230E-3	1.592650E-4	-5.379650E-1
-8.970000E-2	3.587740E-3	1.544960E-4	-5.375885E-1
-8.960000E-2	3.590600E-3	1.525890E-4	-5.367792E-1
-8.950000E-2	3.586780E-3	1.420980E-4	-5.361566E-1
-8.940000E-2	3.576290E-3	1.487740E-4	-5.357135E-1
-8.930000E-2	3.580110E-3	1.668940E-4	-5.351178E-1
-8.920000E-2	3.598230E-3	1.678480E-4	-5.343630E-1
-8.910000E-2	3.609670E-3	1.583110E-4	-5.335295E-1
-8.900000E-2	3.602040E-3	1.630790E-4	-5.332160E-1
-8.890000E-2	3.595370E-3	1.754770E-4	-5.325833E-1
-8.880000E-2	3.599180E-3	1.659400E-4	-5.318516E-1
-8.870000E-2	3.601090E-3	1.525890E-4	-5.311782E-1
-8.860000E-2	3.603000E-3	1.602180E-4	-5.307249E-1
-8.850000E-2	3.615390E-3	1.640330E-4	-5.298831E-1
-8.840000E-2	3.616350E-3	1.659400E-4	-5.295279E-1
-8.830000E-2	3.623980E-3	1.764310E-4	-5.286843E-1
-8.820000E-2	3.626840E-3	1.716620E-4	-5.280932E-1
-8.810000E-2	3.626840E-3	1.773840E-4	-5.276113E-1
-8.800000E-2	3.636380E-3	1.745230E-4	-5.267455E-1
-8.790000E-2	3.631610E-3	1.716620E-4	-5.263922E-1
-8.780000E-2	3.640190E-3	1.821530E-4	-5.257762E-1
-8.770000E-2	3.659260E-3	1.792920E-4	-5.249464E-1
-8.760000E-2	3.664990E-3	1.659400E-4	-5.240861E-1
-8.750000E-2	3.646870E-3	1.630790E-4	-5.236559E-1
-8.740000E-2	3.642100E-3	1.716620E-4	-5.230057E-1
-8.730000E-2	3.646870E-3	1.678480E-4	-5.222055E-1
-8.720000E-2	3.638280E-3	1.697550E-4	-5.217514E-1
-8.710000E-2	3.644960E-3	1.783380E-4	-5.211177E-1
-8.700000E-2	3.663080E-3	1.735700E-4	-5.204480E-1
-8.690000E-2	3.666890E-3	1.573570E-4	-5.195692E-1
-8.680000E-2	3.654490E-3	1.592650E-4	-5.192418E-1
-8.670000E-2	3.651630E-3	1.726160E-4	-5.185036E-1
-8.660000E-2	3.653540E-3	1.697550E-4	-5.177655E-1
-8.650000E-2	3.646870E-3	1.611720E-4	-5.171670E-1
-8.640000E-2	3.643050E-3	1.697550E-4	-5.166554E-1
-8.630000E-2	3.658310E-3	1.726160E-4	-5.158674E-1
-8.620000E-2	3.660220E-3	1.716620E-4	-5.153253E-1
-8.610000E-2	3.658310E-3	1.850140E-4	-5.147296E-1
-8.600000E-2	3.673570E-3	1.945500E-4	-5.141932E-1
-8.590000E-2	3.687870E-3	1.859670E-4	-5.132968E-1
-8.580000E-2	3.682150E-3	1.726160E-4	-5.128888E-1
-8.570000E-2	3.677380E-3	1.764310E-4	-5.121275E-1
-8.560000E-2	3.684060E-3	1.716620E-4	-5.114143E-1
-8.550000E-2	3.685970E-3	1.564040E-4	-5.106835E-1
-8.540000E-2	3.679290E-3	1.592650E-4	-5.102645E-1
-8.530000E-2	3.688830E-3	1.630790E-4	-5.092747E-1
-8.520000E-2	3.687870E-3	1.602180E-4	-5.085876E-1
-8.510000E-2	3.675480E-3	1.735700E-4	-5.081194E-1
-8.500000E-2	3.678340E-3	1.850140E-4	-5.072842E-1
-8.490000E-2	3.682150E-3	1.754770E-4	-5.066237E-1
-8.480000E-2	3.682150E-3	1.754770E-4	-5.060067E-1
-8.470000E-2	3.695500E-3	1.697550E-4	-5.052981E-1
-8.460000E-2	3.695500E-3	1.554500E-4	-5.044314E-1
-8.450000E-2	3.685010E-3	1.554500E-4	-5.040660E-1
-8.440000E-2	3.695500E-3	1.678480E-4	-5.032788E-1
-8.430000E-2	3.706950E-3	1.668940E-4	-5.024741E-1
-8.420000E-2	3.701220E-3	1.649870E-4	-5.018506E-1
-8.410000E-2	3.698360E-3	1.802450E-4	-5.015342E-1
-8.400000E-2	3.707900E-3	1.888280E-4	-5.005241E-1
-8.390000E-2	3.705040E-3	1.792920E-4	-4.999239E-1
-8.380000E-2	3.700270E-3	1.811990E-4	-4.995621E-1
-8.370000E-2	3.707900E-3	1.840600E-4	-4.985419E-1
-8.360000E-2	3.700270E-3	1.764310E-4	-4.980423E-1
-8.350000E-2	3.695500E-3	1.811990E-4	-4.974790E-1
-8.340000E-2	3.706950E-3	1.831060E-4	-4.967631E-1
-8.330000E-2	3.705990E-3	1.697550E-4	-4.958695E-1
-8.320000E-2	3.688830E-3	1.592650E-4	-4.952895E-1
-8.310000E-2	3.682150E-3	1.707090E-4	-4.948926E-1
-8.300000E-2	3.698360E-3	1.907360E-4	-4.943164E-1
-8.290000E-2	3.724110E-3	1.964580E-4	-4.936624E-1
-8.280000E-2	3.735560E-3	1.840600E-4	-4.928707E-1
-8.270000E-2	3.722210E-3	1.821530E-4	-4.924183E-1
-8.260000E-2	3.722210E-3	1.859670E-4	-4.917828E-1
-8.250000E-2	3.729840E-3	1.745230E-4	-4.910021E-1
-8.240000E-2	3.718390E-3	1.659400E-4	-4.902583E-1
-8.230000E-2	3.702180E-3	1.754770E-4	-4.898625E-1
-8.220000E-2	3.705040E-3	1.945500E-4	-4.893676E-1
-8.210000E-2	3.725070E-3	2.021800E-4	-4.886572E-1
-8.200000E-2	3.740330E-3	1.850140E-4	-4.876896E-1
-8.190000E-2	3.733650E-3	1.611720E-4	-4.870051E-1
-8.180000E-2	3.715530E-3	1.564040E-4	-4.863021E-1
-8.170000E-2	3.704090E-3	1.697550E-4	-4.859136E-1
-8.160000E-2	3.708850E-3	1.878750E-4	-4.853207E-1
-8.150000E-2	3.724110E-3	1.907360E-4	-4.844178E-1
-8.140000E-2	3.720300E-3	1.773840E-4	-4.837731E-1
-8.130000E-2	3.708850E-3	1.707090E-4	-4.832996E-1
-8.120000E-2	3.706950E-3	1.821530E-4	-4.827491E-1
-8.110000E-2	3.724110E-3	1.840600E-4	-4.819656E-1
-8.100000E-2	3.730790E-3	1.726160E-4	-4.811775E-1
-8.090000E-2	3.718390E-3	1.716620E-4	-4.805291E-1
-8.080000E-2	3.722210E-3	1.859670E-4	-4.801202E-1
-8.070000E-2	3.736510E-3	1.878750E-4	-4.792294E-1
-8.060000E-2	3.732700E-3	1.735700E-4	-4.785135E-1
-8.050000E-2	3.721250E-3	1.716620E-4	-4.777217E-1
-8.040000E-2	3.726020E-3	1.811990E-4	-4.772434E-1
-8.030000E-2	3.748910E-3	1.783380E-4	-4.764905E-1
-8.020000E-2	3.752720E-3	1.630790E-4	-4.756228E-1
-8.010000E-2	3.740330E-3	1.583110E-4	-4.753556E-1
-8.000000E-2	3.740330E-3	1.659400E-4	-4.743297E-1
-7.990000E-2	3.740330E-3	1.602180E-4	-4.737127E-1
-7.980000E-2	3.733650E-3	1.668940E-4	-4.732946E-1
-7.970000E-2	3.740330E-3	1.811990E-4	-4.726073E-1
-7.960000E-2	3.752720E-3	1.745230E-4	-4.716536E-1
-7.950000E-2	3.748910E-3	1.659400E-4	-4.712493E-1
-7.940000E-2	3.747950E-3	1.745230E-4	-4.705075E-1
-7.930000E-2	3.755580E-3	1.716620E-4	-4.698480E-1
-7.920000E-2	3.748910E-3	1.649870E-4	-4.689720E-1
-7.910000E-2	3.730790E-3	1.764310E-4	-4.679868E-1
-7.900000E-2	3.725070E-3	2.021800E-4	-4.678333E-1
-7.890000E-2	3.741280E-3	2.107630E-4	-4.669582E-1
-7.880000E-2	3.748910E-3	1.955040E-4	-4.662626E-1
-7.870000E-2	3.747950E-3	1.926430E-4	-4.657872E-1
-7.860000E-2	3.757490E-3	1.831060E-4	-4.647974E-1
-7.850000E-2	3.749860E-3	1.764310E-4	-4.642470E-1
-7.840000E-2	3.751770E-3	1.811990E-4	-4.636199E-1
-7.830000E-2	3.762260E-3	1.726160E-4	-4.628234E-1
-7.820000E-2	3.759400E-3	1.659400E-4	-4.624672E-1
-7.810000E-2	3.767030E-3	1.735700E-4	-4.615719E-1
-7.800000E-2	3.766070E-3	1.716620E-4	-4.611020E-1
-7.790000E-2	3.760350E-3	1.831060E-4	-4.605303E-1
-7.780000E-2	3.766070E-3	1.869210E-4	-4.596145E-1
-7.770000E-2	3.764170E-3	1.745230E-4	-4.589532E-1
-7.760000E-2	3.755580E-3	1.850140E-4	-4.584824E-1
-7.750000E-2	3.761310E-3	2.040870E-4	-4.579273E-1
-7.740000E-2	3.776570E-3	2.021800E-4	-4.570698E-1
-7.730000E-2	3.775610E-3	1.850140E-4	-4.562984E-1
-7.720000E-2	3.776570E-3	1.831060E-4	-4.558618E-1
-7.710000E-2	3.787060E-3	1.811990E-4	-4.549460E-1
-7.700000E-2	3.781330E-3	1.754770E-4	-4.545639E-1
-7.690000E-2	3.778470E-3	1.764310E-4	-4.537278E-1
-7.680000E-2	3.779430E-3	1.621260E-4	-4.529424E-1
-7.670000E-2	3.767030E-3	1.554500E-4	-4.523476E-1
-7.660000E-2	3.760350E-3	1.707090E-4	-4.518361E-1
-7.650000E-2	3.769890E-3	1.773840E-4	-4.509184E-1
-7.640000E-2	3.764170E-3	1.754770E-4	-4.503996E-1
-7.630000E-2	3.767980E-3	1.811990E-4	-4.498936E-1
-7.620000E-2	3.789920E-3	1.745230E-4	-4.490518E-1
-7.610000E-2	3.797550E-3	1.640330E-4	-4.484866E-1
-7.600000E-2	3.794690E-3	1.726160E-4	-4.479788E-1
-7.590000E-2	3.802310E-3	1.754770E-4	-4.470593E-1
-7.580000E-2	3.798500E-3	1.688010E-4	-4.462703E-1
-7.570000E-2	3.793730E-3	1.811990E-4	-4.459466E-1
-7.560000E-2	3.800410E-3	1.907360E-4	-4.447912E-1
-7.550000E-2	3.796590E-3	1.831060E-4	-4.443491E-1
-7.540000E-2	3.781330E-3	1.897820E-4	-4.432353E-1
-7.530000E-2	3.770840E-3	1.964580E-4	-4.425786E-1
-7.520000E-2	3.787060E-3	2.031340E-4	-4.420522E-1
-7.510000E-2	3.812800E-3	1.955040E-4	-4.412235E-1
-7.500000E-2	3.819480E-3	1.726160E-4	-4.403466E-1
-7.490000E-2	3.808990E-3	1.573570E-4	-4.398711E-1
-7.480000E-2	3.805180E-3	1.688010E-4	-4.392550E-1
-7.470000E-2	3.819480E-3	1.783380E-4	-4.386612E-1
-7.460000E-2	3.839510E-3	1.783380E-4	-4.373624E-1
-7.450000E-2	3.837600E-3	1.726160E-4	-4.366502E-1
-7.440000E-2	3.823300E-3	1.773840E-4	-4.362904E-1
-7.430000E-2	3.824250E-3	1.878750E-4	-4.353256E-1
-7.420000E-2	3.820430E-3	1.831060E-4	-4.347548E-1
-7.410000E-2	3.817570E-3	1.878750E-4	-4.342877E-1
-7.400000E-2	3.829020E-3	1.783380E-4	-4.336199E-1
-7.390000E-2	3.827110E-3	1.659400E-4	-4.330232E-1
-7.380000E-2	3.824250E-3	1.726160E-4	-4.326559E-1
-7.370000E-2	3.832830E-3	1.668940E-4	-4.316061E-1
-7.360000E-2	3.832830E-3	1.564040E-4	-4.310483E-1
