8.780755E-2
8.822548E-2
8.906213E-2
8.914667E-2
8.958009E-2
8.953366E-2
8.996011E-2
9.000562E-2
9.029829E-2
9.018555E-2
9.047777E-2
9.021602E-2
9.064757E-2
9.066405E-2
9.071361E-2
9.050222E-2
9.068208E-2
9.085560E-2
9.071553E-2
9.071158E-2
9.062119E-2
9.065139E-2
9.079977E-2
9.077981E-2
9.088382E-2
9.079463E-2
9.104730E-2
9.100073E-2
9.084771E-2
9.116086E-2
9.101581E-2
9.123998E-2
9.115175E-2
9.107221E-2
9.133558E-2
9.156447E-2
9.136162E-2
9.147292E-2
9.151208E-2
9.179928E-2
9.189538E-2
9.172622E-2
9.180289E-2
9.206668E-2
9.210287E-2
