-2.000000E-1	4.594830E-3	2.193460E-4	-1.666900E+0
-1.995000E-1	4.589110E-3	2.231610E-4	-1.666252E+0
-1.990000E-1	4.575760E-3	2.365120E-4	-1.662377E+0
-1.985000E-1	4.571940E-3	2.346050E-4	-1.657901E+0
-1.980000E-1	4.577670E-3	2.384200E-4	-1.653601E+0
-1.975000E-1	4.575760E-3	2.288830E-4	-1.649854E+0
-1.970000E-1	4.587200E-3	2.231610E-4	-1.644915E+0
-1.965000E-1	4.589110E-3	2.193460E-4	-1.641105E+0
-1.960000E-1	4.594830E-3	2.098090E-4	-1.636675E+0
-1.955000E-1	4.602460E-3	2.155310E-4	-1.632569E+0
-1.950000E-1	4.604370E-3	2.117170E-4	-1.628536E+0
-1.945000E-1	4.619630E-3	2.136240E-4	-1.624143E+0
-1.940000E-1	4.619630E-3	2.250680E-4	-1.620139E+0
-1.935000E-1	4.613910E-3	2.212530E-4	-1.615949E+0
-1.930000E-1	4.617720E-3	2.193460E-4	-1.611389E+0
-1.925000E-1	4.606280E-3	2.193460E-4	-1.607606E+0
-1.920000E-1	4.606280E-3	2.079020E-4	-1.603047E+0
-1.915000E-1	4.612000E-3	2.098090E-4	-1.598848E+0
-1.910000E-1	4.615810E-3	2.059950E-4	-1.594778E+0
-1.905000E-1	4.625350E-3	2.079020E-4	-1.590477E+0
-1.900000E-1	4.627260E-3	2.021800E-4	-1.586390E+0
-1.895000E-1	4.634890E-3	2.040870E-4	-1.581886E+0
-1.890000E-1	4.631070E-3	2.155310E-4	-1.578242E+0
-1.885000E-1	4.632980E-3	2.212530E-4	-1.573710E+0
-1.880000E-1	4.631070E-3	2.307900E-4	-1.569668E+0
-1.875000E-1	4.623440E-3	2.250680E-4	-1.565645E+0
-1.870000E-1	4.632980E-3	2.231610E-4	-1.560974E+0
-1.865000E-1	4.627260E-3	2.231610E-4	-1.557025E+0
-1.860000E-1	4.627260E-3	2.231610E-4	-1.552511E+0
-1.855000E-1	4.617720E-3	2.250680E-4	-1.548617E+0
-1.850000E-1	4.610090E-3	2.193460E-4	-1.544215E+0
-1.845000E-1	4.606280E-3	2.231610E-4	-1.540127E+0
-1.840000E-1	4.604370E-3	2.193460E-4	-1.536077E+0
-1.835000E-1	4.612000E-3	2.155310E-4	-1.531702E+0
-1.830000E-1	4.612000E-3	2.098090E-4	-1.527799E+0
-1.825000E-1	4.619630E-3	2.098090E-4	-1.523378E+0
-1.820000E-1	4.612000E-3	2.117170E-4	-1.519143E+0
-1.815000E-1	4.610090E-3	2.040870E-4	-1.514703E+0
-1.810000E-1	4.612000E-3	2.079020E-4	-1.510883E+0
-1.805000E-1	4.612000E-3	2.021800E-4	-1.506758E+0
-1.800000E-1	4.617720E-3	2.098090E-4	-1.502292E+0
-1.795000E-1	4.612000E-3	2.117170E-4	-1.498462E+0
-1.790000E-1	4.619630E-3	2.155310E-4	-1.493995E+0
-1.785000E-1	4.625350E-3	2.231610E-4	-1.490017E+0
-1.780000E-1	4.632980E-3	2.212530E-4	-1.485468E+0
-1.775000E-1	4.636790E-3	2.269750E-4	-1.480917E+0
-1.770000E-1	4.619630E-3	2.288830E-4	-1.477181E+0
-1.765000E-1	4.612000E-3	2.174390E-4	-1.472824E+0
-1.760000E-1	4.612000E-3	2.231610E-4	-1.468571E+0
-1.755000E-1	4.606280E-3	2.231610E-4	-1.464760E+0
-1.750000E-1	4.606280E-3	2.193460E-4	-1.460228E+0
-1.745000E-1	4.602460E-3	2.136240E-4	-1.456464E+0
-1.740000E-1	4.608180E-3	2.079020E-4	-1.452033E+0
-1.735000E-1	4.610090E-3	2.155310E-4	-1.448417E+0
-1.730000E-1	4.606280E-3	2.136240E-4	-1.444301E+0
-1.725000E-1	4.606280E-3	2.231610E-4	-1.439696E+0
-1.720000E-1	4.596740E-3	2.269750E-4	-1.436042E+0
-1.715000E-1	4.604370E-3	2.212530E-4	-1.431501E+0
-1.710000E-1	4.608180E-3	2.288830E-4	-1.427469E+0
-1.705000E-1	4.610090E-3	2.231610E-4	-1.423520E+0
-1.700000E-1	4.613910E-3	2.250680E-4	-1.418951E+0
-1.695000E-1	4.606280E-3	2.269750E-4	-1.415159E+0
-1.690000E-1	4.606280E-3	2.231610E-4	-1.410590E+0
-1.685000E-1	4.596740E-3	2.231610E-4	-1.407002E+0
-1.680000E-1	4.594830E-3	2.155310E-4	-1.402654E+0
-1.675000E-1	4.604370E-3	2.212530E-4	-1.398178E+0
-1.670000E-1	4.604370E-3	2.193460E-4	-1.394368E+0
-1.665000E-1	4.612000E-3	2.193460E-4	-1.389790E+0
-1.660000E-1	4.608180E-3	2.269750E-4	-1.386174E+0
-1.655000E-1	4.615810E-3	2.250680E-4	-1.381623E+0
-1.650000E-1	4.615810E-3	2.307900E-4	-1.377932E+0
-1.645000E-1	4.619630E-3	2.250680E-4	-1.373530E+0
-1.640000E-1	4.619630E-3	2.288830E-4	-1.369508E+0
-1.635000E-1	4.617720E-3	2.193460E-4	-1.365428E+0
-1.630000E-1	4.625350E-3	2.174390E-4	-1.360887E+0
-1.625000E-1	4.617720E-3	2.231610E-4	-1.356744E+0
-1.620000E-1	4.610090E-3	2.155310E-4	-1.352554E+0
-1.615000E-1	4.612000E-3	2.193460E-4	-1.348938E+0
-1.610000E-1	4.613910E-3	2.098090E-4	-1.345044E+0
-1.605000E-1	4.623440E-3	2.098090E-4	-1.340651E+0
-1.600000E-1	4.619630E-3	2.193460E-4	-1.336767E+0
-1.595000E-1	4.625350E-3	2.155310E-4	-1.332512E+0
-1.590000E-1	4.632980E-3	2.231610E-4	-1.328341E+0
-1.585000E-1	4.631070E-3	2.212530E-4	-1.324226E+0
-1.580000E-1	4.640610E-3	2.212530E-4	-1.319610E+0
-1.575000E-1	4.636790E-3	2.231610E-4	-1.315855E+0
-1.570000E-1	4.636790E-3	2.155310E-4	-1.311268E+0
-1.565000E-1	4.636790E-3	2.250680E-4	-1.307244E+0
-1.560000E-1	4.629160E-3	2.269750E-4	-1.303406E+0
-1.555000E-1	4.632980E-3	2.288830E-4	-1.298931E+0
-1.550000E-1	4.629160E-3	2.288830E-4	-1.295101E+0
-1.545000E-1	4.638700E-3	2.174390E-4	-1.290828E+0
-1.540000E-1	4.650150E-3	2.212530E-4	-1.286666E+0
-1.535000E-1	4.652050E-3	2.155310E-4	-1.282588E+0
-1.530000E-1	4.661590E-3	2.231610E-4	-1.277843E+0
-1.525000E-1	4.655870E-3	2.307900E-4	-1.273967E+0
-1.520000E-1	4.657780E-3	2.193460E-4	-1.269936E+0
-1.515000E-1	4.673030E-3	2.212530E-4	-1.265386E+0
-1.510000E-1	4.665400E-3	2.307900E-4	-1.261611E+0
-1.505000E-1	4.655870E-3	2.269750E-4	-1.257404E+0
-1.500000E-1	4.659680E-3	2.326970E-4	-1.252881E+0
-1.495000E-1	4.655870E-3	2.307900E-4	-1.248959E+0
-1.490000E-1	4.663500E-3	2.250680E-4	-1.244677E+0
-1.485000E-1	4.667310E-3	2.288830E-4	-1.240802E+0
-1.480000E-1	4.673030E-3	2.231610E-4	-1.236335E+0
-1.475000E-1	4.678760E-3	2.288830E-4	-1.231979E+0
-1.470000E-1	4.671130E-3	2.326970E-4	-1.228066E+0
-1.465000E-1	4.676850E-3	2.288830E-4	-1.223655E+0
-1.460000E-1	4.682570E-3	2.346050E-4	-1.219780E+0
-1.455000E-1	4.684480E-3	2.250680E-4	-1.215729E+0
-1.450000E-1	4.686390E-3	2.288830E-4	-1.211132E+0
-1.445000E-1	4.676850E-3	2.307900E-4	-1.207386E+0
-1.440000E-1	4.682570E-3	2.250680E-4	-1.202817E+0
-1.435000E-1	4.684480E-3	2.307900E-4	-1.198821E+0
-1.430000E-1	4.686390E-3	2.231610E-4	-1.194198E+0
-1.425000E-1	4.686390E-3	2.307900E-4	-1.190046E+0
-1.420000E-1	4.682570E-3	2.288830E-4	-1.186234E+0
-1.415000E-1	4.690200E-3	2.250680E-4	-1.181712E+0
-1.410000E-1	4.686390E-3	2.307900E-4	-1.177744E+0
-1.405000E-1	4.686390E-3	2.231610E-4	-1.173397E+0
-1.400000E-1	4.688290E-3	2.250680E-4	-1.169290E+0
-1.395000E-1	4.688290E-3	2.193460E-4	-1.165046E+0
-1.390000E-1	4.690200E-3	2.231610E-4	-1.160597E+0
-1.385000E-1	4.684480E-3	2.231610E-4	-1.156528E+0
-1.380000E-1	4.694010E-3	2.193460E-4	-1.151949E+0
-1.375000E-1	4.695920E-3	2.250680E-4	-1.147945E+0
-1.370000E-1	4.694010E-3	2.193460E-4	-1.143570E+0
-1.365000E-1	4.699740E-3	2.212530E-4	-1.139297E+0
-1.360000E-1	4.694010E-3	2.155310E-4	-1.135357E+0
-1.355000E-1	4.695920E-3	2.136240E-4	-1.130945E+0
-1.350000E-1	4.686390E-3	2.098090E-4	-1.126996E+0
-1.345000E-1	4.686390E-3	2.040870E-4	-1.122594E+0
-1.340000E-1	4.684480E-3	2.098090E-4	-1.118635E+0
-1.335000E-1	4.686390E-3	2.098090E-4	-1.113900E+0
-1.330000E-1	4.690200E-3	2.231610E-4	-1.109673E+0
-1.325000E-1	4.686390E-3	2.346050E-4	-1.105790E+0
-1.320000E-1	4.695920E-3	2.384200E-4	-1.101136E+0
-1.315000E-1	4.695920E-3	2.441420E-4	-1.097068E+0
-1.310000E-1	4.694010E-3	2.346050E-4	-1.093053E+0
-1.305000E-1	4.699740E-3	2.326970E-4	-1.088522E+0
-1.300000E-1	4.697830E-3	2.307900E-4	-1.084729E+0
-1.295000E-1	4.701640E-3	2.288830E-4	-1.080114E+0
-1.290000E-1	4.699740E-3	2.307900E-4	-1.076304E+0
-1.285000E-1	4.701640E-3	2.193460E-4	-1.071587E+0
-1.280000E-1	4.711180E-3	2.212530E-4	-1.067120E+0
-1.275000E-1	4.707370E-3	2.136240E-4	-1.063384E+0
-1.270000E-1	4.707370E-3	2.059950E-4	-1.058556E+0
-1.265000E-1	4.699740E-3	2.040870E-4	-1.054829E+0
-1.260000E-1	4.705460E-3	1.983650E-4	-1.050241E+0
-1.255000E-1	4.713090E-3	2.136240E-4	-1.045923E+0
-1.250000E-1	4.707370E-3	2.193460E-4	-1.042130E+0
-1.245000E-1	4.715000E-3	2.250680E-4	-1.037506E+0
-1.240000E-1	4.716900E-3	2.422340E-4	-1.033251E+0
-1.235000E-1	4.718810E-3	2.441420E-4	-1.028488E+0
-1.230000E-1	4.715000E-3	2.517720E-4	-1.024188E+0
-1.225000E-1	4.701640E-3	2.479570E-4	-1.020405E+0
-1.220000E-1	4.707370E-3	2.346050E-4	-1.015937E+0
-1.215000E-1	4.713090E-3	2.326970E-4	-1.012053E+0
-1.210000E-1	4.716900E-3	2.231610E-4	-1.007660E+0
-1.205000E-1	4.724530E-3	2.250680E-4	-1.003294E+0
-1.200000E-1	4.720720E-3	2.250680E-4	-9.992448E-1
-1.195000E-1	4.726440E-3	2.346050E-4	-9.947206E-1
-1.190000E-1	4.715000E-3	2.346050E-4	-9.909771E-1
-1.185000E-1	4.718810E-3	2.193460E-4	-9.863695E-1
-1.180000E-1	4.726440E-3	2.231610E-4	-9.819110E-1
-1.175000E-1	4.715000E-3	2.269750E-4	-9.780223E-1
-1.170000E-1	4.718810E-3	2.231610E-4	-9.734102E-1
-1.165000E-1	4.716900E-3	2.307900E-4	-9.692865E-1
-1.160000E-1	4.718810E-3	2.212530E-4	-9.651757E-1
-1.155000E-1	4.728350E-3	2.212530E-4	-9.605071E-1
-1.150000E-1	4.720720E-3	2.231610E-4	-9.566461E-1
-1.145000E-1	4.726440E-3	2.059950E-4	-9.523633E-1
-1.140000E-1	4.745510E-3	2.040870E-4	-9.475551E-1
-1.135000E-1	4.741700E-3	2.155310E-4	-9.435470E-1
-1.130000E-1	4.739790E-3	2.117170E-4	-9.393596E-1
-1.125000E-1	4.751240E-3	2.174390E-4	-9.347871E-1
-1.120000E-1	4.743610E-3	2.269750E-4	-9.309863E-1
-1.115000E-1	4.743610E-3	2.288830E-4	-9.264102E-1
-1.110000E-1	4.739790E-3	2.346050E-4	-9.225501E-1
-1.105000E-1	4.747420E-3	2.231610E-4	-9.182748E-1
-1.100000E-1	4.764590E-3	2.269750E-4	-9.142204E-1
-1.095000E-1	4.758860E-3	2.326970E-4	-9.104409E-1
-1.090000E-1	4.766490E-3	2.326970E-4	-9.056650E-1
-1.085000E-1	4.768400E-3	2.460500E-4	-9.014211E-1
-1.080000E-1	4.753140E-3	2.441420E-4	-8.975091E-1
-1.075000E-1	4.753140E-3	2.326970E-4	-8.928166E-1
-1.070000E-1	4.749330E-3	2.307900E-4	-8.889047E-1
-1.065000E-1	4.753140E-3	2.155310E-4	-8.847449E-1
-1.060000E-1	4.766490E-3	2.117170E-4	-8.801614E-1
-1.055000E-1	4.760770E-3	2.193460E-4	-8.762598E-1
-1.050000E-1	4.764590E-3	2.155310E-4	-8.718974E-1
-1.045000E-1	4.772220E-3	2.212530E-4	-8.676414E-1
-1.040000E-1	4.768400E-3	2.174390E-4	-8.632819E-1
-1.035000E-1	4.776030E-3	2.174390E-4	-8.584985E-1
-1.030000E-1	4.766490E-3	2.231610E-4	-8.545534E-1
-1.025000E-1	4.766490E-3	2.117170E-4	-8.500384E-1
-1.020000E-1	4.772220E-3	2.136240E-4	-8.458083E-1
-1.015000E-1	4.770310E-3	2.117170E-4	-8.414580E-1
-1.010000E-1	4.768400E-3	2.231610E-4	-8.372269E-1
-1.005000E-1	4.756960E-3	2.326970E-4	-8.334362E-1
-1.000000E-1	4.758860E-3	2.269750E-4	-8.287881E-1
-9.990000E-2	4.764590E-3	2.384200E-4	-8.246616E-1
-9.980000E-2	4.766490E-3	2.460500E-4	-8.236894E-1
-9.970000E-2	4.770310E-3	2.441420E-4	-8.224545E-1
-9.960000E-2	4.774120E-3	2.403270E-4	-8.219550E-1
-9.950000E-2	4.776030E-3	2.365120E-4	-8.210550E-1
-9.940000E-2	4.777940E-3	2.365120E-4	-8.198923E-1
-9.930000E-2	4.777940E-3	2.384200E-4	-8.193992E-1
-9.920000E-2	4.777940E-3	2.365120E-4	-8.185741E-1
-9.910000E-2	4.777940E-3	2.346050E-4	-8.173697E-1
-9.900000E-2	4.777940E-3	2.346050E-4	-8.168268E-1
-9.890000E-2	4.777940E-3	2.326970E-4	-8.158222E-1
-9.880000E-2	4.779850E-3	2.307900E-4	-8.146881E-1
-9.870000E-2	4.777940E-3	2.326970E-4	-8.142599E-1
-9.860000E-2	4.777940E-3	2.346050E-4	-8.130287E-1
-9.850000E-2	4.777940E-3	2.365120E-4	-8.123534E-1
-9.840000E-2	4.774120E-3	2.365120E-4	-8.117345E-1
-9.830000E-2	4.776030E-3	2.365120E-4	-8.103813E-1
-9.820000E-2	4.781750E-3	2.365120E-4	-8.096468E-1
-9.810000E-2	4.783660E-3	2.365120E-4	-8.086007E-1
-9.800000E-2	4.789380E-3	2.365120E-4	-8.076349E-1
-9.790000E-2	4.789380E-3	2.384200E-4	-8.067857E-1
-9.780000E-2	4.789380E-3	2.384200E-4	-8.056341E-1
-9.770000E-2	4.789380E-3	2.365120E-4	-8.051828E-1
-9.760000E-2	4.789380E-3	2.269750E-4	-8.038720E-1
-9.750000E-2	4.789380E-3	2.231610E-4	-8.032809E-1
-9.740000E-2	4.787470E-3	2.231610E-4	-8.024400E-1
-9.730000E-2	4.787470E-3	2.231610E-4	-8.012661E-1
-9.720000E-2	4.787470E-3	2.269750E-4	-8.007981E-1
-9.710000E-2	4.785570E-3	2.269750E-4	-7.995308E-1
-9.700000E-2	4.785570E-3	2.307900E-4	-7.988537E-1
-9.690000E-2	4.785570E-3	2.307900E-4	-7.982192E-1
-9.680000E-2	4.787470E-3	2.326970E-4	-7.970787E-1
-9.670000E-2	4.787470E-3	2.365120E-4	-7.965893E-1
-9.660000E-2	4.787470E-3	2.365120E-4	-7.954340E-1
-9.650000E-2	4.789380E-3	2.365120E-4	-7.946495E-1
-9.640000E-2	4.791290E-3	2.365120E-4	-7.942704E-1
-9.630000E-2	4.791290E-3	2.346050E-4	-7.930160E-1
-9.620000E-2	4.793200E-3	2.326970E-4	-7.923436E-1
-9.610000E-2	4.791290E-3	2.326970E-4	-7.914907E-1
-9.600000E-2	4.793200E-3	2.346050E-4	-7.903714E-1
-9.590000E-2	4.795100E-3	2.365120E-4	-7.898756E-1
-9.580000E-2	4.793200E-3	2.365120E-4	-7.884548E-1
-9.570000E-2	4.793200E-3	2.365120E-4	-7.874307E-1
-9.560000E-2	4.791290E-3	2.307900E-4	-7.866676E-1
-9.550000E-2	4.795100E-3	2.212530E-4	-7.854901E-1
-9.540000E-2	4.800830E-3	2.174390E-4	-7.850562E-1
-9.530000E-2	4.800830E-3	2.193460E-4	-7.841720E-1
-9.520000E-2	4.802730E-3	2.231610E-4	-7.831073E-1
-9.510000E-2	4.795100E-3	2.326970E-4	-7.826863E-1
-9.500000E-2	4.789380E-3	2.346050E-4	-7.814431E-1
-9.490000E-2	4.791290E-3	2.346050E-4	-7.803794E-1
-9.480000E-2	4.795100E-3	2.365120E-4	-7.798456E-1
-9.470000E-2	4.797010E-3	2.365120E-4	-7.785876E-1
-9.460000E-2	4.800830E-3	2.403270E-4	-7.778467E-1
-9.450000E-2	4.798920E-3	2.403270E-4	-7.773241E-1
-9.440000E-2	4.798920E-3	2.365120E-4	-7.760004E-1
-9.430000E-2	4.797010E-3	2.365120E-4	-7.754454E-1
-9.420000E-2	4.797010E-3	2.346050E-4	-7.748182E-1
-9.410000E-2	4.798920E-3	2.326970E-4	-7.735795E-1
-9.400000E-2	4.795100E-3	2.307900E-4	-7.731180E-1
-9.390000E-2	4.795100E-3	2.231610E-4	-7.721912E-1
-9.380000E-2	4.800830E-3	2.231610E-4	-7.711524E-1
-9.370000E-2	4.804640E-3	2.269750E-4	-7.706687E-1
-9.360000E-2	4.804640E-3	2.307900E-4	-7.695697E-1
-9.350000E-2	4.806550E-3	2.326970E-4	-7.688232E-1
-9.340000E-2	4.806550E-3	2.326970E-4	-7.680120E-1
-9.330000E-2	4.804640E-3	2.288830E-4	-7.671526E-1
-9.320000E-2	4.800830E-3	2.307900E-4	-7.663081E-1
-9.310000E-2	4.797010E-3	2.326970E-4	-7.652601E-1
-9.300000E-2	4.793200E-3	2.326970E-4	-7.646755E-1
-9.290000E-2	4.791290E-3	2.326970E-4	-7.632537E-1
-9.280000E-2	4.798920E-3	2.326970E-4	-7.624295E-1
-9.270000E-2	4.802730E-3	2.326970E-4	-7.617635E-1
-9.260000E-2	4.804640E-3	2.346050E-4	-7.605573E-1
-9.250000E-2	4.806550E-3	2.365120E-4	-7.601420E-1
-9.240000E-2	4.804640E-3	2.307900E-4	-7.591485E-1
-9.230000E-2	4.802730E-3	2.250680E-4	-7.580033E-1
-9.220000E-2	4.798920E-3	2.231610E-4	-7.576380E-1
-9.210000E-2	4.795100E-3	2.231610E-4	-7.564743E-1
-9.200000E-2	4.797010E-3	2.231610E-4	-7.555252E-1
-9.190000E-2	4.800830E-3	2.307900E-4	-7.550174E-1
-9.180000E-2	4.804640E-3	2.346050E-4	-7.536651E-1
-9.170000E-2	4.810360E-3	2.365120E-4	-7.532627E-1
-9.160000E-2	4.812270E-3	2.326970E-4	-7.520074E-1
-9.150000E-2	4.812270E-3	2.307900E-4	-7.513294E-1
-9.140000E-2	4.808460E-3	2.307900E-4	-7.504941E-1
-9.130000E-2	4.808460E-3	2.288830E-4	-7.494100E-1
-9.120000E-2	4.808460E-3	2.269750E-4	-7.488171E-1
-9.110000E-2	4.810360E-3	2.250680E-4	-7.476098E-1
-9.100000E-2	4.810360E-3	2.288830E-4	-7.471603E-1
-9.090000E-2	4.808460E-3	2.269750E-4	-7.459042E-1
-9.080000E-2	4.806550E-3	2.250680E-4	-7.453362E-1
-9.070000E-2	4.804640E-3	2.231610E-4	-7.443335E-1
-9.060000E-2	4.804640E-3	2.231610E-4	-7.434936E-1
-9.050000E-2	4.804640E-3	2.231610E-4	-7.429672E-1
-9.040000E-2	4.806550E-3	2.231610E-4	-7.416676E-1
-9.030000E-2	4.808460E-3	2.250680E-4	-7.411061E-1
-9.020000E-2	4.808460E-3	2.250680E-4	-7.401969E-1
-9.010000E-2	4.808460E-3	2.307900E-4	-7.389989E-1
-9.000000E-2	4.804640E-3	2.346050E-4	-7.382987E-1
-8.990000E-2	4.804640E-3	2.326970E-4	-7.370426E-1
-8.980000E-2	4.808460E-3	2.307900E-4	-7.366189E-1
-8.970000E-2	4.812270E-3	2.288830E-4	-7.354636E-1
-8.960000E-2	4.816090E-3	2.288830E-4	-7.348216E-1
-8.950000E-2	4.817990E-3	2.288830E-4	-7.338290E-1
-8.940000E-2	4.817990E-3	2.269750E-4	-7.329652E-1
-8.930000E-2	4.819900E-3	2.269750E-4	-7.322936E-1
-8.920000E-2	4.821810E-3	2.269750E-4	-7.310863E-1
-8.910000E-2	4.823710E-3	2.307900E-4	-7.306294E-1
-8.900000E-2	4.823710E-3	2.307900E-4	-7.295351E-1
-8.890000E-2	4.821810E-3	2.288830E-4	-7.289367E-1
-8.880000E-2	4.819900E-3	2.288830E-4	-7.278220E-1
-8.870000E-2	4.817990E-3	2.288830E-4	-7.270181E-1
-8.860000E-2	4.819900E-3	2.307900E-4	-7.267555E-1
-8.850000E-2	4.825620E-3	2.288830E-4	-7.256389E-1
-8.840000E-2	4.827530E-3	2.288830E-4	-7.252070E-1
-8.830000E-2	4.831340E-3	2.250680E-4	-7.238880E-1
-8.820000E-2	4.835160E-3	2.269750E-4	-7.232673E-1
-8.810000E-2	4.835160E-3	2.288830E-4	-7.223403E-1
-8.800000E-2	4.833250E-3	2.269750E-4	-7.214144E-1
-8.790000E-2	4.831340E-3	2.269750E-4	-7.205468E-1
-8.780000E-2	4.835160E-3	2.269750E-4	-7.193803E-1
-8.770000E-2	4.835160E-3	2.269750E-4	-7.189271E-1
-8.760000E-2	4.831340E-3	2.269750E-4	-7.177439E-1
-8.750000E-2	4.831340E-3	2.269750E-4	-7.169494E-1
-8.740000E-2	4.831340E-3	2.288830E-4	-7.161428E-1
-8.730000E-2	4.831340E-3	2.326970E-4	-7.150883E-1
-8.720000E-2	4.831340E-3	2.365120E-4	-7.146286E-1
-8.710000E-2	4.829440E-3	2.326970E-4	-7.134122E-1
-8.700000E-2	4.827530E-3	2.326970E-4	-7.128294E-1
-8.690000E-2	4.827530E-3	2.307900E-4	-7.119516E-1
-8.680000E-2	4.831340E-3	2.288830E-4	-7.107629E-1
-8.670000E-2	4.833250E-3	2.326970E-4	-7.103467E-1
-8.660000E-2	4.831340E-3	2.307900E-4	-7.092645E-1
-8.650000E-2	4.831340E-3	2.307900E-4	-7.083894E-1
-8.640000E-2	4.831340E-3	2.288830E-4	-7.076420E-1
-8.630000E-2	4.837070E-3	2.269750E-4	-7.064773E-1
-8.620000E-2	4.840880E-3	2.288830E-4	-7.060185E-1
-8.610000E-2	4.842790E-3	2.288830E-4	-7.047263E-1
-8.600000E-2	4.844700E-3	2.288830E-4	-7.040104E-1
-8.590000E-2	4.844700E-3	2.288830E-4	-7.031436E-1
-8.580000E-2	4.842790E-3	2.269750E-4	-7.020557E-1
-8.570000E-2	4.840880E-3	2.288830E-4	-7.016701E-1
-8.560000E-2	4.838970E-3	2.269750E-4	-7.004704E-1
-8.550000E-2	4.842790E-3	2.269750E-4	-6.995906E-1
-8.540000E-2	4.842790E-3	2.288830E-4	-6.990393E-1
-8.530000E-2	4.844700E-3	2.288830E-4	-6.977526E-1
-8.520000E-2	4.840880E-3	2.326970E-4	-6.969238E-1
-8.510000E-2	4.838970E-3	2.346050E-4	-6.958952E-1
-8.500000E-2	4.842790E-3	2.346050E-4	-6.949286E-1
-8.490000E-2	4.842790E-3	2.346050E-4	-6.943088E-1
-8.480000E-2	4.844700E-3	2.307900E-4	-6.931192E-1
-8.470000E-2	4.844700E-3	2.288830E-4	-6.927085E-1
-8.460000E-2	4.844700E-3	2.250680E-4	-6.914478E-1
-8.450000E-2	4.844700E-3	2.250680E-4	-6.907596E-1
-8.440000E-2	4.838970E-3	2.231610E-4	-6.899927E-1
-8.430000E-2	4.838970E-3	2.212530E-4	-6.889428E-1
-8.420000E-2	4.840880E-3	2.231610E-4	-6.884174E-1
-8.410000E-2	4.844700E-3	2.212530E-4	-6.872288E-1
-8.400000E-2	4.848510E-3	2.212530E-4	-6.866839E-1
-8.390000E-2	4.850420E-3	2.193460E-4	-6.855730E-1
-8.380000E-2	4.854230E-3	2.193460E-4	-6.848062E-1
-8.370000E-2	4.854230E-3	2.193460E-4	-6.839367E-1
-8.360000E-2	4.848510E-3	2.212530E-4	-6.830153E-1
-8.350000E-2	4.844700E-3	2.250680E-4	-6.821616E-1
-8.340000E-2	4.844700E-3	2.326970E-4	-6.810432E-1
-8.330000E-2	4.844700E-3	2.365120E-4	-6.806454E-1
-8.320000E-2	4.844700E-3	2.384200E-4	-6.790915E-1
-8.310000E-2	4.844700E-3	2.403270E-4	-6.783366E-1
-8.300000E-2	4.844700E-3	2.403270E-4	-6.773404E-1
-8.290000E-2	4.844700E-3	2.403270E-4	-6.766013E-1
-8.280000E-2	4.846600E-3	2.384200E-4	-6.759584E-1
-8.270000E-2	4.848510E-3	2.365120E-4	-6.749788E-1
-8.260000E-2	4.846600E-3	2.346050E-4	-6.744182E-1
-8.250000E-2	4.846600E-3	2.346050E-4	-6.733720E-1
-8.240000E-2	4.850420E-3	2.365120E-4	-6.724433E-1
-8.230000E-2	4.850420E-3	2.365120E-4	-6.718273E-1
-8.220000E-2	4.852320E-3	2.365120E-4	-6.707238E-1
-8.210000E-2	4.848510E-3	2.365120E-4	-6.701632E-1
-8.200000E-2	4.850420E-3	2.365120E-4	-6.688978E-1
-8.190000E-2	4.854230E-3	2.365120E-4	-6.682614E-1
-8.180000E-2	4.854230E-3	2.346050E-4	-6.673882E-1
-8.170000E-2	4.854230E-3	2.326970E-4	-6.662827E-1
-8.160000E-2	4.852320E-3	2.346050E-4	-6.659229E-1
-8.150000E-2	4.854230E-3	2.326970E-4	-6.647084E-1
-8.140000E-2	4.858050E-3	2.346050E-4	-6.638676E-1
-8.130000E-2	4.858050E-3	2.384200E-4	-6.631886E-1
-8.120000E-2	4.861860E-3	2.403270E-4	-6.619389E-1
-8.110000E-2	4.863770E-3	2.460500E-4	-6.614542E-1
-8.100000E-2	4.863770E-3	2.441420E-4	-6.604108E-1
-8.090000E-2	4.861860E-3	2.422340E-4	-6.594164E-1
-8.080000E-2	4.861860E-3	2.365120E-4	-6.588050E-1
-8.070000E-2	4.867580E-3	2.326970E-4	-6.574249E-1
-8.060000E-2	4.871400E-3	2.326970E-4	-6.566691E-1
-8.050000E-2	4.869490E-3	2.326970E-4	-6.558736E-1
-8.040000E-2	4.867580E-3	2.307900E-4	-6.547034E-1
-8.030000E-2	4.861860E-3	2.326970E-4	-6.539209E-1
-8.020000E-2	4.858050E-3	2.326970E-4	-6.529025E-1
-8.010000E-2	4.861860E-3	2.365120E-4	-6.519294E-1
-8.000000E-2	4.863770E-3	2.365120E-4	-6.513392E-1
-7.990000E-2	4.867580E-3	2.365120E-4	-6.501099E-1
-7.980000E-2	4.867580E-3	2.326970E-4	-6.497195E-1
-7.970000E-2	4.867580E-3	2.269750E-4	-6.488980E-1
-7.960000E-2	4.871400E-3	2.269750E-4	-6.476743E-1
-7.950000E-2	4.871400E-3	2.326970E-4	-6.470952E-1
-7.940000E-2	4.867580E-3	2.326970E-4	-6.461767E-1
-7.930000E-2	4.869490E-3	2.346050E-4	-6.454977E-1
-7.920000E-2	4.871400E-3	2.346050E-4	-6.450186E-1
-7.910000E-2	4.873310E-3	2.307900E-4	-6.441305E-1
-7.900000E-2	4.877120E-3	2.288830E-4	-6.433175E-1
-7.890000E-2	4.873310E-3	2.288830E-4	-6.425645E-1
-7.880000E-2	4.871400E-3	2.288830E-4	-6.414748E-1
-7.870000E-2	4.871400E-3	2.288830E-4	-6.409994E-1
-7.860000E-2	4.871400E-3	2.288830E-4	-6.398173E-1
-7.850000E-2	4.871400E-3	2.288830E-4	-6.388793E-1
-7.840000E-2	4.869490E-3	2.288830E-4	-6.381013E-1
-7.830000E-2	4.871400E-3	2.269750E-4	-6.374030E-1
-7.820000E-2	4.871400E-3	2.288830E-4	-6.365316E-1
-7.810000E-2	4.875210E-3	2.326970E-4	-6.354428E-1
-7.800000E-2	4.873310E-3	2.403270E-4	-6.349970E-1
-7.790000E-2	4.875210E-3	2.441420E-4	-6.337991E-1
-7.780000E-2	4.877120E-3	2.441420E-4	-6.329481E-1
-7.770000E-2	4.875210E-3	2.441420E-4	-6.323968E-1
-7.760000E-2	4.875210E-3	2.422340E-4	-6.311517E-1
-7.750000E-2	4.880930E-3	2.403270E-4	-6.306782E-1
-7.740000E-2	4.882840E-3	2.365120E-4	-6.294173E-1
-7.730000E-2	4.884750E-3	2.346050E-4	-6.288558E-1
-7.720000E-2	4.884750E-3	2.346050E-4	-6.276506E-1
-7.710000E-2	4.890470E-3	2.365120E-4	-6.269244E-1
-7.700000E-2	4.888560E-3	2.346050E-4	-6.263139E-1
-7.690000E-2	4.886660E-3	2.346050E-4	-6.249976E-1
-7.680000E-2	4.886660E-3	2.365120E-4	-6.244490E-1
-7.670000E-2	4.882840E-3	2.384200E-4	-6.236249E-1
-7.660000E-2	4.882840E-3	2.384200E-4	-6.224427E-1
-7.650000E-2	4.886660E-3	2.365120E-4	-6.220986E-1
-7.640000E-2	4.892380E-3	2.346050E-4	-6.208461E-1
-7.630000E-2	4.898100E-3	2.307900E-4	-6.203475E-1
-7.620000E-2	4.898100E-3	2.269750E-4	-6.190840E-1
-7.610000E-2	4.896190E-3	2.307900E-4	-6.183033E-1
-7.600000E-2	4.888560E-3	2.326970E-4	-6.176475E-1
-7.590000E-2	4.892380E-3	2.288830E-4	-6.162081E-1
-7.580000E-2	4.898100E-3	2.365120E-4	-6.159112E-1
-7.570000E-2	4.898100E-3	2.384200E-4	-6.152933E-1
-7.560000E-2	4.898100E-3	2.403270E-4	-6.140907E-1
-7.550000E-2	4.898100E-3	2.403270E-4	-6.136255E-1
-7.540000E-2	4.900010E-3	2.365120E-4	-6.121557E-1
-7.530000E-2	4.903820E-3	2.326970E-4	-6.110789E-1
-7.520000E-2	4.903820E-3	2.346050E-4	-6.105692E-1
-7.510000E-2	4.905730E-3	2.326970E-4	-6.091845E-1
-7.500000E-2	4.907640E-3	2.365120E-4	-6.085906E-1
-7.490000E-2	4.903820E-3	2.365120E-4	-6.076989E-1
-7.480000E-2	4.907640E-3	2.365120E-4	-6.065658E-1
-7.470000E-2	4.909550E-3	2.365120E-4	-6.060811E-1
-7.460000E-2	4.909550E-3	2.346050E-4	-6.047639E-1
-7.450000E-2	4.907640E-3	2.307900E-4	-6.043449E-1
-7.440000E-2	4.905730E-3	2.288830E-4	-6.032876E-1
-7.430000E-2	4.905730E-3	2.288830E-4	-6.024522E-1
-7.420000E-2	4.903820E-3	2.326970E-4	-6.018075E-1
-7.410000E-2	4.907640E-3	2.365120E-4	-6.006836E-1
-7.400000E-2	4.909550E-3	2.422340E-4	-6.002027E-1
-7.390000E-2	4.911450E-3	2.403270E-4	-5.990316E-1
-7.380000E-2	4.915270E-3	2.384200E-4	-5.981954E-1
-7.370000E-2	4.913360E-3	2.403270E-4	-5.974692E-1
-7.360000E-2	4.917170E-3	2.441420E-4	-5.963703E-1
-7.350000E-2	4.915270E-3	2.479570E-4	-5.958967E-1
-7.340000E-2	4.911450E-3	2.441420E-4	-5.948774E-1
-7.330000E-2	4.911450E-3	2.403270E-4	-5.938441E-1
-7.320000E-2	4.911450E-3	2.422340E-4	-5.932447E-1
-7.310000E-2	4.909550E-3	2.460500E-4	-5.920024E-1
-7.300000E-2	4.907640E-3	2.498650E-4	-5.913771E-1
-7.290000E-2	4.907640E-3	2.517720E-4	-5.903771E-1
-7.280000E-2	4.911450E-3	2.536790E-4	-5.893846E-1
-7.270000E-2	4.911450E-3	2.517720E-4	-5.887214E-1
-7.260000E-2	4.913360E-3	2.498650E-4	-5.875327E-1
-7.250000E-2	4.915270E-3	2.460500E-4	-5.866743E-1
-7.240000E-2	4.915270E-3	2.403270E-4	-5.853876E-1
-7.230000E-2	4.915270E-3	2.384200E-4	-5.847355E-1
-7.220000E-2	4.915270E-3	2.422340E-4	-5.837494E-1
-7.210000E-2	4.920990E-3	2.403270E-4	-5.825405E-1
-7.200000E-2	4.924800E-3	2.403270E-4	-5.820011E-1
-7.190000E-2	4.928620E-3	2.403270E-4	-5.810669E-1
-7.180000E-2	4.934340E-3	2.422340E-4	-5.807497E-1
-7.170000E-2	4.938160E-3	2.384200E-4	-5.796239E-1
-7.160000E-2	4.938160E-3	2.365120E-4	-5.785851E-1
-7.150000E-2	4.934340E-3	2.307900E-4	-5.779107E-1
-7.140000E-2	4.934340E-3	2.231610E-4	-5.766444E-1
-7.130000E-2	4.934340E-3	2.212530E-4	-5.762263E-1
-7.120000E-2	4.936250E-3	2.212530E-4	-5.751006E-1
-7.110000E-2	4.938160E-3	2.231610E-4	-5.743272E-1
-7.100000E-2	4.936250E-3	2.307900E-4	-5.737084E-1
-7.090000E-2	4.934340E-3	2.346050E-4	-5.723792E-1
-7.080000E-2	4.934340E-3	2.365120E-4	-5.715605E-1
-7.070000E-2	4.930530E-3	2.346050E-4	-5.709796E-1
-7.060000E-2	4.934340E-3	2.326970E-4	-5.695810E-1
-7.050000E-2	4.936250E-3	2.346050E-4	-5.689862E-1
-7.040000E-2	4.936250E-3	2.365120E-4	-5.678059E-1
-7.030000E-2	4.938160E-3	2.403270E-4	-5.671677E-1
-7.020000E-2	4.930530E-3	2.403270E-4	-5.664970E-1
-7.010000E-2	4.926710E-3	2.384200E-4	-5.652048E-1
-7.000000E-2	4.924800E-3	2.384200E-4	-5.645017E-1
-6.990000E-2	4.922900E-3	2.365120E-4	-5.636877E-1
-6.980000E-2	4.926710E-3	2.326970E-4	-5.624048E-1
-6.970000E-2	4.932430E-3	2.346050E-4	-5.619682E-1
-6.960000E-2	4.936250E-3	2.346050E-4	-5.609442E-1
-6.950000E-2	4.938160E-3	2.365120E-4	-5.599229E-1
-6.940000E-2	4.940060E-3	2.384200E-4	-5.593106E-1
-6.930000E-2	4.941970E-3	2.403270E-4	-5.580277E-1
-6.920000E-2	4.940060E-3	2.460500E-4	-5.575743E-1
-6.910000E-2	4.938160E-3	2.460500E-4	-5.564431E-1
-6.900000E-2	4.941970E-3	2.441420E-4	-5.555384E-1
-6.890000E-2	4.943880E-3	2.403270E-4	-5.549538E-1
-6.880000E-2	4.947690E-3	2.365120E-4	-5.541527E-1
-6.870000E-2	4.949600E-3	2.346050E-4	-5.536495E-1
-6.860000E-2	4.947690E-3	2.346050E-4	-5.524285E-1
-6.850000E-2	4.949600E-3	2.365120E-4	-5.517671E-1
-6.840000E-2	4.949600E-3	2.365120E-4	-5.508366E-1
-6.830000E-2	4.949600E-3	2.365120E-4	-5.497311E-1
-6.820000E-2	4.949600E-3	2.365120E-4	-5.489061E-1
-6.810000E-2	4.949600E-3	2.365120E-4	-5.480393E-1
-6.800000E-2	4.953410E-3	2.346050E-4	-5.473225E-1
-6.790000E-2	4.951510E-3	2.346050E-4	-5.465186E-1
-6.780000E-2	4.953410E-3	2.365120E-4	-5.451561E-1
-6.770000E-2	4.953410E-3	2.384200E-4	-5.444003E-1
-6.760000E-2	4.953410E-3	2.384200E-4	-5.434558E-1
-6.750000E-2	4.957230E-3	2.365120E-4	-5.422830E-1
-6.740000E-2	4.959140E-3	2.365120E-4	-5.417945E-1
-6.730000E-2	4.961040E-3	2.346050E-4	-5.405976E-1
-6.720000E-2	4.962950E-3	2.346050E-4	-5.396503E-1
-6.710000E-2	4.962950E-3	2.326970E-4	-5.390547E-1
-6.700000E-2	4.962950E-3	2.269750E-4	-5.378133E-1
-6.690000E-2	4.962950E-3	2.250680E-4	-5.372702E-1
-6.680000E-2	4.962950E-3	2.250680E-4	-5.362574E-1
-6.670000E-2	4.964860E-3	2.269750E-4	-5.350484E-1
-6.660000E-2	4.966770E-3	2.365120E-4	-5.345943E-1
-6.650000E-2	4.964860E-3	2.365120E-4	-5.337072E-1
-6.640000E-2	4.966770E-3	2.365120E-4	-5.326498E-1
-6.630000E-2	4.966770E-3	2.346050E-4	-5.318349E-1
-6.620000E-2	4.968670E-3	2.326970E-4	-5.300765E-1
-6.610000E-2	4.970580E-3	2.365120E-4	-5.294392E-1
-6.600000E-2	4.970580E-3	2.365120E-4	-5.286362E-1
-6.590000E-2	4.974400E-3	2.422340E-4	-5.273736E-1
-6.580000E-2	4.978210E-3	2.479570E-4	-5.269546E-1
-6.570000E-2	4.982020E-3	2.441420E-4	-5.254699E-1
-6.560000E-2	4.982020E-3	2.422340E-4	-5.247475E-1
-6.550000E-2	4.980120E-3	2.422340E-4	-5.242507E-1
-6.540000E-2	4.978210E-3	2.365120E-4	-5.230233E-1
-6.530000E-2	4.980120E-3	2.365120E-4	-5.222444E-1
-6.520000E-2	4.978210E-3	2.346050E-4	-5.214563E-1
-6.510000E-2	4.980120E-3	2.346050E-4	-5.202445E-1
-6.500000E-2	4.982020E-3	2.346050E-4	-5.197441E-1
-6.490000E-2	4.983930E-3	2.346050E-4	-5.184898E-1
-6.480000E-2	4.985840E-3	2.365120E-4	-5.178571E-1
-6.470000E-2	4.985840E-3	2.365120E-4	-5.168849E-1
-6.460000E-2	4.989650E-3	2.422340E-4	-5.157832E-1
-6.450000E-2	4.989650E-3	2.441420E-4	-5.153633E-1
-6.440000E-2	4.993470E-3	2.422340E-4	-5.141098E-1
-6.430000E-2	5.001100E-3	2.460500E-4	-5.134864E-1
-6.420000E-2	5.003010E-3	2.498650E-4	-5.125419E-1
-6.410000E-2	5.004910E-3	2.479570E-4	-5.115846E-1
-6.400000E-2	5.003010E-3	2.460500E-4	-5.110360E-1
-6.390000E-2	5.001100E-3	2.422340E-4	-5.098048E-1
-6.380000E-2	5.001100E-3	2.422340E-4	-5.088307E-1
-6.370000E-2	5.001100E-3	2.403270E-4	-5.082739E-1
-6.360000E-2	5.003010E-3	2.384200E-4	-5.070492E-1
-6.350000E-2	5.006820E-3	2.384200E-4	-5.065182E-1
-6.340000E-2	5.006820E-3	2.384200E-4	-5.054212E-1
-6.330000E-2	5.006820E-3	2.365120E-4	-5.045452E-1
-6.320000E-2	5.003010E-3	2.365120E-4	-5.038403E-1
-6.310000E-2	5.004910E-3	2.346050E-4	-5.025148E-1
-6.300000E-2	5.006820E-3	2.346050E-4	-5.021384E-1
-6.290000E-2	5.012540E-3	2.365120E-4	-5.009654E-1
-6.280000E-2	5.018260E-3	2.403270E-4	-5.000135E-1
-6.270000E-2	5.022080E-3	2.441420E-4	-4.995084E-1
-6.260000E-2	5.027800E-3	2.460500E-4	-4.982801E-1
-6.250000E-2	5.029710E-3	2.479570E-4	-4.978528E-1
-6.240000E-2	5.029710E-3	2.422340E-4	-4.967104E-1
-6.230000E-2	5.029710E-3	2.422340E-4	-4.956604E-1
-6.220000E-2	5.025890E-3	2.441420E-4	-4.950638E-1
-6.210000E-2	5.022080E-3	2.403270E-4	-4.937910E-1
-6.200000E-2	5.022080E-3	2.403270E-4	-4.931278E-1
-6.190000E-2	5.020170E-3	2.422340E-4	-4.923304E-1
-6.180000E-2	5.022080E-3	2.441420E-4	-4.910280E-1
-6.170000E-2	5.027800E-3	2.479570E-4	-4.904627E-1
-6.160000E-2	5.029710E-3	2.479570E-4	-4.898939E-1
-6.150000E-2	5.031620E-3	2.441420E-4	-4.888580E-1
-6.140000E-2	5.031620E-3	2.441420E-4	-4.882364E-1
-6.130000E-2	5.037340E-3	2.441420E-4	-4.870948E-1
-6.120000E-2	5.043060E-3	2.460500E-4	-4.862336E-1
-6.110000E-2	5.043060E-3	2.460500E-4	-4.855676E-1
-6.100000E-2	5.043060E-3	2.460500E-4	-4.842625E-1
-6.090000E-2	5.041150E-3	2.479570E-4	-4.836556E-1
-6.080000E-2	5.039240E-3	2.460500E-4	-4.823181E-1
-6.070000E-2	5.044970E-3	2.460500E-4	-4.813015E-1
-6.060000E-2	5.050690E-3	2.460500E-4	-4.807789E-1
-6.050000E-2	5.052600E-3	2.441420E-4	-4.794728E-1
-6.040000E-2	5.056410E-3	2.441420E-4	-4.788780E-1
-6.030000E-2	5.052600E-3	2.403270E-4	-4.778956E-1
-6.020000E-2	5.050690E-3	2.365120E-4	-4.770585E-1
-6.010000E-2	5.048780E-3	2.326970E-4	-4.764303E-1
-6.000000E-2	5.050690E-3	2.307900E-4	-4.750012E-1
-5.990000E-2	5.056410E-3	2.288830E-4	-4.744305E-1
-5.980000E-2	5.058320E-3	2.269750E-4	-4.733297E-1
-5.970000E-2	5.064040E-3	2.288830E-4	-4.725157E-1
-5.960000E-2	5.067860E-3	2.326970E-4	-4.717258E-1
-5.950000E-2	5.071670E-3	2.365120E-4	-4.705870E-1
-5.940000E-2	5.075480E-3	2.365120E-4	-4.699627E-1
-5.930000E-2	5.073580E-3	2.384200E-4	-4.687657E-1
-5.920000E-2	5.073580E-3	2.441420E-4	-4.683633E-1
-5.910000E-2	5.075480E-3	2.460500E-4	-4.670563E-1
-5.900000E-2	5.081210E-3	2.460500E-4	-4.662820E-1
-5.890000E-2	5.083110E-3	2.460500E-4	-4.653265E-1
-5.880000E-2	5.088840E-3	2.441420E-4	-4.642831E-1
-5.870000E-2	5.090740E-3	2.441420E-4	-4.639391E-1
-5.860000E-2	5.085020E-3	2.422340E-4	-4.627198E-1
-5.850000E-2	5.083110E-3	2.460500E-4	-4.617735E-1
-5.840000E-2	5.081210E-3	2.460500E-4	-4.609679E-1
-5.830000E-2	5.083110E-3	2.441420E-4	-4.598643E-1
-5.820000E-2	5.081210E-3	2.460500E-4	-4.592196E-1
-5.810000E-2	5.083110E-3	2.460500E-4	-4.578913E-1
-5.800000E-2	5.088840E-3	2.498650E-4	-4.573649E-1
-5.790000E-2	5.092650E-3	2.498650E-4	-4.563160E-1
-5.780000E-2	5.096470E-3	2.498650E-4	-4.556860E-1
-5.770000E-2	5.100280E-3	2.517720E-4	-4.546056E-1
-5.760000E-2	5.104090E-3	2.517720E-4	-4.537731E-1
-5.750000E-2	5.102190E-3	2.517720E-4	-4.530146E-1
-5.740000E-2	5.102190E-3	2.498650E-4	-4.517862E-1
-5.730000E-2	5.100280E-3	2.517720E-4	-4.512848E-1
-5.720000E-2	5.098370E-3	2.498650E-4	-4.500786E-1
-5.710000E-2	5.100280E-3	2.517720E-4	-4.491693E-1
-5.700000E-2	5.100280E-3	2.574940E-4	-4.483367E-1
-5.690000E-2	5.100280E-3	2.574940E-4	-4.471065E-1
-5.680000E-2	5.098370E-3	2.555870E-4	-4.465340E-1
-5.670000E-2	5.102190E-3	2.498650E-4	-4.452269E-1
-5.660000E-2	5.109820E-3	2.498650E-4	-4.444193E-1
-5.650000E-2	5.111720E-3	2.460500E-4	-4.436396E-1
-5.640000E-2	5.119350E-3	2.422340E-4	-4.423714E-1
-5.630000E-2	5.121260E-3	2.479570E-4	-4.418367E-1
-5.620000E-2	5.125080E-3	2.498650E-4	-4.405408E-1
-5.610000E-2	5.130800E-3	2.498650E-4	-4.397388E-1
-5.600000E-2	5.130800E-3	2.498650E-4	-4.388720E-1
-5.590000E-2	5.132700E-3	2.517720E-4	-4.377139E-1
-5.580000E-2	5.132700E-3	2.555870E-4	-4.367362E-1
-5.570000E-2	5.134610E-3	2.555870E-4	-4.356974E-1
-5.560000E-2	5.132700E-3	2.536790E-4	-4.350971E-1
-5.550000E-2	5.132700E-3	2.536790E-4	-4.336994E-1
-5.540000E-2	5.134610E-3	2.574940E-4	-4.332748E-1
-5.530000E-2	5.140330E-3	2.574940E-4	-4.320002E-1
-5.520000E-2	5.147960E-3	2.555870E-4	-4.312491E-1
-5.510000E-2	5.147960E-3	2.517720E-4	-4.303666E-1
-5.500000E-2	5.147960E-3	2.498650E-4	-4.291705E-1
-5.490000E-2	5.147960E-3	2.498650E-4	-4.286248E-1
-5.480000E-2	5.147960E-3	2.498650E-4	-4.271948E-1
-5.470000E-2	5.151780E-3	2.517720E-4	-4.267322E-1
-5.460000E-2	5.153690E-3	2.536790E-4	-4.254908E-1
-5.450000E-2	5.159410E-3	2.574940E-4	-4.246444E-1
-5.440000E-2	5.161320E-3	2.594010E-4	-4.239516E-1
-5.430000E-2	5.163220E-3	2.594010E-4	-4.226547E-1
-5.420000E-2	5.165130E-3	2.594010E-4	-4.220933E-1
-5.410000E-2	5.167040E-3	2.574940E-4	-4.208759E-1
-5.400000E-2	5.172760E-3	2.574940E-4	-4.199268E-1
-5.390000E-2	5.172760E-3	2.574940E-4	-4.192035E-1
-5.380000E-2	5.174670E-3	2.536790E-4	-4.179391E-1
-5.370000E-2	5.174670E-3	2.536790E-4	-4.172517E-1
-5.360000E-2	5.174670E-3	2.536790E-4	-4.161861E-1
-5.350000E-2	5.178480E-3	2.555870E-4	-4.151473E-1
-5.340000E-2	5.182300E-3	2.574940E-4	-4.145109E-1
-5.330000E-2	5.186110E-3	2.594010E-4	-4.136580E-1
-5.320000E-2	5.188020E-3	2.613090E-4	-4.130208E-1
-5.310000E-2	5.188020E-3	2.574940E-4	-4.121873E-1
-5.300000E-2	5.188020E-3	2.517720E-4	-4.104483E-1
-5.290000E-2	5.188020E-3	2.498650E-4	-4.100301E-1
-5.280000E-2	5.191830E-3	2.460500E-4	-4.087574E-1
-5.270000E-2	5.197550E-3	2.479570E-4	-4.079147E-1
-5.260000E-2	5.197550E-3	2.498650E-4	-4.071913E-1
-5.250000E-2	5.199460E-3	2.517720E-4	-4.059342E-1
-5.240000E-2	5.201370E-3	2.536790E-4	-4.051600E-1
-5.230000E-2	5.205180E-3	2.536790E-4	-4.043543E-1
-5.220000E-2	5.210910E-3	2.498650E-4	-4.030981E-1
-5.210000E-2	5.212810E-3	2.517720E-4	-4.025616E-1
-5.200000E-2	5.214720E-3	2.536790E-4	-4.011491E-1
-5.190000E-2	5.214720E-3	2.555870E-4	-4.005858E-1
-5.180000E-2	5.218540E-3	2.517720E-4	-3.993842E-1
-5.170000E-2	5.224260E-3	2.479570E-4	-3.985878E-1
-5.160000E-2	5.228070E-3	2.441420E-4	-3.977350E-1
-5.150000E-2	5.229980E-3	2.441420E-4	-3.964778E-1
-5.140000E-2	5.231890E-3	2.479570E-4	-3.959089E-1
-5.130000E-2	5.235700E-3	2.479570E-4	-3.946685E-1
-5.120000E-2	5.243330E-3	2.479570E-4	-3.937120E-1
-5.110000E-2	5.249050E-3	2.479570E-4	-3.929406E-1
-5.100000E-2	5.254780E-3	2.479570E-4	-3.916187E-1
-5.090000E-2	5.258590E-3	2.517720E-4	-3.908333E-1
-5.080000E-2	5.258590E-3	2.574940E-4	-3.900749E-1
-5.070000E-2	5.260500E-3	2.594010E-4	-3.888113E-1
-5.060000E-2	5.262400E-3	2.594010E-4	-3.881628E-1
-5.050000E-2	5.264310E-3	2.594010E-4	-3.870408E-1
-5.040000E-2	5.268130E-3	2.632160E-4	-3.860843E-1
-5.030000E-2	5.268130E-3	2.651230E-4	-3.855608E-1
-5.020000E-2	5.268130E-3	2.632160E-4	-3.842250E-1
-5.010000E-2	5.270030E-3	2.613090E-4	-3.836747E-1
-5.000000E-2	5.271940E-3	2.574940E-4	-3.824860E-1
-4.990000E-2	5.277660E-3	2.555870E-4	-3.814842E-1
-4.980000E-2	5.279570E-3	2.594010E-4	-3.808654E-1
-4.970000E-2	5.281480E-3	2.574940E-4	-3.794465E-1
-4.960000E-2	5.281480E-3	2.574940E-4	-3.787869E-1
-4.950000E-2	5.277660E-3	2.594010E-4	-3.779572E-1
-4.940000E-2	5.277660E-3	2.632160E-4	-3.766567E-1
-4.930000E-2	5.281480E-3	2.632160E-4	-3.760942E-1
-4.920000E-2	5.283390E-3	2.632160E-4	-3.748307E-1
-4.910000E-2	5.291010E-3	2.632160E-4	-3.740268E-1
-4.900000E-2	5.292920E-3	2.613090E-4	-3.732803E-1
-4.890000E-2	5.298640E-3	2.594010E-4	-3.719409E-1
-4.880000E-2	5.302460E-3	2.574940E-4	-3.713508E-1
-4.870000E-2	5.306270E-3	2.498650E-4	-3.702158E-1
-4.860000E-2	5.312000E-3	2.498650E-4	-3.691390E-1
-4.850000E-2	5.312000E-3	2.517720E-4	-3.685887E-1
-4.840000E-2	5.310090E-3	2.555870E-4	-3.671669E-1
-4.830000E-2	5.310090E-3	2.594010E-4	-3.666452E-1
-4.820000E-2	5.313900E-3	2.574940E-4	-3.652781E-1
-4.810000E-2	5.317720E-3	2.555870E-4	-3.645787E-1
-4.800000E-2	5.317720E-3	2.517720E-4	-3.637222E-1
-4.790000E-2	5.323440E-3	2.479570E-4	-3.623245E-1
-4.780000E-2	5.331070E-3	2.498650E-4	-3.617370E-1
-4.770000E-2	5.332980E-3	2.536790E-4	-3.607566E-1
-4.760000E-2	5.338700E-3	2.555870E-4	-3.595513E-1
-4.750000E-2	5.344420E-3	2.555870E-4	-3.589426E-1
-4.740000E-2	5.346330E-3	2.517720E-4	-3.575246E-1
-4.730000E-2	5.353960E-3	2.498650E-4	-3.567753E-1
-4.720000E-2	5.359680E-3	2.498650E-4	-3.559169E-1
-4.710000E-2	5.365400E-3	2.517720E-4	-3.546866E-1
-4.700000E-2	5.371120E-3	2.574940E-4	-3.539902E-1
-4.690000E-2	5.374940E-3	2.613090E-4	-3.530355E-1
-4.680000E-2	5.384470E-3	2.632160E-4	-3.519190E-1
-4.670000E-2	5.388290E-3	2.670310E-4	-3.514149E-1
-4.660000E-2	5.394010E-3	2.689380E-4	-3.503973E-1
-4.650000E-2	5.399730E-3	2.689380E-4	-3.496666E-1
-4.640000E-2	5.401640E-3	2.689380E-4	-3.487971E-1
-4.630000E-2	5.403550E-3	2.632160E-4	-3.475132E-1
-4.620000E-2	5.405460E-3	2.594010E-4	-3.466390E-1
-4.610000E-2	5.407360E-3	2.536790E-4	-3.454660E-1
-4.600000E-2	5.409270E-3	2.498650E-4	-3.444569E-1
-4.590000E-2	5.411180E-3	2.498650E-4	-3.437113E-1
-4.580000E-2	5.414990E-3	2.498650E-4	-3.423350E-1
-4.570000E-2	5.420710E-3	2.536790E-4	-3.418049E-1
-4.560000E-2	5.426440E-3	2.555870E-4	-3.403675E-1
-4.550000E-2	5.432160E-3	2.613090E-4	-3.397504E-1
-4.540000E-2	5.434070E-3	2.632160E-4	-3.389133E-1
-4.530000E-2	5.437880E-3	2.632160E-4	-3.376212E-1
-4.520000E-2	5.441700E-3	2.670310E-4	-3.370577E-1
-4.510000E-2	5.445510E-3	2.651230E-4	-3.356665E-1
-4.500000E-2	5.449320E-3	2.651230E-4	-3.348313E-1
-4.490000E-2	5.451230E-3	2.651230E-4	-3.339562E-1
-4.480000E-2	5.456950E-3	2.613090E-4	-3.326677E-1
-4.470000E-2	5.464580E-3	2.555870E-4	-3.321098E-1
-4.460000E-2	5.470310E-3	2.536790E-4	-3.308602E-1
-4.450000E-2	5.481750E-3	2.555870E-4	-3.297955E-1
-4.440000E-2	5.485560E-3	2.574940E-4	-3.292136E-1
-4.430000E-2	5.485560E-3	2.574940E-4	-3.277827E-1
-4.420000E-2	5.489380E-3	2.632160E-4	-3.269067E-1
-4.410000E-2	5.493190E-3	2.689380E-4	-3.262212E-1
-4.400000E-2	5.504640E-3	2.670310E-4	-3.248079E-1
-4.390000E-2	5.510360E-3	2.689380E-4	-3.241085E-1
-4.380000E-2	5.512270E-3	2.670310E-4	-3.232427E-1
-4.370000E-2	5.517990E-3	2.651230E-4	-3.219819E-1
-4.360000E-2	5.523710E-3	2.632160E-4	-3.211133E-1
-4.350000E-2	5.527530E-3	2.632160E-4	-3.203336E-1
-4.340000E-2	5.531340E-3	2.670310E-4	-3.189654E-1
-4.330000E-2	5.533250E-3	2.727530E-4	-3.183244E-1
-4.320000E-2	5.542780E-3	2.708450E-4	-3.171681E-1
-4.310000E-2	5.554230E-3	2.689380E-4	-3.160748E-1
-4.300000E-2	5.559950E-3	2.708450E-4	-3.154375E-1
-4.290000E-2	5.561860E-3	2.670310E-4	-3.142978E-1
-4.280000E-2	5.567580E-3	2.670310E-4	-3.130666E-1
-4.270000E-2	5.571400E-3	2.708450E-4	-3.123905E-1
-4.260000E-2	5.577120E-3	2.670310E-4	-3.110075E-1
-4.250000E-2	5.582840E-3	2.689380E-4	-3.104044E-1
-4.240000E-2	5.584750E-3	2.708450E-4	-3.091621E-1
-4.230000E-2	5.590470E-3	2.765670E-4	-3.080503E-1
-4.220000E-2	5.594280E-3	2.822890E-4	-3.073048E-1
-4.210000E-2	5.596190E-3	2.841970E-4	-3.064593E-1
-4.200000E-2	5.601910E-3	2.765670E-4	-3.050440E-1
-4.190000E-2	5.607630E-3	2.727530E-4	-3.045481E-1
-4.180000E-2	5.613360E-3	2.651230E-4	-3.032559E-1
-4.170000E-2	5.624800E-3	2.632160E-4	-3.021348E-1
-4.160000E-2	5.632430E-3	2.632160E-4	-3.015299E-1
-4.150000E-2	5.638150E-3	2.632160E-4	-3.000998E-1
-4.140000E-2	5.643870E-3	2.689380E-4	-2.993422E-1
-4.130000E-2	5.647690E-3	2.708450E-4	-2.982257E-1
-4.120000E-2	5.653410E-3	2.689380E-4	-2.968446E-1
-4.110000E-2	5.664860E-3	2.670310E-4	-2.960270E-1
-4.100000E-2	5.674390E-3	2.632160E-4	-2.949576E-1
-4.090000E-2	5.683930E-3	2.632160E-4	-2.935405E-1
-4.080000E-2	5.691560E-3	2.651230E-4	-2.927728E-1
-4.070000E-2	5.699190E-3	2.708450E-4	-2.917210E-1
-4.060000E-2	5.704910E-3	2.765670E-4	-2.903696E-1
-4.050000E-2	5.710630E-3	2.861040E-4	-2.897915E-1
-4.040000E-2	5.716350E-3	2.880120E-4	-2.882985E-1
-4.030000E-2	5.725890E-3	2.899190E-4	-2.875298E-1
-4.020000E-2	5.733520E-3	2.880120E-4	-2.865974E-1
-4.010000E-2	5.743060E-3	2.841970E-4	-2.851423E-1
-4.000000E-2	5.748780E-3	2.822890E-4	-2.845623E-1
-3.990000E-2	5.748780E-3	2.803820E-4	-2.834727E-1
-3.980000E-2	5.756410E-3	2.803820E-4	-2.820713E-1
-3.970000E-2	5.756410E-3	2.822890E-4	-2.810880E-1
-3.960000E-2	5.764040E-3	2.822890E-4	-2.796403E-1
-3.950000E-2	5.769760E-3	2.861040E-4	-2.786358E-1
-3.940000E-2	5.777390E-3	2.899190E-4	-2.776321E-1
-3.930000E-2	5.786930E-3	2.899190E-4	-2.762215E-1
-3.920000E-2	5.796460E-3	2.899190E-4	-2.756064E-1
-3.910000E-2	5.804090E-3	2.880120E-4	-2.741652E-1
-3.900000E-2	5.815540E-3	2.880120E-4	-2.733021E-1
-3.890000E-2	5.823170E-3	2.861040E-4	-2.719147E-1
-3.880000E-2	5.834610E-3	2.841970E-4	-2.706011E-1
-3.870000E-2	5.840330E-3	2.861040E-4	-2.698426E-1
-3.860000E-2	5.844150E-3	2.880120E-4	-2.684977E-1
-3.850000E-2	5.853680E-3	2.899190E-4	-2.677512E-1
-3.840000E-2	5.863220E-3	2.861040E-4	-2.666513E-1
-3.830000E-2	5.880390E-3	2.822890E-4	-2.654553E-1
-3.820000E-2	5.888020E-3	2.803820E-4	-2.648919E-1
-3.810000E-2	5.889920E-3	2.765670E-4	-2.634757E-1
-3.800000E-2	5.895640E-3	2.784750E-4	-2.627330E-1
-3.790000E-2	5.901370E-3	2.784750E-4	-2.616813E-1
-3.780000E-2	5.910900E-3	2.784750E-4	-2.602558E-1
-3.770000E-2	5.922350E-3	2.822890E-4	-2.596500E-1
-3.760000E-2	5.931880E-3	2.803820E-4	-2.580921E-1
-3.750000E-2	5.943330E-3	2.784750E-4	-2.571098E-1
-3.740000E-2	5.945240E-3	2.765670E-4	-2.563236E-1
-3.730000E-2	5.949050E-3	2.746600E-4	-2.547584E-1
-3.720000E-2	5.954770E-3	2.765670E-4	-2.540147E-1
-3.710000E-2	5.964310E-3	2.841970E-4	-2.532423E-1
-3.700000E-2	5.977660E-3	2.880120E-4	-2.516670E-1
-3.690000E-2	5.989100E-3	2.937340E-4	-2.508373E-1
-3.680000E-2	5.996730E-3	2.937340E-4	-2.497476E-1
-3.670000E-2	6.008180E-3	2.937340E-4	-2.482704E-1
-3.660000E-2	6.019620E-3	2.956410E-4	-2.476923E-1
-3.650000E-2	6.032970E-3	2.918260E-4	-2.462548E-1
-3.640000E-2	6.042510E-3	2.899190E-4	-2.451337E-1
-3.630000E-2	6.046320E-3	2.880120E-4	-2.439266E-1
-3.620000E-2	6.052050E-3	2.861040E-4	-2.426260E-1
-3.610000E-2	6.057770E-3	2.880120E-4	-2.419203E-1
-3.600000E-2	6.071120E-3	2.880120E-4	-2.403486E-1
-3.590000E-2	6.080660E-3	2.899190E-4	-2.396900E-1
-3.580000E-2	6.088290E-3	2.899190E-4	-2.383765E-1
-3.570000E-2	6.095920E-3	2.937340E-4	-2.370750E-1
-3.560000E-2	6.101640E-3	3.013630E-4	-2.363349E-1
-3.550000E-2	6.114990E-3	3.013630E-4	-2.342435E-1
-3.540000E-2	6.126430E-3	3.013630E-4	-2.336172E-1
-3.530000E-2	6.134060E-3	2.956410E-4	-2.320041E-1
-3.520000E-2	6.139790E-3	2.956410E-4	-2.312807E-1
-3.510000E-2	6.147410E-3	2.918260E-4	-2.301485E-1
-3.500000E-2	6.160770E-3	2.918260E-4	-2.286407E-1
-3.490000E-2	6.174120E-3	2.994560E-4	-2.279248E-1
-3.480000E-2	6.181750E-3	3.013630E-4	-2.268628E-1
-3.470000E-2	6.197010E-3	3.032700E-4	-2.253328E-1
-3.460000E-2	6.214170E-3	3.051780E-4	-2.246427E-1
-3.450000E-2	6.229430E-3	3.032700E-4	-2.235633E-1
-3.440000E-2	6.238970E-3	3.032700E-4	-2.222498E-1
-3.430000E-2	6.242780E-3	3.051780E-4	-2.214117E-1
-3.420000E-2	6.248500E-3	3.051780E-4	-2.197763E-1
-3.410000E-2	6.258040E-3	3.051780E-4	-2.191260E-1
-3.400000E-2	6.267580E-3	3.032700E-4	-2.177136E-1
-3.390000E-2	6.282840E-3	3.032700E-4	-2.164823E-1
-3.380000E-2	6.292370E-3	3.070850E-4	-2.157941E-1
-3.370000E-2	6.301910E-3	3.051780E-4	-2.141679E-1
-3.360000E-2	6.311450E-3	3.070850E-4	-2.132476E-1
-3.350000E-2	6.320980E-3	3.051780E-4	-2.122736E-1
-3.340000E-2	6.332430E-3	3.032700E-4	-2.107112E-1
-3.330000E-2	6.343870E-3	3.070850E-4	-2.098758E-1
-3.320000E-2	6.355320E-3	3.089920E-4	-2.087612E-1
-3.310000E-2	6.370570E-3	3.089920E-4	-2.072119E-1
-3.300000E-2	6.382020E-3	3.089920E-4	-2.066957E-1
-3.290000E-2	6.389650E-3	3.089920E-4	-2.054941E-1
-3.280000E-2	6.401090E-3	3.109000E-4	-2.039512E-1
-3.270000E-2	6.410630E-3	3.166220E-4	-2.033111E-1
-3.260000E-2	6.418260E-3	3.166220E-4	-2.018218E-1
-3.250000E-2	6.429700E-3	3.166220E-4	-2.009135E-1
-3.240000E-2	6.441150E-3	3.147140E-4	-1.997905E-1
-3.230000E-2	6.454500E-3	3.109000E-4	-1.982105E-1
-3.220000E-2	6.465940E-3	3.128070E-4	-1.975723E-1
-3.210000E-2	6.473570E-3	3.147140E-4	-1.961505E-1
-3.200000E-2	6.486920E-3	3.166220E-4	-1.948861E-1
-3.190000E-2	6.496460E-3	3.147140E-4	-1.942358E-1
-3.180000E-2	6.507900E-3	3.109000E-4	-1.926059E-1
-3.170000E-2	6.521250E-3	3.166220E-4	-1.922998E-1
-3.160000E-2	6.530790E-3	3.204360E-4	-1.914034E-1
-3.150000E-2	6.546050E-3	3.185290E-4	-1.893369E-1
-3.140000E-2	6.563220E-3	3.185290E-4	-1.885636E-1
-3.130000E-2	6.576570E-3	3.204360E-4	-1.874685E-1
-3.120000E-2	6.593730E-3	3.242510E-4	-1.861706E-1
-3.110000E-2	6.603270E-3	3.261580E-4	-1.853270E-1
-3.100000E-2	6.614710E-3	3.223440E-4	-1.836500E-1
-3.090000E-2	6.628070E-3	3.204360E-4	-1.830292E-1
-3.080000E-2	6.635700E-3	3.204360E-4	-1.814539E-1
-3.070000E-2	6.645230E-3	3.242510E-4	-1.804697E-1
-3.060000E-2	6.654770E-3	3.280660E-4	-1.793653E-1
-3.050000E-2	6.666210E-3	3.261580E-4	-1.775698E-1
-3.040000E-2	6.675750E-3	3.280660E-4	-1.768335E-1
-3.030000E-2	6.683380E-3	3.242510E-4	-1.757744E-1
-3.020000E-2	6.692920E-3	3.166220E-4	-1.740760E-1
-3.010000E-2	6.702450E-3	3.166220E-4	-1.734414E-1
-3.000000E-2	6.713900E-3	3.166220E-4	-1.718681E-1
-2.990000E-2	6.732970E-3	3.185290E-4	-1.707035E-1
-2.980000E-2	6.746320E-3	3.223440E-4	-1.696961E-1
-2.970000E-2	6.757770E-3	3.204360E-4	-1.678359E-1
-2.960000E-2	6.767300E-3	3.185290E-4	-1.673651E-1
-2.950000E-2	6.774930E-3	3.166220E-4	-1.657546E-1
-2.940000E-2	6.786380E-3	3.185290E-4	-1.647963E-1
-2.930000E-2	6.792100E-3	3.242510E-4	-1.634347E-1
-2.920000E-2	6.805450E-3	3.280660E-4	-1.619168E-1
-2.910000E-2	6.813080E-3	3.261580E-4	-1.602490E-1
-2.900000E-2	6.822620E-3	3.242510E-4	-1.584702E-1
-2.890000E-2	6.834060E-3	3.261580E-4	-1.571992E-1
-2.880000E-2	6.845500E-3	3.280660E-4	-1.557080E-1
-2.870000E-2	6.864580E-3	3.299730E-4	-1.533641E-1
-2.860000E-2	6.879840E-3	3.318810E-4	-1.524307E-1
-2.850000E-2	6.891280E-3	3.337880E-4	-1.509924E-1
-2.840000E-2	6.904630E-3	3.318810E-4	-1.494735E-1
-2.830000E-2	6.906540E-3	3.299730E-4	-1.487122E-1
-2.820000E-2	6.904630E-3	3.242510E-4	-1.472285E-1
-2.810000E-2	6.914170E-3	3.261580E-4	-1.458992E-1
-2.800000E-2	6.917980E-3	3.337880E-4	-1.450075E-1
-2.790000E-2	6.923710E-3	3.376030E-4	-1.433314E-1
-2.780000E-2	6.931330E-3	3.414170E-4	-1.422157E-1
-2.770000E-2	6.933240E-3	3.414170E-4	-1.413500E-1
-2.760000E-2	6.942780E-3	3.395100E-4	-1.395120E-1
-2.750000E-2	6.950410E-3	3.356950E-4	-1.386860E-1
-2.740000E-2	6.958040E-3	3.356950E-4	-1.375574E-1
-2.730000E-2	6.969480E-3	3.395100E-4	-1.358480E-1
-2.720000E-2	6.977110E-3	3.414170E-4	-1.350868E-1
-2.710000E-2	6.979020E-3	3.414170E-4	-1.336677E-1
-2.700000E-2	6.984740E-3	3.433250E-4	-1.320111E-1
-2.690000E-2	6.988560E-3	3.490470E-4	-1.310389E-1
-2.680000E-2	6.990460E-3	3.509540E-4	-1.298984E-1
-2.670000E-2	6.996180E-3	3.509540E-4	-1.277634E-1
-2.660000E-2	6.998090E-3	3.547690E-4	-1.268690E-1
-2.650000E-2	6.996180E-3	3.547690E-4	-1.256775E-1
-2.640000E-2	6.996180E-3	3.433250E-4	-1.239570E-1
-2.630000E-2	6.996180E-3	3.337880E-4	-1.234473E-1
-2.620000E-2	6.994280E-3	3.261580E-4	-1.217768E-1
-2.610000E-2	6.994280E-3	3.280660E-4	-1.206861E-1
-2.600000E-2	6.986650E-3	3.318810E-4	-1.197685E-1
-2.590000E-2	6.979020E-3	3.299730E-4	-1.179490E-1
-2.580000E-2	6.971390E-3	3.299730E-4	-1.172229E-1
-2.570000E-2	6.969480E-3	3.280660E-4	-1.157105E-1
-2.560000E-2	6.969480E-3	3.299730E-4	-1.144256E-1
-2.550000E-2	6.963760E-3	3.299730E-4	-1.135404E-1
-2.540000E-2	6.958040E-3	3.299730E-4	-1.117459E-1
-2.530000E-2	6.954220E-3	3.356950E-4	-1.108172E-1
-2.520000E-2	6.948500E-3	3.395100E-4	-1.095925E-1
-2.510000E-2	6.944690E-3	3.395100E-4	-1.082345E-1
-2.500000E-2	6.929430E-3	3.395100E-4	-1.072513E-1
-2.490000E-2	6.910350E-3	3.395100E-4	-1.060025E-1
-2.480000E-2	6.900820E-3	3.395100E-4	-1.043153E-1
-2.470000E-2	6.891280E-3	3.414170E-4	-1.036253E-1
-2.460000E-2	6.879840E-3	3.356950E-4	-1.019796E-1
-2.450000E-2	6.870300E-3	3.299730E-4	-1.010676E-1
-2.440000E-2	6.855040E-3	3.261580E-4	-1.000116E-1
-2.430000E-2	6.845500E-3	3.242510E-4	-9.825588E-2
-2.420000E-2	6.832150E-3	3.261580E-4	-9.755388E-2
-2.410000E-2	6.814990E-3	3.261580E-4	-9.594178E-2
-2.400000E-2	6.795910E-3	3.299730E-4	-9.467062E-2
-2.390000E-2	6.773020E-3	3.299730E-4	-9.392567E-2
-2.380000E-2	6.753950E-3	3.242510E-4	-9.225432E-2
-2.370000E-2	6.736790E-3	3.223440E-4	-9.106148E-2
-2.360000E-2	6.713900E-3	3.223440E-4	-9.027811E-2
-2.350000E-2	6.691010E-3	3.204360E-4	-8.865619E-2
-2.340000E-2	6.670030E-3	3.185290E-4	-8.751353E-2
-2.330000E-2	6.649050E-3	3.166220E-4	-8.673063E-2
-2.320000E-2	6.631880E-3	3.089920E-4	-8.510658E-2
-2.310000E-2	6.610900E-3	3.070850E-4	-8.426072E-2
-2.300000E-2	6.580380E-3	3.070850E-4	-8.285423E-2
-2.290000E-2	6.547960E-3	3.089920E-4	-8.157659E-2
-2.280000E-2	6.521250E-3	3.109000E-4	-8.087913E-2
-2.270000E-2	6.494550E-3	3.089920E-4	-7.905012E-2
-2.260000E-2	6.467850E-3	3.089920E-4	-7.811140E-2
-2.250000E-2	6.435420E-3	3.051780E-4	-7.681572E-2
-2.240000E-2	6.403000E-3	3.051780E-4	-7.544487E-2
-2.230000E-2	6.362940E-3	3.070850E-4	-7.474240E-2
-2.220000E-2	6.322890E-3	3.051780E-4	-7.311965E-2
-2.210000E-2	6.290470E-3	3.089920E-4	-7.243849E-2
-2.200000E-2	6.258040E-3	3.128070E-4	-7.166650E-2
-2.190000E-2	6.227520E-3	3.147140E-4	-7.008107E-2
-2.180000E-2	6.187470E-3	3.166220E-4	-6.885767E-2
-2.170000E-2	6.141690E-3	3.147140E-4	-6.762855E-2
-2.160000E-2	6.097820E-3	3.089920E-4	-6.640471E-2
-2.150000E-2	6.042510E-3	3.051780E-4	-6.562328E-2
-2.140000E-2	5.992920E-3	2.918260E-4	-6.427233E-2
-2.130000E-2	5.950960E-3	2.822890E-4	-6.304877E-2
-2.120000E-2	5.901370E-3	2.784750E-4	-6.241638E-2
-2.110000E-2	5.855590E-3	2.765670E-4	-6.110070E-2
-2.100000E-2	5.813630E-3	2.803820E-4	-6.006154E-2
-2.090000E-2	5.769760E-3	2.841970E-4	-5.933612E-2
-2.080000E-2	5.731610E-3	2.803820E-4	-5.792796E-2
-2.070000E-2	5.693470E-3	2.765670E-4	-5.733002E-2
-2.060000E-2	5.647690E-3	2.708450E-4	-5.602192E-2
-2.050000E-2	5.594280E-3	2.670310E-4	-5.475883E-2
-2.040000E-2	5.537060E-3	2.651230E-4	-5.419033E-2
-2.030000E-2	5.487470E-3	2.613090E-4	-5.297991E-2
-2.020000E-2	5.439790E-3	2.555870E-4	-5.179429E-2
-2.010000E-2	5.382570E-3	2.517720E-4	-5.111349E-2
-2.000000E-2	5.321530E-3	2.479570E-4	-4.984161E-2
-1.990000E-2	5.266220E-3	2.479570E-4	-4.934271E-2
-1.980000E-2	5.212810E-3	2.441420E-4	-4.801454E-2
-1.970000E-2	5.159410E-3	2.403270E-4	-4.736115E-2
-1.960000E-2	5.098370E-3	2.365120E-4	-4.633782E-2
-1.950000E-2	5.043060E-3	2.365120E-4	-4.520479E-2
-1.940000E-2	4.987750E-3	2.384200E-4	-4.470729E-2
-1.930000E-2	4.926710E-3	2.365120E-4	-4.374988E-2
-1.920000E-2	4.871400E-3	2.307900E-4	-4.275542E-2
-1.910000E-2	4.816090E-3	2.250680E-4	-4.228219E-2
-1.900000E-2	4.762680E-3	2.193460E-4	-4.105278E-2
-1.890000E-2	4.707370E-3	2.174390E-4	-4.046391E-2
-1.880000E-2	4.650150E-3	2.193460E-4	-3.962249E-2
-1.870000E-2	4.594830E-3	2.212530E-4	-3.859509E-2
-1.860000E-2	4.537610E-3	2.231610E-4	-3.816980E-2
-1.850000E-2	4.478480E-3	2.193460E-4	-3.703974E-2
-1.840000E-2	4.423170E-3	2.155310E-4	-3.628729E-2
-1.830000E-2	4.365950E-3	2.117170E-4	-3.579951E-2
-1.820000E-2	4.310640E-3	2.098090E-4	-3.475590E-2
-1.810000E-2	4.255320E-3	2.040870E-4	-3.418906E-2
-1.800000E-2	4.198100E-3	2.002730E-4	-3.338200E-2
-1.790000E-2	4.140880E-3	1.983650E-4	-3.275878E-2
-1.780000E-2	4.083660E-3	1.964580E-4	-3.214667E-2
-1.770000E-2	4.026440E-3	1.907360E-4	-3.132572E-2
-1.760000E-2	3.969220E-3	1.907360E-4	-3.085497E-2
-1.750000E-2	3.912000E-3	1.888280E-4	-2.992014E-2
-1.740000E-2	3.856670E-3	1.850140E-4	-2.957012E-2
-1.730000E-2	3.805180E-3	1.811990E-4	-2.855883E-2
-1.720000E-2	3.749860E-3	1.773840E-4	-2.813797E-2
-1.710000E-2	3.688830E-3	1.754770E-4	-2.748504E-2
-1.700000E-2	3.633510E-3	1.754770E-4	-2.672648E-2
-1.690000E-2	3.574390E-3	1.735700E-4	-2.617844E-2
-1.680000E-2	3.511440E-3	1.716620E-4	-2.533712E-2
-1.670000E-2	3.452320E-3	1.697550E-4	-2.490729E-2
-1.660000E-2	3.393190E-3	1.678480E-4	-2.426370E-2
-1.650000E-2	3.335970E-3	1.602180E-4	-2.360772E-2
-1.640000E-2	3.274930E-3	1.583110E-4	-2.312115E-2
-1.630000E-2	3.215800E-3	1.544960E-4	-2.239952E-2
-1.620000E-2	3.162400E-3	1.564040E-4	-2.204356E-2
-1.610000E-2	3.108990E-3	1.544960E-4	-2.161725E-2
-1.600000E-2	3.057490E-3	1.487740E-4	-2.079074E-2
-1.590000E-2	3.002180E-3	1.468670E-4	-2.036489E-2
-1.580000E-2	2.944960E-3	1.449590E-4	-1.986546E-2
-1.570000E-2	2.891560E-3	1.430520E-4	-1.925501E-2
-1.560000E-2	2.836240E-3	1.392370E-4	-1.899663E-2
-1.550000E-2	2.784740E-3	1.335150E-4	-1.833010E-2
-1.540000E-2	2.738970E-3	1.316080E-4	-1.787823E-2
-1.530000E-2	2.689380E-3	1.316080E-4	-1.758282E-2
-1.520000E-2	2.639790E-3	1.277930E-4	-1.697469E-2
-1.510000E-2	2.590190E-3	1.239790E-4	-1.659477E-2
-1.500000E-2	2.540600E-3	1.201630E-4	-1.616883E-2
-1.490000E-2	2.492920E-3	1.163490E-4	-1.563995E-2
-1.480000E-2	2.441420E-3	1.163490E-4	-1.537611E-2
-1.470000E-2	2.388020E-3	1.144410E-4	-1.477039E-2
-1.460000E-2	2.336520E-3	1.125340E-4	-1.443128E-2
-1.450000E-2	2.290740E-3	1.087190E-4	-1.406015E-2
-1.440000E-2	2.243060E-3	1.049050E-4	-1.364079E-2
-1.430000E-2	2.199190E-3	1.049050E-4	-1.340777E-2
-1.420000E-2	2.151500E-3	1.049050E-4	-1.285083E-2
-1.410000E-2	2.105730E-3	1.049050E-4	-1.260931E-2
-1.400000E-2	2.058040E-3	1.029970E-4	-1.240111E-2
-1.390000E-2	2.017990E-3	9.918260E-5	-1.186945E-2
-1.380000E-2	1.976030E-3	9.536790E-5	-1.168782E-2
-1.370000E-2	1.934060E-3	9.346050E-5	-1.126594E-2
-1.360000E-2	1.895910E-3	9.155320E-5	-1.096684E-2
-1.350000E-2	1.857770E-3	8.964590E-5	-1.067976E-2
-1.340000E-2	1.817710E-3	8.773850E-5	-1.034048E-2
-1.330000E-2	1.771930E-3	8.773850E-5	-1.014191E-2
-1.320000E-2	1.729970E-3	8.583120E-5	-9.857787E-3
-1.310000E-2	1.691830E-3	8.392380E-5	-9.586723E-3
-1.300000E-2	1.657490E-3	8.010910E-5	-9.346581E-3
-1.290000E-2	1.621250E-3	7.820180E-5	-8.958883E-3
-1.280000E-2	1.581200E-3	7.438710E-5	-8.799465E-3
-1.270000E-2	1.543050E-3	7.057240E-5	-8.441204E-3
-1.260000E-2	1.504910E-3	6.866500E-5	-8.250685E-3
-1.250000E-2	1.464850E-3	6.675770E-5	-8.031648E-3
-1.240000E-2	1.428610E-3	6.485030E-5	-7.726242E-3
-1.230000E-2	1.392370E-3	6.485030E-5	-7.605249E-3
-1.220000E-2	1.358040E-3	6.294300E-5	-7.281329E-3
-1.210000E-2	1.321800E-3	6.103560E-5	-7.130056E-3
-1.200000E-2	1.287470E-3	5.912800E-5	-6.846868E-3
-1.190000E-2	1.253140E-3	5.722070E-5	-6.673108E-3
-1.180000E-2	1.216900E-3	5.722070E-5	-6.502029E-3
-1.170000E-2	1.186380E-3	5.531330E-5	-6.205411E-3
-1.160000E-2	1.155860E-3	5.340600E-5	-6.137930E-3
-1.150000E-2	1.123440E-3	5.340600E-5	-5.930831E-3
-1.140000E-2	1.094830E-3	5.340600E-5	-5.713376E-3
-1.130000E-2	1.066220E-3	5.149860E-5	-5.590621E-3
-1.120000E-2	1.037610E-3	5.149860E-5	-5.302252E-3
-1.110000E-2	1.007090E-3	4.959130E-5	-5.240967E-3
-1.100000E-2	9.765700E-4	4.768390E-5	-4.997122E-3
-1.090000E-2	9.460490E-4	4.577660E-5	-4.858451E-3
-1.080000E-2	9.174380E-4	4.386930E-5	-4.717734E-3
-1.070000E-2	8.888280E-4	4.196190E-5	-4.515539E-3
-1.060000E-2	8.621250E-4	4.005460E-5	-4.432135E-3
-1.050000E-2	8.354220E-4	3.814720E-5	-4.289753E-3
-1.040000E-2	8.125340E-4	3.814720E-5	-4.122840E-3
-1.030000E-2	7.896460E-4	3.623990E-5	-4.057756E-3
-1.020000E-2	7.648510E-4	3.623990E-5	-3.869924E-3
-1.010000E-2	7.419620E-4	3.433250E-5	-3.766243E-3
-1.000000E-2	7.190740E-4	3.433250E-5	-3.623675E-3
-9.900000E-3	6.961860E-4	3.242520E-5	-3.457964E-3
-9.800000E-3	6.732980E-4	3.242520E-5	-3.372334E-3
-9.700000E-3	6.485020E-4	3.242520E-5	-3.330401E-3
-9.600000E-3	6.275210E-4	3.051780E-5	-3.172178E-3
-9.500000E-3	6.065410E-4	2.861030E-5	-3.053326E-3
-9.400000E-3	5.874670E-4	2.861030E-5	-2.988982E-3
-9.300000E-3	5.664860E-4	2.861030E-5	-2.811796E-3
-9.200000E-3	5.493200E-4	2.670300E-5	-2.751430E-3
-9.100000E-3	5.283390E-4	2.479560E-5	-2.608123E-3
-9.000000E-3	5.111730E-4	2.479560E-5	-2.553042E-3
-8.900000E-3	4.921000E-4	2.288830E-5	-2.520359E-3
-8.800000E-3	4.749320E-4	2.288830E-5	-2.393079E-3
-8.700000E-3	4.596730E-4	2.288830E-5	-2.341508E-3
-8.600000E-3	4.444140E-4	2.098100E-5	-2.252265E-3
-8.500000E-3	4.272480E-4	2.098100E-5	-2.200238E-3
-8.400000E-3	4.119890E-4	1.907360E-5	-2.103030E-3
-8.300000E-3	3.986380E-4	1.907360E-5	-2.071183E-3
-8.200000E-3	3.852860E-4	1.907360E-5	-1.989077E-3
-8.100000E-3	3.738420E-4	1.907360E-5	-1.991391E-3
-8.000000E-3	3.623980E-4	1.716630E-5	-1.844194E-3
-7.900000E-3	3.509540E-4	1.716630E-5	-1.812078E-3
-7.800000E-3	3.395100E-4	1.716630E-5	-1.759021E-3
-7.700000E-3	3.299730E-4	1.716630E-5	-1.699872E-3
-7.600000E-3	3.166220E-4	1.525890E-5	-1.623492E-3
-7.500000E-3	3.070850E-4	1.335150E-5	-1.582111E-3
-7.400000E-3	2.975480E-4	1.335150E-5	-1.538975E-3
-7.300000E-3	2.880120E-4	1.335150E-5	-1.512779E-3
-7.200000E-3	2.765670E-4	1.335150E-5	-1.423163E-3
-7.100000E-3	2.670310E-4	1.335150E-5	-1.421125E-3
-7.000000E-3	2.594010E-4	1.335150E-5	-1.355952E-3
-6.900000E-3	2.498650E-4	1.335150E-5	-1.274212E-3
-6.800000E-3	2.403270E-4	1.335150E-5	-1.255228E-3
-6.700000E-3	2.346050E-4	1.144420E-5	-1.240603E-3
-6.600000E-3	2.250680E-4	1.144420E-5	-1.238012E-3
-6.500000E-3	2.193460E-4	1.144420E-5	-1.181543E-3
-6.400000E-3	2.117170E-4	1.144420E-5	-1.069344E-3
-6.300000E-3	2.040870E-4	1.144420E-5	-1.103499E-3
-6.200000E-3	1.964580E-4	9.536800E-6	-1.036757E-3
-6.100000E-3	1.907360E-4	9.536800E-6	-1.023327E-3
-6.000000E-3	1.831060E-4	9.536800E-6	-9.741742E-4
-5.900000E-3	1.773840E-4	9.536800E-6	-9.587061E-4
-5.800000E-3	1.716620E-4	1.144420E-5	-9.226927E-4
-5.700000E-3	1.678480E-4	1.144420E-5	-8.755849E-4
-5.600000E-3	1.621260E-4	9.536800E-6	-9.022442E-4
-5.500000E-3	1.583110E-4	9.536800E-6	-8.776158E-4
-5.400000E-3	1.525890E-4	9.536800E-6	-8.045735E-4
-5.300000E-3	1.468670E-4	7.629450E-6	-7.925391E-4
-5.200000E-3	1.430520E-4	7.629450E-6	-7.187506E-4
-5.100000E-3	1.373300E-4	7.629450E-6	-7.768916E-4
-5.000000E-3	1.335150E-4	7.629450E-6	-7.490302E-4
-4.900000E-3	1.316080E-4	7.629450E-6	-6.938529E-4
-4.800000E-3	1.277930E-4	7.629450E-6	-7.124642E-4
-4.700000E-3	1.239790E-4	7.629450E-6	-6.984815E-4
-4.600000E-3	1.201630E-4	7.629450E-6	-6.289627E-4
-4.500000E-3	1.163490E-4	7.629450E-6	-6.282164E-4
-4.400000E-3	1.125340E-4	7.629450E-6	-5.888732E-4
-4.300000E-3	1.087190E-4	7.629450E-6	-6.294184E-4
-4.200000E-3	1.049050E-4	5.722080E-6	-5.494403E-4
-4.100000E-3	1.029970E-4	3.814730E-6	-5.748008E-4
-4.000000E-3	9.918260E-5	3.814730E-6	-5.424006E-4
-3.900000E-3	9.536790E-5	3.814730E-6	-5.116723E-4
-3.800000E-3	9.155320E-5	3.814730E-6	-4.477904E-4
-3.700000E-3	9.155320E-5	3.814730E-6	-4.909262E-4
-3.600000E-3	8.773850E-5	5.722080E-6	-4.433413E-4
-3.500000E-3	8.583120E-5	5.722080E-6	-4.264988E-4
-3.400000E-3	8.392380E-5	3.814730E-6	-4.264988E-4
-3.300000E-3	8.010910E-5	3.814730E-6	-4.239908E-4
-3.200000E-3	8.010910E-5	3.814730E-6	-3.938152E-4
-3.100000E-3	7.820180E-5	3.814730E-6	-3.956666E-4
-3.000000E-3	7.629440E-5	3.814730E-6	-3.841919E-4
-2.900000E-3	7.629440E-5	3.814730E-6	-3.817808E-4
-2.800000E-3	7.438710E-5	3.814730E-6	-3.595635E-4
-2.700000E-3	7.247970E-5	3.814730E-6	-3.542925E-4
-2.600000E-3	7.247970E-5	3.814730E-6	-3.483651E-4
-2.500000E-3	6.866500E-5	3.814730E-6	-3.241097E-4
-2.400000E-3	6.675770E-5	3.814730E-6	-3.019822E-4
-2.300000E-3	6.485030E-5	3.814730E-6	-3.162411E-4
-2.200000E-3	6.485030E-5	3.814730E-6	-2.569878E-4
-2.100000E-3	6.294300E-5	1.907360E-6	-2.467152E-4
-2.000000E-3	6.294300E-5	1.907360E-6	-2.716128E-4
-1.900000E-3	6.103560E-5	1.907360E-6	-2.471780E-4
-1.800000E-3	5.912800E-5	1.907360E-6	-2.296861E-4
-1.700000E-3	5.722070E-5	1.907360E-6	-2.642070E-4
-1.600000E-3	5.531330E-5	1.907360E-6	-2.216309E-4
-1.500000E-3	5.531330E-5	1.907360E-6	-2.157932E-4
-1.400000E-3	5.340600E-5	1.907360E-6	-1.917244E-4
-1.300000E-3	5.340600E-5	1.907360E-6	-1.725606E-4
-1.200000E-3	5.149860E-5	1.907360E-6	-1.823704E-4
-1.100000E-3	5.149860E-5	1.907360E-6	-1.719112E-4
-1.000000E-3	5.149860E-5	1.907360E-6	-1.163679E-4
-9.000000E-4	5.149860E-5	3.814730E-6	-1.829301E-4
-8.000000E-4	5.149860E-5	3.814730E-6	-1.738665E-4
-7.000000E-4	5.149860E-5	1.907360E-6	-1.255353E-4
-6.000000E-4	5.149860E-5	1.907360E-6	-1.018326E-4
-5.000000E-4	5.149860E-5	1.907360E-6	-1.037738E-4
-4.000000E-4	4.959130E-5	1.907360E-6	-7.453092E-5
-3.000000E-4	4.959130E-5	1.907360E-6	-9.507626E-5
-2.000000E-4	4.959130E-5	1.907360E-6	-1.012800E-4
-1.000000E-4	4.768390E-5	1.907360E-6	-1.026686E-4
0.000000E+0	4.768390E-5	1.907360E-6	-6.832007E-5
1.000000E-4	4.577660E-5	1.907360E-6	-8.109360E-5
2.000000E-4	4.386930E-5	1.907360E-6	-1.046995E-4
3.000000E-4	4.386930E-5	1.907360E-6	-6.684175E-5
4.000000E-4	4.386930E-5	1.907360E-6	-3.869697E-5
5.000000E-4	4.196190E-5	1.907360E-6	-5.073846E-5
6.000000E-4	4.196190E-5	1.907360E-6	-4.944671E-5
7.000000E-4	4.196190E-5	1.907360E-6	-3.243254E-6
8.000000E-4	4.005460E-5	1.907360E-6	1.425573E-5
9.000000E-4	4.005460E-5	1.907360E-6	1.721946E-5
1.000000E-3	4.005460E-5	0.000000E+0	1.091887E-5
1.100000E-3	4.005460E-5	0.000000E+0	-3.429818E-6
1.200000E-3	4.005460E-5	1.907360E-6	1.064967E-5
1.300000E-3	4.005460E-5	1.907360E-6	-6.110150E-6
1.400000E-3	4.005460E-5	1.907360E-6	3.387534E-5
1.500000E-3	4.196190E-5	3.814730E-6	4.462508E-5
1.600000E-3	4.196190E-5	3.814730E-6	2.721583E-5
1.700000E-3	4.196190E-5	3.814730E-6	2.305008E-5
1.800000E-3	4.005460E-5	3.814730E-6	1.424863E-5
1.900000E-3	3.814720E-5	3.814730E-6	2.212436E-5
2.000000E-3	3.814720E-5	1.907360E-6	7.775739E-5
2.100000E-3	3.814720E-5	1.907360E-6	6.155726E-5
2.200000E-3	4.005460E-5	1.907360E-6	1.090525E-4
2.300000E-3	4.005460E-5	0.000000E+0	8.266940E-5
2.400000E-3	4.005460E-5	1.907360E-6	9.978815E-5
2.500000E-3	4.005460E-5	1.907360E-6	1.173769E-4
2.600000E-3	4.005460E-5	1.907360E-6	1.387653E-4
2.700000E-3	4.005460E-5	1.907360E-6	1.267309E-4
2.800000E-3	4.005460E-5	1.907360E-6	1.495977E-4
2.900000E-3	3.814720E-5	3.814730E-6	1.109936E-4
3.000000E-3	3.814720E-5	3.814730E-6	1.332039E-4
3.100000E-3	3.814720E-5	1.907360E-6	1.846853E-4
3.200000E-3	4.005460E-5	1.907360E-6	1.970929E-4
3.300000E-3	4.196190E-5	1.907360E-6	1.679255E-4
3.400000E-3	4.196190E-5	1.907360E-6	1.653349E-4
3.500000E-3	4.196190E-5	1.907360E-6	1.776527E-4
3.600000E-3	4.196190E-5	1.907360E-6	2.036697E-4
3.700000E-3	4.005460E-5	1.907360E-6	1.886716E-4
3.800000E-3	4.005460E-5	1.907360E-6	2.099632E-4
3.900000E-3	4.196190E-5	1.907360E-6	2.121807E-4
4.000000E-3	4.386930E-5	1.907360E-6	2.155176E-4
4.100000E-3	4.386930E-5	1.907360E-6	2.482838E-4
4.200000E-3	4.386930E-5	1.907360E-6	2.688363E-4
4.300000E-3	4.386930E-5	1.907360E-6	2.219008E-4
4.400000E-3	4.386930E-5	1.907360E-6	2.717103E-4
4.500000E-3	4.577660E-5	1.907360E-6	2.242080E-4
4.600000E-3	4.577660E-5	1.907360E-6	2.748535E-4
4.700000E-3	4.577660E-5	1.907360E-6	2.825426E-4
4.800000E-3	4.768390E-5	1.907360E-6	3.104938E-4
4.900000E-3	4.959130E-5	3.814730E-6	3.239167E-4
5.000000E-3	4.959130E-5	1.907360E-6	3.335400E-4
5.100000E-3	5.149860E-5	1.907360E-6	3.423485E-4
5.200000E-3	5.149860E-5	3.814730E-6	3.308596E-4
5.300000E-3	5.340600E-5	3.814730E-6	3.511358E-4
5.400000E-3	5.340600E-5	3.814730E-6	3.638196E-4
5.500000E-3	5.340600E-5	3.814730E-6	3.912181E-4
5.600000E-3	5.531330E-5	1.907360E-6	3.753014E-4
5.700000E-3	5.722070E-5	1.907360E-6	4.261192E-4
5.800000E-3	5.722070E-5	0.000000E+0	4.026928E-4
5.900000E-3	5.912800E-5	0.000000E+0	4.048276E-4
6.000000E-3	6.103560E-5	0.000000E+0	4.176083E-4
6.100000E-3	6.294300E-5	0.000000E+0	4.840737E-4
6.200000E-3	6.485030E-5	1.907360E-6	4.408410E-4
6.300000E-3	6.485030E-5	1.907360E-6	4.639841E-4
6.400000E-3	6.485030E-5	1.907360E-6	4.813933E-4
6.500000E-3	6.485030E-5	0.000000E+0	4.904640E-4
6.600000E-3	6.675770E-5	1.907360E-6	5.080527E-4
6.700000E-3	6.866500E-5	1.907360E-6	5.205499E-4
6.800000E-3	7.057240E-5	3.814730E-6	5.438796E-4
6.900000E-3	7.438710E-5	3.814730E-6	5.426704E-4
7.000000E-3	7.629440E-5	5.722080E-6	5.654403E-4
7.100000E-3	7.820180E-5	5.722080E-6	5.915542E-4
7.200000E-3	8.010910E-5	3.814730E-6	6.145178E-4
7.300000E-3	8.201650E-5	3.814730E-6	6.450595E-4
7.400000E-3	8.392380E-5	3.814730E-6	6.017372E-4
7.500000E-3	8.583120E-5	3.814730E-6	6.460821E-4
7.600000E-3	8.773850E-5	3.814730E-6	6.779297E-4
7.700000E-3	9.155320E-5	3.814730E-6	6.571907E-4
7.800000E-3	9.155320E-5	5.722080E-6	7.142123E-4
7.900000E-3	9.536790E-5	5.722080E-6	7.107928E-4
8.000000E-3	9.918260E-5	7.629450E-6	7.594901E-4
8.100000E-3	1.029970E-4	7.629450E-6	7.496661E-4
8.200000E-3	1.049050E-4	7.629450E-6	7.662464E-4
8.300000E-3	1.068120E-4	7.629450E-6	7.963324E-4
8.400000E-3	1.106270E-4	5.722080E-6	8.287326E-4
8.500000E-3	1.144410E-4	5.722080E-6	8.739962E-4
8.600000E-3	1.182560E-4	5.722080E-6	9.078818E-4
8.700000E-3	1.201630E-4	5.722080E-6	8.948320E-4
8.800000E-3	1.239790E-4	5.722080E-6	9.379749E-4
8.900000E-3	1.297010E-4	5.722080E-6	9.648208E-4
9.000000E-3	1.335150E-4	7.629450E-6	9.653734E-4
9.100000E-3	1.373300E-4	7.629450E-6	9.620436E-4
9.200000E-3	1.411450E-4	7.629450E-6	1.041006E-3
9.300000E-3	1.449590E-4	7.629450E-6	1.015362E-3
9.400000E-3	1.487740E-4	9.536800E-6	1.021103E-3
9.500000E-3	1.544960E-4	9.536800E-6	1.113033E-3
9.600000E-3	1.583110E-4	9.536800E-6	1.161447E-3
9.700000E-3	1.640330E-4	9.536800E-6	1.133026E-3
9.800000E-3	1.697550E-4	9.536800E-6	1.189868E-3
9.900000E-3	1.754770E-4	9.536800E-6	1.206807E-3
1.000000E-2	1.811990E-4	9.536800E-6	1.255781E-3
1.010000E-2	1.850140E-4	9.536800E-6	1.258379E-3
1.020000E-2	1.907360E-4	9.536800E-6	1.312167E-3
1.030000E-2	1.964580E-4	9.536800E-6	1.395758E-3
1.040000E-2	2.040870E-4	9.536800E-6	1.395945E-3
1.050000E-2	2.098090E-4	1.144420E-5	1.443896E-3
1.060000E-2	2.174390E-4	1.144420E-5	1.472130E-3
1.070000E-2	2.231610E-4	1.144420E-5	1.495729E-3
1.080000E-2	2.307900E-4	1.144420E-5	1.543224E-3
1.090000E-2	2.384200E-4	1.144420E-5	1.582202E-3
1.100000E-2	2.479570E-4	1.144420E-5	1.608025E-3
1.110000E-2	2.555870E-4	1.144420E-5	1.710601E-3
1.120000E-2	2.632160E-4	1.144420E-5	1.749391E-3
1.130000E-2	2.727530E-4	1.335150E-5	1.805121E-3
1.140000E-2	2.803820E-4	1.525890E-5	1.861500E-3
1.150000E-2	2.899190E-4	1.525890E-5	1.902322E-3
1.160000E-2	3.013630E-4	1.525890E-5	1.993243E-3
1.170000E-2	3.128070E-4	1.525890E-5	2.041747E-3
1.180000E-2	3.223440E-4	1.525890E-5	2.113953E-3
1.190000E-2	3.318810E-4	1.525890E-5	2.190975E-3
1.200000E-2	3.433250E-4	1.716630E-5	2.259022E-3
1.210000E-2	3.566760E-4	1.907360E-5	2.361688E-3
1.220000E-2	3.719350E-4	1.907360E-5	2.386496E-3
1.230000E-2	3.852860E-4	2.098100E-5	2.473610E-3
1.240000E-2	4.005450E-4	2.098100E-5	2.593678E-3
1.250000E-2	4.177110E-4	2.098100E-5	2.650706E-3
1.260000E-2	4.329700E-4	2.288830E-5	2.750132E-3
1.270000E-2	4.482290E-4	2.288830E-5	2.855948E-3
1.280000E-2	4.615800E-4	2.288830E-5	2.915649E-3
1.290000E-2	4.749320E-4	2.479560E-5	2.940651E-3
1.300000E-2	4.901920E-4	2.479560E-5	3.175605E-3
1.310000E-2	5.092660E-4	2.479560E-5	3.241711E-3
1.320000E-2	5.264320E-4	2.479560E-5	3.339375E-3
1.330000E-2	5.474130E-4	2.479560E-5	3.446952E-3
1.340000E-2	5.664860E-4	2.670300E-5	3.531559E-3
1.350000E-2	5.874670E-4	2.670300E-5	3.700324E-3
1.360000E-2	6.065410E-4	2.861030E-5	3.837524E-3
1.370000E-2	6.275210E-4	2.861030E-5	3.884826E-3
1.380000E-2	6.485020E-4	3.051780E-5	4.092105E-3
1.390000E-2	6.713900E-4	3.242520E-5	4.190978E-3
1.400000E-2	6.923710E-4	3.242520E-5	4.281788E-3
1.410000E-2	7.133520E-4	3.433250E-5	4.502400E-3
1.420000E-2	7.381480E-4	3.623990E-5	4.578026E-3
1.430000E-2	7.610360E-4	3.623990E-5	4.711987E-3
1.440000E-2	7.858310E-4	3.814720E-5	4.876130E-3
1.450000E-2	8.068120E-4	4.005460E-5	4.925649E-3
1.460000E-2	8.297000E-4	4.196190E-5	5.120990E-3
1.470000E-2	8.525890E-4	4.196190E-5	5.298915E-3
1.480000E-2	8.754770E-4	4.386930E-5	5.374182E-3
1.490000E-2	8.983650E-4	4.386930E-5	5.616169E-3
1.500000E-2	9.231600E-4	4.577660E-5	5.784941E-3
1.510000E-2	9.498630E-4	4.577660E-5	5.952586E-3
1.520000E-2	9.765700E-4	4.577660E-5	6.154034E-3
1.530000E-2	1.005180E-3	4.768390E-5	6.229211E-3
1.540000E-2	1.035700E-3	4.959130E-5	6.572557E-3
1.550000E-2	1.068120E-3	4.959130E-5	6.729295E-3
1.560000E-2	1.096730E-3	5.149860E-5	6.904913E-3
1.570000E-2	1.129160E-3	5.149860E-5	7.204667E-3
1.580000E-2	1.161580E-3	5.531330E-5	7.352700E-3
1.590000E-2	1.192100E-3	5.722070E-5	7.645788E-3
1.600000E-2	1.226430E-3	5.912800E-5	7.778359E-3
1.610000E-2	1.258860E-3	6.103560E-5	8.132552E-3
1.620000E-2	1.293190E-3	6.294300E-5	8.301966E-3
1.630000E-2	1.329430E-3	6.485030E-5	8.580795E-3
1.640000E-2	1.363760E-3	6.485030E-5	8.840198E-3
1.650000E-2	1.398090E-3	6.675770E-5	9.047007E-3
1.660000E-2	1.436240E-3	6.866500E-5	9.412039E-3
1.670000E-2	1.474390E-3	7.057240E-5	9.551912E-3
1.680000E-2	1.512530E-3	7.247970E-5	9.949345E-3
1.690000E-2	1.550680E-3	7.629440E-5	1.026289E-2
1.700000E-2	1.588830E-3	7.820180E-5	1.040500E-2
1.710000E-2	1.628880E-3	7.820180E-5	1.080612E-2
1.720000E-2	1.667030E-3	7.820180E-5	1.121605E-2
1.730000E-2	1.708990E-3	8.010910E-5	1.154544E-2
1.740000E-2	1.752860E-3	8.201650E-5	1.191444E-2
1.750000E-2	1.794820E-3	8.201650E-5	1.215522E-2
1.760000E-2	1.838690E-3	8.583120E-5	1.268929E-2
1.770000E-2	1.884470E-3	8.964590E-5	1.288648E-2
1.780000E-2	1.928340E-3	9.155320E-5	1.341536E-2
1.790000E-2	1.976030E-3	9.155320E-5	1.369087E-2
1.800000E-2	2.019900E-3	9.346050E-5	1.410069E-2
1.810000E-2	2.067580E-3	9.536790E-5	1.449099E-2
1.820000E-2	2.113360E-3	9.918260E-5	1.470512E-2
1.830000E-2	2.161040E-3	1.010900E-4	1.530815E-2
1.840000E-2	2.204910E-3	1.049050E-4	1.564355E-2
1.850000E-2	2.252590E-3	1.087190E-4	1.604561E-2
1.860000E-2	2.298370E-3	1.125340E-4	1.660569E-2
1.870000E-2	2.347960E-3	1.144410E-4	1.691174E-2
1.880000E-2	2.393740E-3	1.163490E-4	1.746350E-2
1.890000E-2	2.441420E-3	1.182560E-4	1.773649E-2
1.900000E-2	2.489100E-3	1.201630E-4	1.815707E-2
1.910000E-2	2.536790E-3	1.201630E-4	1.882610E-2
1.920000E-2	2.586380E-3	1.220710E-4	1.923603E-2
1.930000E-2	2.634060E-3	1.258860E-4	1.970761E-2
1.940000E-2	2.683650E-3	1.297010E-4	2.022251E-2
1.950000E-2	2.731340E-3	1.335150E-4	2.054402E-2
1.960000E-2	2.779020E-3	1.354230E-4	2.130037E-2
1.970000E-2	2.826710E-3	1.411450E-4	2.171473E-2
1.980000E-2	2.880110E-3	1.430520E-4	2.222686E-2
1.990000E-2	2.935420E-3	1.449590E-4	2.301264E-2
2.000000E-2	2.996460E-3	1.468670E-4	2.330944E-2
2.010000E-2	3.049870E-3	1.468670E-4	2.409030E-2
2.020000E-2	3.107090E-3	1.468670E-4	2.461400E-2
2.030000E-2	3.160490E-3	1.468670E-4	2.515863E-2
2.040000E-2	3.215800E-3	1.468670E-4	2.576176E-2
2.050000E-2	3.267300E-3	1.487740E-4	2.615029E-2
2.060000E-2	3.318800E-3	1.544960E-4	2.702059E-2
2.070000E-2	3.372210E-3	1.602180E-4	2.764121E-2
2.080000E-2	3.425610E-3	1.640330E-4	2.804568E-2
2.090000E-2	3.479020E-3	1.659400E-4	2.899068E-2
2.100000E-2	3.536240E-3	1.678480E-4	2.940311E-2
2.110000E-2	3.591550E-3	1.678480E-4	3.012418E-2
2.120000E-2	3.648770E-3	1.697550E-4	3.097697E-2
2.130000E-2	3.702180E-3	1.716620E-4	3.138468E-2
2.140000E-2	3.759400E-3	1.773840E-4	3.241181E-2
2.150000E-2	3.816620E-3	1.831060E-4	3.287718E-2
2.160000E-2	3.875750E-3	1.850140E-4	3.362111E-2
2.170000E-2	3.934890E-3	1.869210E-4	3.454270E-2
2.180000E-2	3.994020E-3	1.926430E-4	3.499456E-2
2.190000E-2	4.051240E-3	1.964580E-4	3.594623E-2
2.200000E-2	4.108460E-3	1.983650E-4	3.657260E-2
2.210000E-2	4.169490E-3	1.983650E-4	3.744022E-2
2.220000E-2	4.230530E-3	1.964580E-4	3.864517E-2
2.230000E-2	4.291560E-3	1.983650E-4	3.928395E-2
2.240000E-2	4.352600E-3	2.021800E-4	3.997150E-2
2.250000E-2	4.413630E-3	2.059950E-4	4.111509E-2
2.260000E-2	4.476580E-3	2.136240E-4	4.167313E-2
2.270000E-2	4.539520E-3	2.212530E-4	4.252269E-2
2.280000E-2	4.598650E-3	2.250680E-4	4.359749E-2
2.290000E-2	4.657780E-3	2.288830E-4	4.416091E-2
2.300000E-2	4.713090E-3	2.250680E-4	4.522543E-2
2.310000E-2	4.770310E-3	2.231610E-4	4.609712E-2
2.320000E-2	4.823710E-3	2.269750E-4	4.675079E-2
2.330000E-2	4.882840E-3	2.307900E-4	4.799139E-2
2.340000E-2	4.938160E-3	2.326970E-4	4.868182E-2
2.350000E-2	4.993470E-3	2.326970E-4	4.977346E-2
2.360000E-2	5.052600E-3	2.326970E-4	5.080272E-2
2.370000E-2	5.106000E-3	2.365120E-4	5.137391E-2
2.380000E-2	5.159410E-3	2.441420E-4	5.269394E-2
2.390000E-2	5.216630E-3	2.498650E-4	5.359747E-2
2.400000E-2	5.273850E-3	2.536790E-4	5.431113E-2
2.410000E-2	5.331070E-3	2.536790E-4	5.570013E-2
2.420000E-2	5.376850E-3	2.555870E-4	5.610552E-2
2.430000E-2	5.422620E-3	2.555870E-4	5.720114E-2
2.440000E-2	5.472210E-3	2.594010E-4	5.852886E-2
2.450000E-2	5.521800E-3	2.613090E-4	5.904867E-2
2.460000E-2	5.571400E-3	2.594010E-4	6.045397E-2
2.470000E-2	5.619080E-3	2.613090E-4	6.138630E-2
2.480000E-2	5.662950E-3	2.632160E-4	6.217781E-2
2.490000E-2	5.710630E-3	2.651230E-4	6.355514E-2
2.500000E-2	5.760220E-3	2.689380E-4	6.449691E-2
2.510000E-2	5.813630E-3	2.765670E-4	6.541498E-2
2.520000E-2	5.867030E-3	2.822890E-4	6.694247E-2
2.530000E-2	5.914720E-3	2.880120E-4	6.759411E-2
2.540000E-2	5.958590E-3	2.880120E-4	6.881240E-2
2.550000E-2	6.002460E-3	2.861040E-4	7.031471E-2
2.560000E-2	6.046320E-3	2.880120E-4	7.098005E-2
2.570000E-2	6.086380E-3	2.899190E-4	7.213530E-2
2.580000E-2	6.128340E-3	2.918260E-4	7.364242E-2
2.590000E-2	6.168400E-3	2.994560E-4	7.449255E-2
2.600000E-2	6.208450E-3	2.994560E-4	7.550411E-2
2.610000E-2	6.248500E-3	2.975480E-4	7.699838E-2
2.620000E-2	6.286650E-3	3.032700E-4	7.762011E-2
2.630000E-2	6.324800E-3	3.032700E-4	7.925721E-2
2.640000E-2	6.362940E-3	3.051780E-4	8.040579E-2
2.650000E-2	6.393460E-3	3.109000E-4	8.118935E-2
2.660000E-2	6.423980E-3	3.166220E-4	8.282312E-2
2.670000E-2	6.460220E-3	3.242510E-4	8.373822E-2
2.680000E-2	6.494550E-3	3.299730E-4	8.479913E-2
2.690000E-2	6.523160E-3	3.299730E-4	8.731385E-2
2.700000E-2	6.553680E-3	3.299730E-4	8.805084E-2
2.710000E-2	6.586100E-3	3.261580E-4	8.970803E-2
2.720000E-2	6.618530E-3	3.242510E-4	9.072775E-2
2.730000E-2	6.647140E-3	3.223440E-4	9.153723E-2
2.740000E-2	6.675750E-3	3.223440E-4	9.334337E-2
2.750000E-2	6.702450E-3	3.280660E-4	9.445575E-2
2.760000E-2	6.725340E-3	3.299730E-4	9.541539E-2
2.770000E-2	6.746320E-3	3.299730E-4	9.713830E-2
2.780000E-2	6.769210E-3	3.299730E-4	9.755869E-2
2.790000E-2	6.788280E-3	3.261580E-4	9.917275E-2
2.800000E-2	6.809260E-3	3.299730E-4	1.003875E-1
2.810000E-2	6.824520E-3	3.318810E-4	1.011973E-1
2.820000E-2	6.839780E-3	3.299730E-4	1.028932E-1
2.830000E-2	6.856950E-3	3.280660E-4	1.040306E-1
2.840000E-2	6.872210E-3	3.299730E-4	1.050340E-1
2.850000E-2	6.891280E-3	3.318810E-4	1.068056E-1
2.860000E-2	6.910350E-3	3.395100E-4	1.075851E-1
2.870000E-2	6.923710E-3	3.414170E-4	1.088587E-1
2.880000E-2	6.937060E-3	3.414170E-4	1.102393E-1
2.890000E-2	6.944690E-3	3.414170E-4	1.110325E-1
2.900000E-2	6.950410E-3	3.395100E-4	1.127719E-1
2.910000E-2	6.958040E-3	3.395100E-4	1.136050E-1
2.920000E-2	6.971390E-3	3.356950E-4	1.148717E-1
2.930000E-2	6.982830E-3	3.337880E-4	1.165725E-1
2.940000E-2	6.990460E-3	3.414170E-4	1.173879E-1
2.950000E-2	6.996180E-3	3.414170E-4	1.188044E-1
2.960000E-2	6.996180E-3	3.395100E-4	1.204351E-1
2.970000E-2	6.996180E-3	3.376030E-4	1.212639E-1
2.980000E-2	6.996180E-3	3.376030E-4	1.225340E-1
2.990000E-2	7.001910E-3	3.395100E-4	1.241213E-1
3.000000E-2	7.003810E-3	3.433250E-4	1.248224E-1
3.010000E-2	7.005720E-3	3.433250E-4	1.263681E-1
3.020000E-2	7.009540E-3	3.414170E-4	1.275031E-1
3.030000E-2	7.007630E-3	3.433250E-4	1.286696E-1
3.040000E-2	7.009540E-3	3.433250E-4	1.304539E-1
3.050000E-2	7.009540E-3	3.509540E-4	1.311412E-1
3.060000E-2	7.009540E-3	3.509540E-4	1.328080E-1
3.070000E-2	7.015260E-3	3.547690E-4	1.336721E-1
3.080000E-2	7.022890E-3	3.528610E-4	1.349753E-1
3.090000E-2	7.026700E-3	3.471390E-4	1.365599E-1
3.100000E-2	7.024790E-3	3.452320E-4	1.374035E-1
3.110000E-2	7.020980E-3	3.414170E-4	1.390806E-1
3.120000E-2	7.015260E-3	3.414170E-4	1.399298E-1
3.130000E-2	7.009540E-3	3.395100E-4	1.411277E-1
3.140000E-2	7.009540E-3	3.356950E-4	1.429249E-1
3.150000E-2	7.009540E-3	3.395100E-4	1.436723E-1
3.160000E-2	7.003810E-3	3.395100E-4	1.450127E-1
3.170000E-2	6.998090E-3	3.395100E-4	1.466786E-1
3.180000E-2	6.992370E-3	3.395100E-4	1.475657E-1
3.190000E-2	6.986650E-3	3.376030E-4	1.492880E-1
3.200000E-2	6.982830E-3	3.395100E-4	1.501622E-1
3.210000E-2	6.971390E-3	3.376030E-4	1.512473E-1
3.220000E-2	6.958040E-3	3.337880E-4	1.529548E-1
3.230000E-2	6.948500E-3	3.318810E-4	1.539437E-1
3.240000E-2	6.940870E-3	3.280660E-4	1.548631E-1
3.250000E-2	6.938960E-3	3.261580E-4	1.566040E-1
3.260000E-2	6.935150E-3	3.299730E-4	1.572960E-1
3.270000E-2	6.929430E-3	3.299730E-4	1.585900E-1
3.280000E-2	6.917980E-3	3.261580E-4	1.601468E-1
3.290000E-2	6.904630E-3	3.280660E-4	1.611070E-1
3.300000E-2	6.891280E-3	3.242510E-4	1.625880E-1
3.310000E-2	6.881740E-3	3.204360E-4	1.638330E-1
3.320000E-2	6.877930E-3	3.261580E-4	1.643075E-1
3.330000E-2	6.876020E-3	3.299730E-4	1.660355E-1
3.340000E-2	6.868390E-3	3.356950E-4	1.668412E-1
3.350000E-2	6.860760E-3	3.395100E-4	1.680815E-1
3.360000E-2	6.855040E-3	3.414170E-4	1.696254E-1
3.370000E-2	6.847410E-3	3.452320E-4	1.703840E-1
3.380000E-2	6.834060E-3	3.452320E-4	1.717057E-1
3.390000E-2	6.820710E-3	3.433250E-4	1.729444E-1
3.400000E-2	6.807360E-3	3.414170E-4	1.738796E-1
3.410000E-2	6.799730E-3	3.356950E-4	1.755566E-1
3.420000E-2	6.788280E-3	3.318810E-4	1.763956E-1
3.430000E-2	6.776840E-3	3.261580E-4	1.775148E-1
3.440000E-2	6.765400E-3	3.185290E-4	1.791040E-1
3.450000E-2	6.753950E-3	3.223440E-4	1.797358E-1
3.460000E-2	6.744410E-3	3.280660E-4	1.813065E-1
3.470000E-2	6.734880E-3	3.337880E-4	1.821732E-1
3.480000E-2	6.723430E-3	3.337880E-4	1.830918E-1
3.490000E-2	6.713900E-3	3.299730E-4	1.849483E-1
3.500000E-2	6.704360E-3	3.318810E-4	1.854921E-1
3.510000E-2	6.687190E-3	3.299730E-4	1.865661E-1
3.520000E-2	6.673840E-3	3.280660E-4	1.882292E-1
3.530000E-2	6.654770E-3	3.299730E-4	1.890572E-1
3.540000E-2	6.641420E-3	3.280660E-4	1.902866E-1
3.550000E-2	6.633790E-3	3.261580E-4	1.918276E-1
3.560000E-2	6.626160E-3	3.261580E-4	1.925093E-1
3.570000E-2	6.614710E-3	3.242510E-4	1.938941E-1
3.580000E-2	6.601360E-3	3.223440E-4	1.949633E-1
3.590000E-2	6.588010E-3	3.242510E-4	1.956377E-1
3.600000E-2	6.574660E-3	3.242510E-4	1.973157E-1
3.610000E-2	6.565120E-3	3.204360E-4	1.981547E-1
3.620000E-2	6.553680E-3	3.166220E-4	1.992009E-1
3.630000E-2	6.546050E-3	3.166220E-4	2.007984E-1
3.640000E-2	6.534610E-3	3.204360E-4	2.014773E-1
3.650000E-2	6.523160E-3	3.166220E-4	2.029463E-1
3.660000E-2	6.513630E-3	3.147140E-4	2.041894E-1
3.670000E-2	6.500270E-3	3.109000E-4	2.052477E-1
3.680000E-2	6.488830E-3	3.051780E-4	2.069238E-1
3.690000E-2	6.475480E-3	3.032700E-4	2.077175E-1
3.700000E-2	6.462130E-3	3.032700E-4	2.091586E-1
3.710000E-2	6.446870E-3	3.070850E-4	2.101188E-1
3.720000E-2	6.429700E-3	3.070850E-4	2.112417E-1
3.730000E-2	6.420170E-3	3.070850E-4	2.128161E-1
3.740000E-2	6.412540E-3	3.128070E-4	2.137726E-1
3.750000E-2	6.397280E-3	3.128070E-4	2.151638E-1
3.760000E-2	6.383930E-3	3.128070E-4	2.164227E-1
3.770000E-2	6.370570E-3	3.147140E-4	2.171933E-1
3.780000E-2	6.361040E-3	3.109000E-4	2.188722E-1
3.790000E-2	6.349590E-3	3.109000E-4	2.193828E-1
3.800000E-2	6.338150E-3	3.109000E-4	2.208925E-1
3.810000E-2	6.322890E-3	3.128070E-4	2.220311E-1
3.820000E-2	6.307630E-3	3.128070E-4	2.229006E-1
3.830000E-2	6.298090E-3	3.089920E-4	2.246350E-1
3.840000E-2	6.286650E-3	3.089920E-4	2.252705E-1
3.850000E-2	6.275210E-3	3.070850E-4	2.265248E-1
3.860000E-2	6.269480E-3	3.032700E-4	2.278264E-1
3.870000E-2	6.258040E-3	2.994560E-4	2.285728E-1
3.880000E-2	6.248500E-3	2.956410E-4	2.301573E-1
3.890000E-2	6.233250E-3	2.975480E-4	2.309307E-1
3.900000E-2	6.217990E-3	2.956410E-4	2.322044E-1
3.910000E-2	6.212260E-3	2.937340E-4	2.335762E-1
3.920000E-2	6.204630E-3	2.937340E-4	2.342422E-1
3.930000E-2	6.193190E-3	2.899190E-4	2.357971E-1
3.940000E-2	6.185560E-3	2.899190E-4	2.366010E-1
3.950000E-2	6.174120E-3	2.918260E-4	2.376638E-1
3.960000E-2	6.164580E-3	2.956410E-4	2.393029E-1
3.970000E-2	6.155040E-3	2.994560E-4	2.398589E-1
3.980000E-2	6.145510E-3	3.032700E-4	2.412214E-1
3.990000E-2	6.134060E-3	3.051780E-4	2.423674E-1
4.000000E-2	6.118800E-3	3.032700E-4	2.432056E-1
4.010000E-2	6.105450E-3	3.013630E-4	2.446754E-1
4.020000E-2	6.092100E-3	3.032700E-4	2.453877E-1
4.030000E-2	6.084470E-3	3.070850E-4	2.470748E-1
4.040000E-2	6.074940E-3	3.070850E-4	2.476863E-1
4.050000E-2	6.069210E-3	2.994560E-4	2.490812E-1
4.060000E-2	6.059680E-3	2.937340E-4	2.501802E-1
4.070000E-2	6.052050E-3	2.937340E-4	2.509193E-1
4.080000E-2	6.044420E-3	2.899190E-4	2.524511E-1
4.090000E-2	6.032970E-3	2.899190E-4	2.526721E-1
4.100000E-2	6.023440E-3	2.899190E-4	2.541207E-1
4.110000E-2	6.017710E-3	2.918260E-4	2.549237E-1
4.120000E-2	6.008180E-3	2.918260E-4	2.556109E-1
4.130000E-2	6.002460E-3	2.899190E-4	2.570975E-1
4.140000E-2	5.994830E-3	2.880120E-4	2.576931E-1
4.150000E-2	5.987200E-3	2.822890E-4	2.592398E-1
4.160000E-2	5.979570E-3	2.822890E-4	2.605755E-1
4.170000E-2	5.971940E-3	2.822890E-4	2.613562E-1
4.180000E-2	5.964310E-3	2.803820E-4	2.627270E-1
4.190000E-2	5.956680E-3	2.841970E-4	2.633735E-1
4.200000E-2	5.950960E-3	2.822890E-4	2.648694E-1
4.210000E-2	5.945240E-3	2.841970E-4	2.658971E-1
4.220000E-2	5.935700E-3	2.803820E-4	2.669192E-1
4.230000E-2	5.928070E-3	2.784750E-4	2.682031E-1
4.240000E-2	5.914720E-3	2.841970E-4	2.686758E-1
4.250000E-2	5.905180E-3	2.841970E-4	2.699051E-1
4.260000E-2	5.899460E-3	2.861040E-4	2.711031E-1
4.270000E-2	5.888020E-3	2.861040E-4	2.719235E-1
4.280000E-2	5.876570E-3	2.861040E-4	2.733962E-1
4.290000E-2	5.868940E-3	2.861040E-4	2.744663E-1
4.300000E-2	5.859400E-3	2.822890E-4	2.750251E-1
4.310000E-2	5.855590E-3	2.784750E-4	2.764718E-1
4.320000E-2	5.853680E-3	2.784750E-4	2.771878E-1
4.330000E-2	5.846050E-3	2.784750E-4	2.783117E-1
4.340000E-2	5.838420E-3	2.803820E-4	2.796233E-1
4.350000E-2	5.832700E-3	2.803820E-4	2.803587E-1
4.360000E-2	5.825070E-3	2.765670E-4	2.817582E-1
4.370000E-2	5.817440E-3	2.784750E-4	2.826102E-1
4.380000E-2	5.806000E-3	2.803820E-4	2.836389E-1
4.390000E-2	5.800280E-3	2.784750E-4	2.850346E-1
4.400000E-2	5.792650E-3	2.784750E-4	2.857423E-1
4.410000E-2	5.783110E-3	2.765670E-4	2.871020E-1
4.420000E-2	5.779300E-3	2.784750E-4	2.886746E-1
4.430000E-2	5.771670E-3	2.841970E-4	2.892444E-1
4.440000E-2	5.765940E-3	2.841970E-4	2.905264E-1
4.450000E-2	5.760220E-3	2.841970E-4	2.915698E-1
4.460000E-2	5.752590E-3	2.803820E-4	2.922959E-1
4.470000E-2	5.743060E-3	2.765670E-4	2.938195E-1
4.480000E-2	5.735430E-3	2.708450E-4	2.945058E-1
4.490000E-2	5.727800E-3	2.708450E-4	2.955335E-1
4.500000E-2	5.723980E-3	2.727530E-4	2.974160E-1
4.510000E-2	5.720170E-3	2.765670E-4	2.980246E-1
4.520000E-2	5.718260E-3	2.784750E-4	2.994510E-1
4.530000E-2	5.716350E-3	2.841970E-4	3.003982E-1
4.540000E-2	5.710630E-3	2.861040E-4	3.011835E-1
4.550000E-2	5.704910E-3	2.765670E-4	3.024730E-1
4.560000E-2	5.697280E-3	2.765670E-4	3.034193E-1
4.570000E-2	5.685840E-3	2.803820E-4	3.041408E-1
4.580000E-2	5.678210E-3	2.765670E-4	3.057235E-1
4.590000E-2	5.672480E-3	2.746600E-4	3.064459E-1
4.600000E-2	5.664860E-3	2.708450E-4	3.074570E-1
4.610000E-2	5.664860E-3	2.708450E-4	3.087695E-1
4.620000E-2	5.661040E-3	2.727530E-4	3.093338E-1
4.630000E-2	5.653410E-3	2.689380E-4	3.107963E-1
4.640000E-2	5.647690E-3	2.689380E-4	3.120052E-1
4.650000E-2	5.640060E-3	2.746600E-4	3.129598E-1
4.660000E-2	5.634340E-3	2.784750E-4	3.142771E-1
4.670000E-2	5.622890E-3	2.841970E-4	3.152150E-1
4.680000E-2	5.613360E-3	2.822890E-4	3.165674E-1
4.690000E-2	5.611450E-3	2.803820E-4	3.173732E-1
