9.885466E-2
9.888590E-2
9.885669E-2
9.882558E-2
9.906180E-2
9.913463E-2
9.875102E-2
9.908662E-2
9.821233E-2
9.759160E-2
9.730643E-2
9.790849E-2
9.789128E-2
9.762671E-2
9.721112E-2
9.712074E-2
9.667731E-2
9.455800E-2
9.294488E-2
9.216309E-2
9.197913E-2
9.162879E-2
9.213557E-2
9.206523E-2
9.174643E-2
9.222043E-2
9.171094E-2
9.170757E-2
9.218180E-2
9.178904E-2
9.184106E-2
9.173464E-2
9.150199E-2
9.141468E-2
9.160943E-2
9.165837E-2
9.165945E-2
9.181396E-2
9.186418E-2
9.172778E-2
9.155522E-2
9.194972E-2
9.193647E-2
9.178856E-2
9.160763E-2
9.218808E-2
9.195226E-2
9.178724E-2
9.196130E-2
9.144493E-2
9.174018E-2
9.193791E-2
9.199601E-2
9.168303E-2
9.205944E-2
9.164213E-2
9.145838E-2
9.205172E-2
9.217504E-2
9.177243E-2
9.168591E-2
9.202447E-2
9.183757E-2
9.187984E-2
9.169939E-2
9.196937E-2
9.205606E-2
9.209358E-2
9.192345E-2
9.154608E-2
9.205112E-2
9.208875E-2
