8.333908E-2
8.461650E-2
8.534076E-2
8.647193E-2
8.699857E-2
8.788827E-2
8.807646E-2
8.840297E-2
8.860292E-2
8.895736E-2
8.902082E-2
8.923031E-2
8.922216E-2
9.088538E-2
9.077730E-2
9.066871E-2
9.113881E-2
9.064888E-2
9.099127E-2
9.051021E-2
9.079606E-2
9.086313E-2
9.097116E-2
9.097116E-2
9.085955E-2
9.097930E-2
9.094807E-2
9.086588E-2
9.075029E-2
9.085405E-2
9.094448E-2
9.077013E-2
9.071768E-2
9.116925E-2
9.088789E-2
9.111832E-2
9.099618E-2
9.090404E-2
9.083695E-2
9.084520E-2
9.068268E-2
9.092557E-2
9.112767E-2
9.113510E-2
9.107831E-2
9.096709E-2
9.094519E-2
9.098349E-2
9.106490E-2
9.107604E-2
9.114121E-2
9.110419E-2
9.107352E-2
9.100456E-2
9.117884E-2
9.085058E-2
9.114564E-2
9.105652E-2
9.129419E-2
9.113126E-2
9.119874E-2
9.127799E-2
9.115978E-2
9.088741E-2
9.114061E-2
9.128027E-2
9.115283E-2
9.077395E-2
9.119406E-2
9.094986E-2
9.141348E-2
9.103281E-2
9.095548E-2
9.100360E-2
9.120077E-2
9.126336E-2
9.098457E-2
9.100240E-2
9.156471E-2
9.102886E-2
9.111257E-2
9.114924E-2
9.110634E-2
9.112647E-2
9.118591E-2
9.114492E-2
9.150847E-2
9.132370E-2
9.132022E-2
9.073500E-2
9.107041E-2
9.098469E-2
9.103520E-2
