8.000000E+0
7.750000E+0
7.500000E+0
7.250000E+0
7.000000E+0
6.750000E+0
6.500000E+0
6.250000E+0
6.000000E+0
5.750000E+0
5.500000E+0
5.250000E+0
5.000000E+0
4.750000E+0
4.500000E+0
4.250000E+0
4.000000E+0
3.750000E+0
3.500000E+0
3.250000E+0
3.000000E+0
2.750000E+0
2.500000E+0
2.250000E+0
2.000000E+0
2.100000E+0
2.000000E+0
1.900000E+0
1.800000E+0
1.700000E+0
1.600000E+0
1.500000E+0
1.400000E+0
1.300000E+0
1.200000E+0
1.100000E+0
1.000000E+0
9.000000E-1
8.000000E-1
7.000000E-1
6.000000E-1
5.000000E-1
4.000000E-1
3.000000E-1
2.000000E-1
1.000000E-1
0.000000E+0
-1.000000E-1
-2.000000E-1
-3.000000E-1
-4.000000E-1
-5.000000E-1
-6.000000E-1
-7.000000E-1
-8.000000E-1
-9.000000E-1
-1.000000E+0
-1.100000E+0
-1.200000E+0
-1.300000E+0
-1.400000E+0
-1.500000E+0
-1.600000E+0
-1.700000E+0
-1.800000E+0
-1.900000E+0
-2.000000E+0
-1.750000E+0
-2.000000E+0
-2.250000E+0
-2.500000E+0
-2.750000E+0
-3.000000E+0
-3.250000E+0
-3.500000E+0
-3.750000E+0
-4.000000E+0
-4.250000E+0
-4.500000E+0
-4.750000E+0
-5.000000E+0
-5.250000E+0
-5.500000E+0
-5.750000E+0
-6.000000E+0
-6.250000E+0
-6.500000E+0
-6.750000E+0
-7.000000E+0
-7.250000E+0
-7.500000E+0
-7.750000E+0
-8.000000E+0
