9.257493E-2
9.273142E-2
9.267786E-2
9.255980E-2
9.249179E-2
9.260701E-2
9.240555E-2
9.230668E-2
9.221560E-2
9.215741E-2
9.227490E-2
9.217455E-2
9.209660E-2
9.196744E-2
9.193478E-2
9.202555E-2
9.199131E-2
9.165200E-2
9.167557E-2
9.200421E-2
9.171142E-2
9.189634E-2
9.174234E-2
9.169433E-2
9.143317E-2
9.187695E-2
9.166053E-2
9.175149E-2
9.168411E-2
9.173958E-2
9.133258E-2
9.170348E-2
9.181565E-2
9.178880E-2
9.146319E-2
9.157385E-2
9.139847E-2
9.179374E-2
9.170913E-2
9.136654E-2
9.153563E-2
9.163107E-2
9.162843E-2
9.159921E-2
9.149274E-2
9.182227E-2
9.140147E-2
9.159945E-2
9.168868E-2
9.164093E-2
9.160486E-2
9.158454E-2
9.170673E-2
9.174944E-2
9.175450E-2
9.152638E-2
9.166595E-2
9.154176E-2
9.164478E-2
9.174319E-2
9.180963E-2
9.194382E-2
9.181890E-2
9.161304E-2
9.185599E-2
9.170600E-2
9.170709E-2
9.202700E-2
9.177701E-2
9.178290E-2
9.179085E-2
9.176726E-2
9.183371E-2
9.211095E-2
9.197238E-2
9.213159E-2
9.211264E-2
9.191116E-2
9.216924E-2
9.209430E-2
9.232988E-2
9.224410E-2
9.225304E-2
9.241752E-2
9.247158E-2
9.290580E-2
9.247340E-2
9.276124E-2
9.294634E-2
9.263801E-2
9.315174E-2
9.310871E-2
9.348007E-2
