-1.070000E-1	3.811566E-3
-1.069000E-1	3.764931E-3
-1.068000E-1	3.767887E-3
-1.067000E-1	3.770272E-3
-1.066000E-1	3.771608E-3
-1.065000E-1	3.772942E-3
-1.064000E-1	3.773895E-3
-1.063000E-1	3.775040E-3
-1.062000E-1	3.775135E-3
-1.061000E-1	3.776088E-3
-1.060000E-1	3.777042E-3
-1.059000E-1	3.778569E-3
-1.058000E-1	3.780380E-3
-1.057000E-1	3.782002E-3
-1.056000E-1	3.783719E-3
-1.055000E-1	3.784863E-3
-1.054000E-1	3.786389E-3
-1.053000E-1	3.787723E-3
-1.052000E-1	3.788963E-3
-1.051000E-1	3.790871E-3
-1.050000E-1	3.792872E-3
-1.049000E-1	3.794971E-3
-1.048000E-1	3.797069E-3
-1.047000E-1	3.798310E-3
-1.046000E-1	3.799073E-3
-1.045000E-1	3.799836E-3
-1.044000E-1	3.800978E-3
-1.043000E-1	3.802122E-3
-1.042000E-1	3.803173E-3
-1.041000E-1	3.804127E-3
-1.040000E-1	3.804794E-3
-1.039000E-1	3.806320E-3
-1.038000E-1	3.807655E-3
-1.037000E-1	3.809467E-3
-1.036000E-1	3.811850E-3
-1.035000E-1	3.814426E-3
-1.034000E-1	3.816047E-3
-1.033000E-1	3.817859E-3
-1.032000E-1	3.820051E-3
-1.031000E-1	3.821959E-3
-1.030000E-1	3.824248E-3
-1.029000E-1	3.826251E-3
-1.028000E-1	3.827301E-3
-1.027000E-1	3.827778E-3
-1.026000E-1	3.828732E-3
-1.025000E-1	3.829304E-3
-1.024000E-1	3.830544E-3
-1.023000E-1	3.832355E-3
-1.022000E-1	3.834168E-3
-1.021000E-1	3.836075E-3
-1.020000E-1	3.838079E-3
-1.019000E-1	3.840081E-3
-1.018000E-1	3.842464E-3
-1.017000E-1	3.844753E-3
-1.016000E-1	3.847520E-3
-1.015000E-1	3.850571E-3
-1.014000E-1	3.852955E-3
-1.013000E-1	3.855816E-3
-1.012000E-1	3.857819E-3
-1.011000E-1	3.859441E-3
-1.010000E-1	3.861443E-3
-1.009000E-1	3.863064E-3
-1.008000E-1	3.864971E-3
-1.007000E-1	3.866784E-3
-1.006000E-1	3.868404E-3
-1.005000E-1	3.870598E-3
-1.004000E-1	3.872983E-3
-1.003000E-1	3.876224E-3
-1.002000E-1	3.878799E-3
-1.001000E-1	3.882137E-3
-1.000000E-1	3.884997E-3
-9.990000E-2	3.887764E-3
-9.980000E-2	3.890910E-3
-9.970000E-2	3.893297E-3
-9.960000E-2	3.896253E-3
-9.950000E-2	3.898163E-3
-9.940000E-2	3.900071E-3
-9.930000E-2	3.901883E-3
-9.920000E-2	3.903410E-3
-9.910000E-2	3.904939E-3
-9.900000E-2	3.907229E-3
-9.890000E-2	3.909138E-3
-9.880000E-2	3.910949E-3
-9.870000E-2	3.912667E-3
-9.860000E-2	3.914576E-3
-9.850000E-2	3.916197E-3
-9.840000E-2	3.918106E-3
-9.830000E-2	3.920108E-3
-9.820000E-2	3.922206E-3
-9.810000E-2	3.924399E-3
-9.800000E-2	3.926690E-3
-9.790000E-2	3.929548E-3
-9.780000E-2	3.931456E-3
-9.770000E-2	3.933553E-3
-9.760000E-2	3.935461E-3
-9.750000E-2	3.937274E-3
-9.740000E-2	3.939085E-3
-9.730000E-2	3.941566E-3
-9.720000E-2	3.943950E-3
-9.710000E-2	3.945857E-3
-9.700000E-2	3.948240E-3
-9.690000E-2	3.950815E-3
-9.680000E-2	3.953105E-3
-9.670000E-2	3.956062E-3
-9.660000E-2	3.958827E-3
-9.650000E-2	3.961211E-3
-9.640000E-2	3.964264E-3
-9.630000E-2	3.967124E-3
-9.620000E-2	3.969986E-3
-9.610000E-2	3.972561E-3
-9.600000E-2	3.975134E-3
-9.590000E-2	3.977711E-3
-9.580000E-2	3.980285E-3
-9.570000E-2	3.983242E-3
-9.560000E-2	3.985817E-3
-9.550000E-2	3.989058E-3
-9.540000E-2	3.991825E-3
-9.530000E-2	3.995160E-3
-9.520000E-2	3.998787E-3
-9.510000E-2	4.002029E-3
-9.500000E-2	4.004889E-3
-9.490000E-2	4.007847E-3
-9.480000E-2	4.010039E-3
-9.470000E-2	4.012233E-3
-9.460000E-2	4.014903E-3
-9.450000E-2	4.017764E-3
-9.440000E-2	4.020911E-3
-9.430000E-2	4.024535E-3
-9.420000E-2	4.027683E-3
-9.410000E-2	4.031210E-3
-9.400000E-2	4.034454E-3
-9.390000E-2	4.037886E-3
-9.380000E-2	4.041131E-3
-9.370000E-2	4.044945E-3
-9.360000E-2	4.048855E-3
-9.350000E-2	4.052860E-3
-9.340000E-2	4.056485E-3
-9.330000E-2	4.059537E-3
-9.320000E-2	4.063064E-3
-9.310000E-2	4.066401E-3
-9.300000E-2	4.070216E-3
-9.290000E-2	4.074318E-3
-9.280000E-2	4.077560E-3
-9.270000E-2	4.080709E-3
-9.260000E-2	4.084140E-3
-9.250000E-2	4.086715E-3
-9.240000E-2	4.089767E-3
-9.230000E-2	4.092913E-3
-9.220000E-2	4.095965E-3
-9.210000E-2	4.100066E-3
-9.200000E-2	4.103880E-3
-9.190000E-2	4.107123E-3
-9.180000E-2	4.109984E-3
-9.170000E-2	4.112465E-3
-9.160000E-2	4.115421E-3
-9.150000E-2	4.118186E-3
-9.140000E-2	4.121620E-3
-9.130000E-2	4.124670E-3
-9.120000E-2	4.127723E-3
-9.110000E-2	4.131538E-3
-9.100000E-2	4.134494E-3
-9.090000E-2	4.137547E-3
-9.080000E-2	4.140502E-3
-9.070000E-2	4.143459E-3
-9.060000E-2	4.146225E-3
-9.050000E-2	4.149563E-3
-9.040000E-2	4.153092E-3
-9.030000E-2	4.156810E-3
-9.020000E-2	4.160626E-3
-9.010000E-2	4.164821E-3
-9.000000E-2	4.168445E-3
-8.990000E-2	4.172545E-3
-8.980000E-2	4.176647E-3
-8.970000E-2	4.180746E-3
-8.960000E-2	4.184942E-3
-8.950000E-2	4.189902E-3
-8.940000E-2	4.194768E-3
-8.930000E-2	4.199058E-3
-8.920000E-2	4.203730E-3
-8.910000E-2	4.208117E-3
-8.900000E-2	4.212505E-3
-8.890000E-2	4.216511E-3
-8.880000E-2	4.220039E-3
-8.870000E-2	4.224903E-3
-8.860000E-2	4.229195E-3
-8.850000E-2	4.233583E-3
-8.840000E-2	4.238349E-3
-8.830000E-2	4.242928E-3
-8.820000E-2	4.247695E-3
-8.810000E-2	4.252655E-3
-8.800000E-2	4.257327E-3
-8.790000E-2	4.262381E-3
-8.780000E-2	4.267056E-3
-8.770000E-2	4.272586E-3
-8.760000E-2	4.278117E-3
-8.750000E-2	4.283839E-3
-8.740000E-2	4.289848E-3
-8.730000E-2	4.296237E-3
-8.720000E-2	4.301674E-3
-8.710000E-2	4.307013E-3
-8.700000E-2	4.312926E-3
-8.690000E-2	4.318173E-3
-8.680000E-2	4.323798E-3
-8.670000E-2	4.329425E-3
-8.660000E-2	4.335242E-3
-8.650000E-2	4.341059E-3
-8.640000E-2	4.346687E-3
-8.630000E-2	4.352123E-3
-8.620000E-2	4.358132E-3
-8.610000E-2	4.365091E-3
-8.600000E-2	4.372436E-3
-8.590000E-2	4.379304E-3
-8.580000E-2	4.386742E-3
-8.570000E-2	4.393703E-3
-8.560000E-2	4.401046E-3
-8.550000E-2	4.408008E-3
-8.540000E-2	4.415257E-3
-8.530000E-2	4.422027E-3
-8.520000E-2	4.429084E-3
-8.510000E-2	4.435760E-3
-8.500000E-2	4.442531E-3
-8.490000E-2	4.450161E-3
-8.480000E-2	4.458171E-3
-8.470000E-2	4.465896E-3
-8.460000E-2	4.473238E-3
-8.450000E-2	4.480295E-3
-8.440000E-2	4.486589E-3
-8.430000E-2	4.493457E-3
-8.420000E-2	4.501087E-3
-8.410000E-2	4.509383E-3
-8.400000E-2	4.517107E-3
-8.390000E-2	4.525691E-3
-8.380000E-2	4.533797E-3
-8.370000E-2	4.541426E-3
-8.360000E-2	4.550009E-3
-8.350000E-2	4.558118E-3
-8.340000E-2	4.566319E-3
-8.330000E-2	4.574329E-3
-8.320000E-2	4.583008E-3
-8.310000E-2	4.592163E-3
-8.300000E-2	4.601507E-3
-8.290000E-2	4.610758E-3
-8.280000E-2	4.620677E-3
-8.270000E-2	4.630214E-3
-8.260000E-2	4.639082E-3
-8.250000E-2	4.648239E-3
-8.240000E-2	4.657585E-3
-8.230000E-2	4.666835E-3
-8.220000E-2	4.676371E-3
-8.210000E-2	4.686003E-3
-8.200000E-2	4.696305E-3
-8.190000E-2	4.705745E-3
-8.180000E-2	4.715377E-3
-8.170000E-2	4.725104E-3
-8.160000E-2	4.735691E-3
-8.150000E-2	4.746276E-3
-8.140000E-2	4.756384E-3
-8.130000E-2	4.766684E-3
-8.120000E-2	4.777080E-3
-8.110000E-2	4.787569E-3
-8.100000E-2	4.798633E-3
-8.090000E-2	4.809219E-3
-8.080000E-2	4.820091E-3
-8.070000E-2	4.831058E-3
-8.060000E-2	4.842789E-3
-8.050000E-2	4.854995E-3
-8.040000E-2	4.866821E-3
-8.030000E-2	4.879314E-3
-8.020000E-2	4.891997E-3
-8.010000E-2	4.904872E-3
-8.000000E-2	4.918033E-3
-7.990000E-2	4.930907E-3
-7.980000E-2	4.943686E-3
-7.970000E-2	4.957228E-3
-7.960000E-2	4.970484E-3
-7.950000E-2	4.984028E-3
-7.940000E-2	4.997951E-3
-7.930000E-2	5.012636E-3
-7.920000E-2	5.028088E-3
-7.910000E-2	5.043347E-3
-7.900000E-2	5.058605E-3
-7.890000E-2	5.073481E-3
-7.880000E-2	5.088548E-3
-7.870000E-2	5.104285E-3
-7.860000E-2	5.119831E-3
-7.850000E-2	5.135663E-3
-7.840000E-2	5.152257E-3
-7.830000E-2	5.167897E-3
-7.820000E-2	5.184584E-3
-7.810000E-2	5.201465E-3
-7.800000E-2	5.217868E-3
-7.790000E-2	5.233604E-3
-7.780000E-2	5.249243E-3
-7.770000E-2	5.265265E-3
-7.760000E-2	5.281955E-3
-7.750000E-2	5.298835E-3
-7.740000E-2	5.316001E-3
-7.730000E-2	5.333072E-3
-7.720000E-2	5.351286E-3
-7.710000E-2	5.369407E-3
-7.700000E-2	5.387621E-3
-7.690000E-2	5.405456E-3
-7.680000E-2	5.423767E-3
-7.670000E-2	5.442172E-3
-7.660000E-2	5.461627E-3
-7.650000E-2	5.480606E-3
-7.640000E-2	5.500727E-3
-7.630000E-2	5.521136E-3
-7.620000E-2	5.541260E-3
-7.610000E-2	5.561953E-3
-7.600000E-2	5.582935E-3
-7.590000E-2	5.604489E-3
-7.580000E-2	5.625564E-3
-7.570000E-2	5.646926E-3
-7.560000E-2	5.668670E-3
-7.550000E-2	5.690222E-3
-7.540000E-2	5.712540E-3
-7.530000E-2	5.734855E-3
-7.520000E-2	5.757268E-3
-7.510000E-2	5.780535E-3
-7.500000E-2	5.803806E-3
-7.490000E-2	5.827074E-3
-7.480000E-2	5.849772E-3
-7.470000E-2	5.872471E-3
-7.460000E-2	5.895073E-3
-7.450000E-2	5.918343E-3
-7.440000E-2	5.942564E-3
-7.430000E-2	5.967646E-3
-7.420000E-2	5.993396E-3
-7.410000E-2	6.019050E-3
-7.400000E-2	6.045084E-3
-7.390000E-2	6.070740E-3
-7.380000E-2	6.096965E-3
-7.370000E-2	6.123383E-3
-7.360000E-2	6.149799E-3
-7.350000E-2	6.177646E-3
-7.340000E-2	6.205875E-3
-7.330000E-2	6.234960E-3
-7.320000E-2	6.264430E-3
-7.310000E-2	6.294471E-3
-7.300000E-2	6.325083E-3
-7.290000E-2	6.356937E-3
-7.280000E-2	6.390029E-3
-7.270000E-2	6.423407E-3
-7.260000E-2	6.458026E-3
-7.250000E-2	6.492263E-3
-7.240000E-2	6.525833E-3
-7.230000E-2	6.560737E-3
-7.220000E-2	6.595928E-3
-7.210000E-2	6.631881E-3
-7.200000E-2	6.667167E-3
-7.190000E-2	6.701977E-3
-7.180000E-2	6.737548E-3
-7.170000E-2	6.774456E-3
-7.160000E-2	6.812413E-3
-7.150000E-2	6.849892E-3
-7.140000E-2	6.888229E-3
-7.130000E-2	6.927328E-3
-7.120000E-2	6.967384E-3
-7.110000E-2	7.008391E-3
-7.100000E-2	7.049685E-3
-7.090000E-2	7.090502E-3
-7.080000E-2	7.131606E-3
-7.070000E-2	7.174141E-3
-7.060000E-2	7.216578E-3
-7.050000E-2	7.260543E-3
-7.040000E-2	7.309943E-3
-7.030000E-2	7.355052E-3
-7.020000E-2	7.401782E-3
-7.010000E-2	7.449751E-3
-7.000000E-2	7.500106E-3
-6.990000E-2	7.551509E-3
-6.980000E-2	7.605200E-3
-6.970000E-2	7.659085E-3
-6.960000E-2	7.714787E-3
-6.950000E-2	7.771154E-3
-6.940000E-2	7.828284E-3
-6.930000E-2	7.886460E-3
-6.920000E-2	7.946354E-3
-6.910000E-2	8.007487E-3
-6.900000E-2	8.070049E-3
-6.890000E-2	8.134235E-3
-6.880000E-2	8.199084E-3
-6.870000E-2	8.263552E-3
-6.860000E-2	8.328975E-3
-6.850000E-2	8.395349E-3
-6.840000E-2	8.463156E-3
-6.830000E-2	8.532584E-3
-6.820000E-2	8.603155E-3
-6.810000E-2	8.674108E-3
-6.800000E-2	8.745158E-3
-6.790000E-2	8.822501E-3
-6.780000E-2	8.892022E-3
-6.770000E-2	8.961642E-3
-6.760000E-2	9.031260E-3
-6.750000E-2	9.102023E-3
-6.740000E-2	9.174597E-3
-6.730000E-2	9.247745E-3
-6.720000E-2	9.321464E-3
-6.710000E-2	9.394610E-3
-6.700000E-2	9.465945E-3
-6.690000E-2	9.535467E-3
-6.680000E-2	9.604513E-3
-6.670000E-2	9.672796E-3
-6.660000E-2	9.740412E-3
-6.650000E-2	9.806025E-3
-6.640000E-2	9.871063E-3
-6.630000E-2	9.934584E-3
-6.620000E-2	9.996380E-3
-6.610000E-2	1.005589E-2
-6.600000E-2	1.011186E-2
-6.590000E-2	1.016423E-2
-6.580000E-2	1.021324E-2
-6.570000E-2	1.025797E-2
-6.560000E-2	1.029764E-2
-6.550000E-2	1.033235E-2
-6.540000E-2	1.036125E-2
-6.530000E-2	1.038433E-2
-6.520000E-2	1.040160E-2
-6.510000E-2	1.041179E-2
-6.500000E-2	1.041523E-2
-6.490000E-2	1.041018E-2
-6.480000E-2	1.039711E-2
-6.470000E-2	1.037575E-2
-6.460000E-2	1.034580E-2
-6.450000E-2	1.030555E-2
-6.440000E-2	1.025540E-2
-6.430000E-2	1.019541E-2
-6.420000E-2	1.012693E-2
-6.410000E-2	1.004902E-2
-6.400000E-2	9.962048E-3
-6.390000E-2	9.865545E-3
-6.380000E-2	9.761874E-3
-6.370000E-2	9.650956E-3
-6.360000E-2	9.532798E-3
-6.350000E-2	9.409009E-3
-6.340000E-2	9.278644E-3
-6.330000E-2	9.144556E-3
-6.320000E-2	9.007227E-3
-6.310000E-2	8.867229E-3
-6.300000E-2	8.723986E-3
-6.290000E-2	8.579791E-3
-6.280000E-2	8.434354E-3
-6.270000E-2	8.286055E-3
-6.260000E-2	8.138423E-3
-6.250000E-2	7.992126E-3
-6.240000E-2	7.845162E-3
-6.230000E-2	7.699912E-3
-6.220000E-2	7.556095E-3
-6.210000E-2	7.414471E-3
-6.200000E-2	7.275231E-3
-6.190000E-2	7.138378E-3
-6.180000E-2	7.004006E-3
-6.170000E-2	6.872208E-3
-6.160000E-2	6.742412E-3
-6.150000E-2	6.614048E-3
-6.140000E-2	6.487877E-3
-6.130000E-2	6.363232E-3
-6.120000E-2	6.240684E-3
-6.110000E-2	6.120997E-3
-6.100000E-2	6.002552E-3
-6.090000E-2	5.886108E-3
-6.080000E-2	5.772430E-3
-6.070000E-2	5.659990E-3
-6.060000E-2	5.550892E-3
-6.050000E-2	5.442458E-3
-6.040000E-2	5.336696E-3
-6.030000E-2	5.233605E-3
-6.020000E-2	5.131848E-3
-6.010000E-2	5.034190E-3
-6.000000E-2	4.938251E-3
-5.990000E-2	4.844599E-3
-5.980000E-2	4.752475E-3
-5.970000E-2	4.662639E-3
-5.960000E-2	4.574996E-3
-5.950000E-2	4.489833E-3
-5.940000E-2	4.406768E-3
-5.930000E-2	4.325228E-3
-5.920000E-2	4.245312E-3
-5.910000E-2	4.167201E-3
-5.900000E-2	4.089761E-3
-5.890000E-2	4.014041E-3
-5.880000E-2	3.939270E-3
-5.870000E-2	3.866217E-3
-5.860000E-2	3.794022E-3
-5.850000E-2	3.724022E-3
-5.840000E-2	3.655261E-3
-5.830000E-2	3.587072E-3
-5.820000E-2	3.515258E-3
-5.810000E-2	3.451076E-3
-5.800000E-2	3.387752E-3
-5.790000E-2	3.325955E-3
-5.780000E-2	3.265490E-3
-5.770000E-2	3.205123E-3
-5.760000E-2	3.146568E-3
-5.750000E-2	3.088680E-3
-5.740000E-2	3.031746E-3
-5.730000E-2	2.976337E-3
-5.720000E-2	2.923123E-3
-5.710000E-2	2.870860E-3
-5.700000E-2	2.819172E-3
-5.690000E-2	2.768341E-3
-5.680000E-2	2.717510E-3
-5.670000E-2	2.668109E-3
-5.660000E-2	2.619281E-3
-5.650000E-2	2.571407E-3
-5.640000E-2	2.523820E-3
-5.630000E-2	2.477471E-3
-5.620000E-2	2.431598E-3
-5.610000E-2	2.386966E-3
-5.600000E-2	2.343289E-3
-5.590000E-2	2.300468E-3
-5.580000E-2	2.257934E-3
-5.570000E-2	2.216545E-3
-5.560000E-2	2.175631E-3
-5.550000E-2	2.134815E-3
-5.540000E-2	2.095237E-3
-5.530000E-2	2.056518E-3
-5.520000E-2	2.018656E-3
-5.510000E-2	1.981461E-3
-5.500000E-2	1.945316E-3
-5.490000E-2	1.909551E-3
-5.480000E-2	1.875219E-3
-5.470000E-2	1.840029E-3
-5.460000E-2	1.805696E-3
-5.450000E-2	1.770790E-3
-5.440000E-2	1.736840E-3
-5.430000E-2	1.702794E-3
-5.420000E-2	1.669605E-3
-5.410000E-2	1.637085E-3
-5.400000E-2	1.605329E-3
-5.390000E-2	1.574047E-3
-5.380000E-2	1.543720E-3
-5.370000E-2	1.514442E-3
-5.360000E-2	1.485164E-3
-5.350000E-2	1.457221E-3
-5.340000E-2	1.429660E-3
-5.330000E-2	1.404198E-3
-5.320000E-2	1.379403E-3
-5.310000E-2	1.355560E-3
-5.300000E-2	1.333054E-3
-5.290000E-2	1.312072E-3
-5.280000E-2	1.292044E-3
-5.270000E-2	1.273258E-3
-5.260000E-2	1.255233E-3
-5.250000E-2	1.238448E-3
-5.240000E-2	1.222427E-3
-5.230000E-2	1.206978E-3
-5.220000E-2	1.192004E-3
-5.210000E-2	1.177603E-3
-5.200000E-2	1.163585E-3
-5.190000E-2	1.150328E-3
-5.180000E-2	1.137169E-3
-5.170000E-2	1.124390E-3
-5.160000E-2	1.111418E-3
-5.150000E-2	1.098831E-3
-5.140000E-2	1.086718E-3
-5.130000E-2	1.075180E-3
-5.120000E-2	1.063448E-3
-5.110000E-2	1.052674E-3
-5.100000E-2	1.042087E-3
-5.090000E-2	1.031597E-3
-5.080000E-2	1.021583E-3
-5.070000E-2	1.012237E-3
-5.060000E-2	1.002604E-3
-5.050000E-2	9.931624E-4
-5.040000E-2	9.841022E-4
-5.030000E-2	9.752330E-4
-5.020000E-2	9.660772E-4
-5.010000E-2	9.572079E-4
-5.000000E-2	9.476704E-4
-4.990000E-2	9.388012E-4
-4.980000E-2	9.295501E-4
-4.970000E-2	9.202995E-4
-4.960000E-2	9.106672E-4
-4.950000E-2	9.012262E-4
-4.940000E-2	8.912124E-4
-4.930000E-2	8.812941E-4
-4.920000E-2	8.710898E-4
-4.910000E-2	8.606947E-4
-4.900000E-2	8.502044E-4
-4.890000E-2	8.390463E-4
-4.880000E-2	8.285559E-4
-4.870000E-2	8.183516E-4
-4.860000E-2	8.082427E-4
-4.850000E-2	7.980384E-4
-4.840000E-2	7.875479E-4
-4.830000E-2	7.769622E-4
-4.820000E-2	7.660902E-4
-4.810000E-2	7.549324E-4
-4.800000E-2	7.438697E-4
-4.790000E-2	7.325210E-4
-4.780000E-2	7.208862E-4
-4.770000E-2	7.092514E-4
-4.760000E-2	6.977119E-4
-4.750000E-2	6.855049E-4
-4.740000E-2	6.729164E-4
-4.730000E-2	6.604231E-4
-4.720000E-2	6.475486E-4
-4.710000E-2	6.341017E-4
-4.700000E-2	6.205595E-4
-4.690000E-2	6.065406E-4
-4.680000E-2	5.921400E-4
-4.670000E-2	5.775489E-4
-4.660000E-2	5.628621E-4
-4.650000E-2	5.478892E-4
-4.640000E-2	5.328213E-4
-4.630000E-2	5.172761E-4
-4.620000E-2	5.020172E-4
-4.610000E-2	4.864723E-4
-4.600000E-2	4.709271E-4
-4.590000E-2	4.550958E-4
-4.580000E-2	4.400276E-4
-4.570000E-2	4.247685E-4
-4.560000E-2	4.092236E-4
-4.550000E-2	3.938694E-4
-4.540000E-2	3.792781E-4
-4.530000E-2	3.649732E-4
-4.520000E-2	3.500004E-4
-4.510000E-2	3.353136E-4
-4.500000E-2	3.213901E-4
-4.490000E-2	3.072756E-4
-4.480000E-2	2.931612E-4
-4.470000E-2	2.793329E-4
-4.460000E-2	2.652182E-4
-4.450000E-2	2.514855E-4
-4.440000E-2	2.376571E-4
-4.430000E-2	2.238288E-4
-4.420000E-2	2.102864E-4
-4.410000E-2	1.968395E-4
-4.400000E-2	1.831064E-4
-4.390000E-2	1.700410E-4
-4.380000E-2	1.566895E-4
-4.370000E-2	1.440056E-4
-4.360000E-2	1.312263E-4
-4.350000E-2	1.184470E-4
-4.340000E-2	1.064307E-4
-4.330000E-2	9.479567E-5
-4.320000E-2	8.297011E-5
-4.310000E-2	7.143064E-5
-4.300000E-2	6.094012E-5
-4.290000E-2	5.044965E-5
-4.280000E-2	4.062675E-5
-4.270000E-2	3.080385E-5
-4.260000E-2	2.107632E-5
-4.250000E-2	1.182561E-5
-4.240000E-2	2.765681E-6
-4.230000E-2	-5.817455E-6
-4.220000E-2	-1.516353E-5
-4.210000E-2	-2.470029E-5
-4.200000E-2	-3.480932E-5
-4.190000E-2	-4.720714E-5
-4.180000E-2	-6.132161E-5
-4.170000E-2	-7.906003E-5
-4.160000E-2	-1.023298E-4
-4.150000E-2	-1.330383E-4
-4.140000E-2	-1.740464E-4
-4.130000E-2	-2.269759E-4
-4.120000E-2	-2.964037E-4
-4.110000E-2	-3.841422E-4
-4.100000E-2	-4.910497E-4
-4.090000E-2	-6.214178E-4
-4.080000E-2	-7.758185E-4
-4.070000E-2	-9.566355E-4
-4.060000E-2	-1.165015E-3
-4.050000E-2	-1.398189E-3
-4.040000E-2	-1.654824E-3
-4.030000E-2	-1.926148E-3
-4.020000E-2	-2.207959E-3
-4.010000E-2	-2.483382E-3
-4.000000E-2	-2.746406E-3
-3.990000E-2	-2.985303E-3
-3.980000E-2	-3.191487E-3
-3.970000E-2	-3.353041E-3
-3.960000E-2	-3.468721E-3
-3.950000E-2	-3.529949E-3
-3.940000E-2	-3.539105E-3
-3.930000E-2	-3.499051E-3
-3.920000E-2	-3.414174E-3
-3.910000E-2	-3.287904E-3
-3.900000E-2	-3.130167E-3
-3.890000E-2	-2.946202E-3
-3.880000E-2	-2.749074E-3
-3.870000E-2	-2.546895E-3
-3.860000E-2	-2.350152E-3
-3.850000E-2	-2.167141E-3
-3.840000E-2	-2.007019E-3
-3.830000E-2	-1.874837E-3
-3.820000E-2	-1.768979E-3
-3.810000E-2	-1.690778E-3
-3.800000E-2	-1.637085E-3
-3.790000E-2	-1.604660E-3
-3.780000E-2	-1.588828E-3
-3.770000E-2	-1.584633E-3
-3.760000E-2	-1.585968E-3
-3.750000E-2	-1.589020E-3
-3.740000E-2	-1.590069E-3
-3.730000E-2	-1.585681E-3
-3.720000E-2	-1.573856E-3
-3.710000E-2	-1.553542E-3
-3.700000E-2	-1.523882E-3
-3.690000E-2	-1.483638E-3
-3.680000E-2	-1.433857E-3
-3.670000E-2	-1.373965E-3
-3.660000E-2	-1.304825E-3
-3.650000E-2	-1.227575E-3
-3.640000E-2	-1.144033E-3
-3.630000E-2	-1.055724E-3
-3.620000E-2	-9.632171E-4
-3.610000E-2	-8.688975E-4
-3.600000E-2	-7.734342E-4
-3.590000E-2	-6.795917E-4
-3.580000E-2	-5.871803E-4
-3.570000E-2	-4.967715E-4
-3.560000E-2	-4.100821E-4
-3.550000E-2	-3.266353E-4
-3.540000E-2	-2.472892E-4
-3.530000E-2	-1.731882E-4
-3.520000E-2	-1.029975E-4
-3.510000E-2	-3.795655E-5
-3.500000E-2	2.183931E-5
-3.490000E-2	7.801098E-5
-3.480000E-2	1.292235E-4
-3.470000E-2	1.763352E-4
-3.460000E-2	2.198231E-4
-3.450000E-2	2.595916E-4
-3.440000E-2	2.956407E-4
-3.430000E-2	3.288287E-4
-3.420000E-2	3.589651E-4
-3.410000E-2	3.856680E-4
-3.400000E-2	4.108452E-4
-3.390000E-2	4.325892E-4
-3.380000E-2	4.522348E-4
-3.370000E-2	4.699734E-4
-3.360000E-2	4.855185E-4
-3.350000E-2	4.987746E-4
-3.340000E-2	5.101238E-4
-3.330000E-2	5.193744E-4
-3.320000E-2	5.265270E-4
-3.310000E-2	5.326306E-4
-3.300000E-2	5.366362E-4
-3.290000E-2	5.389250E-4
-3.280000E-2	5.399741E-4
-3.270000E-2	5.395926E-4
-3.260000E-2	5.381620E-4
-3.250000E-2	5.350149E-4
-3.240000E-2	5.304371E-4
-3.230000E-2	5.249057E-4
-3.220000E-2	5.181346E-4
-3.210000E-2	5.100281E-4
-3.200000E-2	5.006822E-4
-3.190000E-2	4.902870E-4
-3.180000E-2	4.791291E-4
-3.170000E-2	4.658729E-4
-3.160000E-2	4.525210E-4
-3.150000E-2	4.376435E-4
-3.140000E-2	4.220984E-4
-3.130000E-2	4.057906E-4
-3.120000E-2	3.881474E-4
-3.110000E-2	3.698366E-4
-3.100000E-2	3.511446E-4
-3.090000E-2	3.315942E-4
-3.080000E-2	3.110901E-4
-3.070000E-2	2.898231E-4
-3.060000E-2	2.682701E-4
-3.050000E-2	2.457633E-4
-3.040000E-2	2.225890E-4
-3.030000E-2	1.985559E-4
-3.020000E-2	1.745233E-4
-3.010000E-2	1.492509E-4
-3.000000E-2	1.238830E-4
-2.990000E-2	9.813365E-5
-2.980000E-2	7.171662E-5
-2.970000E-2	4.482288E-5
-2.960000E-2	1.688016E-5
-2.950000E-2	-1.144407E-5
-2.940000E-2	-3.938702E-5
-2.930000E-2	-6.914179E-5
-2.920000E-2	-9.985018E-5
-2.910000E-2	-1.309402E-4
-2.900000E-2	-1.635560E-4
-2.890000E-2	-1.970302E-4
-2.880000E-2	-2.320304E-4
-2.870000E-2	-2.688424E-4
-2.860000E-2	-3.071801E-4
-2.850000E-2	-3.477114E-4
-2.840000E-2	-3.905319E-4
-2.830000E-2	-4.371666E-4
-2.820000E-2	-4.858044E-4
-2.810000E-2	-5.378754E-4
-2.800000E-2	-5.933794E-4
-2.790000E-2	-6.526983E-4
-2.780000E-2	-7.158321E-4
-2.770000E-2	-7.820170E-4
-2.760000E-2	-8.526856E-4
-2.750000E-2	-9.258320E-4
-2.740000E-2	-1.001362E-3
-2.730000E-2	-1.077942E-3
-2.720000E-2	-1.156717E-3
-2.710000E-2	-1.233966E-3
-2.700000E-2	-1.309879E-3
-2.690000E-2	-1.381690E-3
-2.680000E-2	-1.448256E-3
-2.670000E-2	-1.508339E-3
-2.660000E-2	-1.560028E-3
-2.650000E-2	-1.601799E-3
-2.640000E-2	-1.632317E-3
-2.630000E-2	-1.650723E-3
-2.620000E-2	-1.656540E-3
-2.610000E-2	-1.648720E-3
-2.600000E-2	-1.628597E-3
-2.590000E-2	-1.595600E-3
-2.580000E-2	-1.551158E-3
-2.570000E-2	-1.497370E-3
-2.560000E-2	-1.434714E-3
-2.550000E-2	-1.367766E-3
-2.540000E-2	-1.299007E-3
-2.530000E-2	-1.231392E-3
-2.520000E-2	-1.168162E-3
-2.510000E-2	-1.114185E-3
-2.500000E-2	-1.070601E-3
-2.490000E-2	-1.040274E-3
-2.480000E-2	-1.025587E-3
-2.470000E-2	-1.025396E-3
-2.460000E-2	-1.040368E-3
-2.450000E-2	-1.069360E-3
-2.440000E-2	-1.110464E-3
-2.430000E-2	-1.161677E-3
-2.420000E-2	-1.220328E-3
-2.410000E-2	-1.282795E-3
-2.400000E-2	-1.347836E-3
-2.390000E-2	-1.410682E-3
-2.380000E-2	-1.469144E-3
-2.370000E-2	-1.521022E-3
-2.360000E-2	-1.563461E-3
-2.350000E-2	-1.596362E-3
-2.340000E-2	-1.619538E-3
-2.330000E-2	-1.631934E-3
-2.320000E-2	-1.634033E-3
-2.310000E-2	-1.626976E-3
-2.300000E-2	-1.611335E-3
-2.290000E-2	-1.588924E-3
-2.280000E-2	-1.560027E-3
-2.270000E-2	-1.526363E-3
-2.260000E-2	-1.489647E-3
-2.250000E-2	-1.449593E-3
-2.240000E-2	-1.407249E-3
-2.230000E-2	-1.362998E-3
-2.220000E-2	-1.317222E-3
-2.210000E-2	-1.270778E-3
-2.200000E-2	-1.221949E-3
-2.190000E-2	-1.172931E-3
-2.180000E-2	-1.122863E-3
-2.170000E-2	-1.071268E-3
-2.160000E-2	-1.018435E-3
-2.150000E-2	-9.636934E-4
-2.140000E-2	-9.075220E-4
-2.130000E-2	-8.498248E-4
-2.120000E-2	-7.907911E-4
-2.110000E-2	-7.317584E-4
-2.100000E-2	-6.737743E-4
-2.090000E-2	-6.166490E-4
-2.080000E-2	-5.624801E-4
-2.070000E-2	-5.132703E-4
-2.060000E-2	-4.698780E-4
-2.050000E-2	-4.346870E-4
-2.040000E-2	-4.084608E-4
-2.030000E-2	-3.932021E-4
-2.020000E-2	-3.894831E-4
-2.010000E-2	-3.985424E-4
-2.000000E-2	-4.226712E-4
-1.990000E-2	-4.620577E-4
-1.980000E-2	-5.175619E-4
-1.970000E-2	-5.889924E-4
-1.960000E-2	-6.761599E-4
-1.950000E-2	-7.792521E-4
-1.940000E-2	-8.979848E-4
-1.930000E-2	-1.030260E-3
-1.920000E-2	-1.172358E-3
-1.910000E-2	-1.321420E-3
-1.900000E-2	-1.476010E-3
-1.890000E-2	-1.633558E-3
-1.880000E-2	-1.789008E-3
-1.870000E-2	-1.939593E-3
-1.860000E-2	-2.085698E-3
-1.850000E-2	-2.225316E-3
-1.840000E-2	-2.359403E-3
-1.830000E-2	-2.490250E-3
-1.820000E-2	-2.618806E-3
-1.810000E-2	-2.747267E-3
-1.800000E-2	-2.879923E-3
-1.790000E-2	-3.017253E-3
-1.780000E-2	-3.159731E-3
-1.770000E-2	-3.308887E-3
-1.760000E-2	-3.463955E-3
-1.750000E-2	-3.625031E-3
-1.740000E-2	-3.783532E-3
-1.730000E-2	-3.937171E-3
-1.720000E-2	-4.072783E-3
-1.710000E-2	-4.184365E-3
-1.700000E-2	-4.255222E-3
-1.690000E-2	-4.266286E-3
-1.680000E-2	-4.201435E-3
-1.670000E-2	-4.035207E-3
-1.660000E-2	-3.752539E-3
-1.650000E-2	-3.332727E-3
-1.640000E-2	-2.762998E-3
-1.630000E-2	-2.015694E-3
-1.620000E-2	-1.125149E-3
-1.610000E-2	-8.249000E-5
-1.600000E-2	1.103791E-3
-1.590000E-2	2.416437E-3
-1.580000E-2	3.847329E-3
-1.570000E-2	5.367024E-3
-1.560000E-2	6.936300E-3
-1.550000E-2	8.546019E-3
-1.540000E-2	1.014944E-2
-1.530000E-2	1.172748E-2
-1.520000E-2	1.324594E-2
-1.510000E-2	1.468627E-2
-1.500000E-2	1.602106E-2
-1.490000E-2	1.723471E-2
-1.480000E-2	1.831980E-2
-1.470000E-2	1.926462E-2
-1.460000E-2	2.008601E-2
-1.450000E-2	2.078525E-2
-1.440000E-2	2.137025E-2
-1.430000E-2	2.185118E-2
-1.420000E-2	2.223771E-2
-1.410000E-2	2.253201E-2
-1.400000E-2	2.274907E-2
-1.390000E-2	2.290030E-2
-1.380000E-2	2.298825E-2
-1.370000E-2	2.301238E-2
-1.360000E-2	2.297174E-2
-1.350000E-2	2.286465E-2
-1.340000E-2	2.268756E-2
-1.330000E-2	2.243559E-2
-1.320000E-2	2.210485E-2
-1.310000E-2	2.168886E-2
-1.300000E-2	2.119867E-2
-1.290000E-2	2.061407E-2
-1.280000E-2	1.993953E-2
-1.270000E-2	1.916602E-2
-1.260000E-2	1.829358E-2
-1.250000E-2	1.733122E-2
-1.240000E-2	1.627416E-2
-1.230000E-2	1.512059E-2
-1.220000E-2	1.387003E-2
-1.210000E-2	1.252888E-2
-1.200000E-2	1.111590E-2
-1.190000E-2	9.630814E-3
-1.180000E-2	8.096652E-3
-1.170000E-2	6.537763E-3
-1.160000E-2	4.995087E-3
-1.150000E-2	3.485120E-3
-1.140000E-2	2.045546E-3
-1.130000E-2	6.929431E-4
-1.120000E-2	-5.376823E-4
-1.110000E-2	-1.625262E-3
-1.100000E-2	-2.554144E-3
-1.090000E-2	-3.320426E-3
-1.080000E-2	-3.924773E-3
-1.070000E-2	-4.370714E-3
-1.060000E-2	-4.660156E-3
-1.050000E-2	-4.805400E-3
-1.040000E-2	-4.821422E-3
-1.030000E-2	-4.731109E-3
-1.020000E-2	-4.557157E-3
-1.010000E-2	-4.326272E-3
-1.000000E-2	-4.063821E-3
-9.900000E-3	-3.789925E-3
-9.800000E-3	-3.522320E-3
-9.700000E-3	-3.272457E-3
-9.600000E-3	-3.052634E-3
-9.500000E-3	-2.865235E-3
-9.400000E-3	-2.707496E-3
-9.300000E-3	-2.576747E-3
-9.200000E-3	-2.466024E-3
-9.100000E-3	-2.369990E-3
-9.000000E-3	-2.280725E-3
-8.900000E-3	-2.192224E-3
-8.800000E-3	-2.099431E-3
-8.700000E-3	-1.998721E-3
-8.600000E-3	-1.887428E-3
-8.500000E-3	-1.764500E-3
-8.400000E-3	-1.630888E-3
-8.300000E-3	-1.488408E-3
-8.200000E-3	-1.339729E-3
-8.100000E-3	-1.189143E-3
-8.000000E-3	-1.043326E-3
-7.900000E-3	-9.021796E-4
-7.800000E-3	-7.719080E-4
-7.700000E-3	-6.563223E-4
-7.600000E-3	-5.575211E-4
-7.500000E-3	-4.771258E-4
-7.400000E-3	-4.192378E-4
-7.300000E-3	-3.817580E-4
-7.200000E-3	-3.633519E-4
-7.100000E-3	-3.623981E-4
-7.000000E-3	-3.766080E-4
-6.900000E-3	-4.039785E-4
-6.800000E-3	-4.418396E-4
-6.700000E-3	-4.880936E-4
-6.600000E-3	-5.402596E-4
-6.500000E-3	-5.957637E-4
-6.400000E-3	-6.540337E-4
-6.300000E-3	-7.134480E-4
-6.200000E-3	-7.741975E-4
-6.100000E-3	-8.343743E-4
-6.000000E-3	-8.935023E-4
-5.900000E-3	-9.512950E-4
-5.800000E-3	-1.006990E-3
-5.700000E-3	-1.061541E-3
-5.600000E-3	-1.114089E-3
-5.500000E-3	-1.163871E-3
-5.400000E-3	-1.211650E-3
-5.300000E-3	-1.257619E-3
-5.200000E-3	-1.301392E-3
-5.100000E-3	-1.342495E-3
-5.000000E-3	-1.381595E-3
-4.900000E-3	-1.418599E-3
-4.800000E-3	-1.452263E-3
-4.700000E-3	-1.482971E-3
-4.600000E-3	-1.510533E-3
-4.500000E-3	-1.533230E-3
-4.400000E-3	-1.552494E-3
-4.300000E-3	-1.566703E-3
-4.200000E-3	-1.575191E-3
-4.100000E-3	-1.578529E-3
-4.000000E-3	-1.575096E-3
-3.900000E-3	-1.565940E-3
-3.800000E-3	-1.549728E-3
-3.700000E-3	-1.528270E-3
-3.600000E-3	-1.500136E-3
-3.500000E-3	-1.466663E-3
-3.400000E-3	-1.427656E-3
-3.300000E-3	-1.384552E-3
-3.200000E-3	-1.338392E-3
-3.100000E-3	-1.292234E-3
-3.000000E-3	-1.245887E-3
-2.900000E-3	-1.202400E-3
-2.800000E-3	-1.164157E-3
-2.700000E-3	-1.131349E-3
-2.600000E-3	-1.107223E-3
-2.500000E-3	-1.093488E-3
-2.400000E-3	-1.090437E-3
-2.300000E-3	-1.098447E-3
-2.200000E-3	-1.117616E-3
-2.100000E-3	-1.147466E-3
-2.000000E-3	-1.187997E-3
-1.900000E-3	-1.236635E-3
-1.800000E-3	-1.291949E-3
-1.700000E-3	-1.350600E-3
-1.600000E-3	-1.408679E-3
-1.500000E-3	-1.464566E-3
-1.400000E-3	-1.514442E-3
-1.300000E-3	-1.555164E-3
-1.200000E-3	-1.585681E-3
-1.100000E-3	-1.604088E-3
-1.000000E-3	-1.608283E-3
-9.000000E-4	-1.599320E-3
-8.000000E-4	-1.576335E-3
-7.000000E-4	-1.539903E-3
-6.000000E-4	-1.492125E-3
-5.000000E-4	-1.433951E-3
-4.000000E-4	-1.367957E-3
-3.000000E-4	-1.294809E-3
-2.000000E-4	-1.217085E-3
-1.000000E-4	-1.137072E-3
6.071532E-18	-1.056771E-3
1.000000E-4	-9.779039E-4
2.000000E-4	-9.005592E-4
3.000000E-4	-8.271271E-4
4.000000E-4	-7.569355E-4
5.000000E-4	-6.909411E-4
6.000000E-4	-6.284749E-4
7.000000E-4	-5.707770E-4
8.000000E-4	-5.165128E-4
9.000000E-4	-4.660633E-4
1.000000E-3	-4.190470E-4
1.100000E-3	-3.741286E-4
1.200000E-3	-3.320712E-4
1.300000E-3	-2.924935E-4
1.400000E-3	-2.550138E-4
1.500000E-3	-2.188694E-4
1.600000E-3	-1.843462E-4
1.700000E-3	-1.514444E-4
1.800000E-3	-1.187331E-4
1.900000E-3	-8.811999E-5
2.000000E-3	-5.779296E-5
2.100000E-3	-2.841973E-5
2.200000E-3	2.860660E-7
2.300000E-3	2.813357E-5
2.400000E-3	5.540883E-5
2.500000E-3	8.230262E-5
2.600000E-3	1.114851E-4
2.700000E-3	1.365669E-4
2.800000E-3	1.602181E-4
2.900000E-3	1.835834E-4
3.000000E-3	2.063762E-4
3.100000E-3	2.285016E-4
3.200000E-3	2.503408E-4
3.300000E-3	2.721802E-4
3.400000E-3	2.927796E-4
3.500000E-3	3.130930E-4
3.600000E-3	3.326437E-4
3.700000E-3	3.514311E-4
3.800000E-3	3.690741E-4
3.900000E-3	3.863357E-4
4.000000E-3	4.024528E-4
4.100000E-3	4.180930E-4
4.200000E-3	4.325889E-4
4.300000E-3	4.463221E-4
4.400000E-3	4.592921E-4
4.500000E-3	4.707363E-4
4.600000E-3	4.817989E-4
4.700000E-3	4.915266E-4
4.800000E-3	5.001098E-4
4.900000E-3	5.074531E-4
5.000000E-3	5.134617E-4
5.100000E-3	5.186115E-4
5.200000E-3	5.217588E-4
5.300000E-3	5.240477E-4
5.400000E-3	5.245245E-4
5.500000E-3	5.235707E-4
5.600000E-3	5.210910E-4
5.700000E-3	5.168947E-4
5.800000E-3	5.113634E-4
5.900000E-3	5.041155E-4
6.000000E-3	4.949602E-4
6.100000E-3	4.838973E-4
6.200000E-3	4.713088E-4
6.300000E-3	4.562407E-4
6.400000E-3	4.389791E-4
6.500000E-3	4.192380E-4
6.600000E-3	3.965402E-4
6.700000E-3	3.719352E-4
6.800000E-3	3.441830E-4
6.900000E-3	3.135696E-4
7.000000E-3	2.799047E-4
7.100000E-3	2.432833E-4
7.200000E-3	2.028475E-4
7.300000E-3	1.587875E-4
7.400000E-3	1.118667E-4
7.500000E-3	6.122630E-5
7.600000E-3	7.056900E-6
7.700000E-3	-5.073581E-5
7.800000E-3	-1.125338E-4
7.900000E-3	-1.779564E-4
8.000000E-3	-2.470029E-4
8.100000E-3	-3.191010E-4
8.200000E-3	-3.939650E-4
8.300000E-3	-4.706410E-4
8.400000E-3	-5.497963E-4
8.500000E-3	-6.304772E-4
8.600000E-3	-7.118267E-4
8.700000E-3	-7.922215E-4
8.800000E-3	-8.729030E-4
8.900000E-3	-9.514846E-4
9.000000E-3	-1.027970E-3
9.100000E-3	-1.102262E-3
9.200000E-3	-1.171309E-3
9.300000E-3	-1.236444E-3
9.400000E-3	-1.297671E-3
9.500000E-3	-1.355847E-3
9.600000E-3	-1.408775E-3
9.700000E-3	-1.459701E-3
9.800000E-3	-1.508053E-3
9.900000E-3	-1.554687E-3
1.000000E-2	-1.600559E-3
1.010000E-2	-1.646526E-3
1.020000E-2	-1.692971E-3
1.030000E-2	-1.739511E-3
1.040000E-2	-1.787956E-3
1.050000E-2	-1.837357E-3
1.060000E-2	-1.888856E-3
1.070000E-2	-1.946840E-3
1.080000E-2	-2.008734E-3
1.090000E-2	-2.074729E-3
1.100000E-2	-2.143584E-3
1.110000E-2	-2.216160E-3
1.120000E-2	-2.292455E-3
1.130000E-2	-2.373041E-3
1.140000E-2	-2.454198E-3
1.150000E-2	-2.535833E-3
1.160000E-2	-2.619661E-3
1.170000E-2	-2.701010E-3
1.180000E-2	-2.779500E-3
1.190000E-2	-2.849499E-3
1.200000E-2	-2.907672E-3
1.210000E-2	-2.945818E-3
1.220000E-2	-2.960411E-3
1.230000E-2	-2.948203E-3
1.240000E-2	-2.906719E-3
1.250000E-2	-2.834336E-3
1.260000E-2	-2.731719E-3
1.270000E-2	-2.599636E-3
1.280000E-2	-2.442087E-3
1.290000E-2	-2.261746E-3
1.300000E-2	-2.062808E-3
1.310000E-2	-1.850900E-3
1.320000E-2	-1.632031E-3
1.330000E-2	-1.412494E-3
1.340000E-2	-1.199539E-3
1.350000E-2	-1.000601E-3
1.360000E-2	-8.194966E-4
1.370000E-2	-6.592791E-4
1.380000E-2	-5.212814E-4
1.390000E-2	-4.082700E-4
1.400000E-2	-3.160496E-4
1.410000E-2	-2.423299E-4
1.420000E-2	-1.851093E-4
1.430000E-2	-1.400001E-4
1.440000E-2	-1.050000E-4
1.450000E-2	-7.791567E-5
1.460000E-2	-5.617173E-5
1.470000E-2	-3.852862E-5
1.480000E-2	-2.365121E-5
1.490000E-2	-1.049050E-5
1.500000E-2	6.675880E-7
1.510000E-2	1.182558E-5
1.520000E-2	2.183926E-5
1.530000E-2	3.223438E-5
1.540000E-2	4.215257E-5
1.550000E-2	5.207096E-5
1.560000E-2	6.208448E-5
1.570000E-2	7.257502E-5
1.580000E-2	8.325631E-5
1.590000E-2	9.431891E-5
1.600000E-2	1.054769E-4
1.610000E-2	1.173025E-4
1.620000E-2	1.293190E-4
1.630000E-2	1.411446E-4
1.640000E-2	1.537332E-4
1.650000E-2	1.664171E-4
1.660000E-2	1.796733E-4
1.670000E-2	1.926432E-4
1.680000E-2	2.057088E-4
1.690000E-2	2.193463E-4
1.700000E-2	2.326024E-4
1.710000E-2	2.461446E-4
1.720000E-2	2.601637E-4
1.730000E-2	2.740874E-4
1.740000E-2	2.881065E-4
1.750000E-2	3.018395E-4
1.760000E-2	3.156679E-4
1.770000E-2	3.296871E-4
1.780000E-2	3.437062E-4
1.790000E-2	3.582975E-4
1.800000E-2	3.718398E-4
1.810000E-2	3.864309E-4
1.820000E-2	4.006408E-4
1.830000E-2	4.146599E-4
1.840000E-2	4.291557E-4
1.850000E-2	4.430796E-4
1.860000E-2	4.574801E-4
1.870000E-2	4.721668E-4
1.880000E-2	4.865672E-4
1.890000E-2	5.011585E-4
1.900000E-2	5.157499E-4
1.910000E-2	5.303411E-4
1.920000E-2	5.449326E-4
1.930000E-2	5.597147E-4
1.940000E-2	5.742106E-4
1.950000E-2	5.884206E-4
1.960000E-2	6.029167E-4
1.970000E-2	6.168403E-4
1.980000E-2	6.305732E-4
1.990000E-2	6.444968E-4
2.000000E-2	6.580390E-4
2.010000E-2	6.712951E-4
2.020000E-2	6.844558E-4
2.030000E-2	6.970443E-4
2.040000E-2	7.095372E-4
2.050000E-2	7.218399E-4
2.060000E-2	7.334747E-4
2.070000E-2	7.456816E-4
2.080000E-2	7.567443E-4
2.090000E-2	7.686653E-4
2.100000E-2	7.797278E-4
2.110000E-2	7.913627E-4
2.120000E-2	8.026159E-4
2.130000E-2	8.133927E-4
2.140000E-2	8.244554E-4
2.150000E-2	8.353273E-4
2.160000E-2	8.457223E-4
2.170000E-2	8.564036E-4
2.180000E-2	8.667988E-4
2.190000E-2	8.770984E-4
2.200000E-2	8.872074E-4
2.210000E-2	8.973165E-4
2.220000E-2	9.078067E-4
2.230000E-2	9.178210E-4
2.240000E-2	9.281200E-4
2.250000E-2	9.375616E-4
2.260000E-2	9.480524E-4
2.270000E-2	9.574934E-4
2.280000E-2	9.668397E-4
2.290000E-2	9.764724E-4
2.300000E-2	9.855329E-4
2.310000E-2	9.954511E-4
2.320000E-2	1.004702E-3
2.330000E-2	1.014428E-3
2.340000E-2	1.024253E-3
2.350000E-2	1.034266E-3
2.360000E-2	1.044948E-3
2.370000E-2	1.055439E-3
2.380000E-2	1.066405E-3
2.390000E-2	1.077563E-3
2.400000E-2	1.089770E-3
2.410000E-2	1.102454E-3
2.420000E-2	1.115521E-3
2.430000E-2	1.129539E-3
2.440000E-2	1.143750E-3
2.450000E-2	1.158530E-3
2.460000E-2	1.173695E-3
2.470000E-2	1.189907E-3
2.480000E-2	1.206883E-3
2.490000E-2	1.224144E-3
2.500000E-2	1.242074E-3
2.510000E-2	1.260765E-3
2.520000E-2	1.279744E-3
2.530000E-2	1.299102E-3
2.540000E-2	1.319034E-3
2.550000E-2	1.338775E-3
2.560000E-2	1.359756E-3
2.570000E-2	1.381119E-3
2.580000E-2	1.403720E-3
2.590000E-2	1.426706E-3
2.600000E-2	1.450642E-3
2.610000E-2	1.474580E-3
2.620000E-2	1.499471E-3
2.630000E-2	1.525696E-3
2.640000E-2	1.552018E-3
2.650000E-2	1.579198E-3
2.660000E-2	1.607045E-3
2.670000E-2	1.635274E-3
2.680000E-2	1.665028E-3
2.690000E-2	1.695163E-3
2.700000E-2	1.726635E-3
2.710000E-2	1.758775E-3
2.720000E-2	1.791867E-3
2.730000E-2	1.826107E-3
2.740000E-2	1.860628E-3
2.750000E-2	1.896106E-3
2.760000E-2	1.933490E-3
2.770000E-2	1.970874E-3
2.780000E-2	2.008545E-3
2.790000E-2	2.046882E-3
2.800000E-2	2.085601E-3
2.810000E-2	2.125276E-3
2.820000E-2	2.165140E-3
2.830000E-2	2.205575E-3
2.840000E-2	2.246871E-3
2.850000E-2	2.289023E-3
2.860000E-2	2.331653E-3
2.870000E-2	2.374569E-3
2.880000E-2	2.418914E-3
2.890000E-2	2.464120E-3
2.900000E-2	2.510658E-3
2.910000E-2	2.558056E-3
2.920000E-2	2.606502E-3
2.930000E-2	2.656092E-3
2.940000E-2	2.706162E-3
2.950000E-2	2.757183E-3
2.960000E-2	2.808776E-3
2.970000E-2	2.861323E-3
2.980000E-2	2.915017E-3
2.990000E-2	2.969853E-3
3.000000E-2	3.026120E-3
3.010000E-2	3.083532E-3
3.020000E-2	3.141706E-3
3.030000E-2	3.201500E-3
3.040000E-2	3.262441E-3
3.050000E-2	3.323573E-3
3.060000E-2	3.386134E-3
3.070000E-2	3.449839E-3
3.080000E-2	3.515453E-3
3.090000E-2	3.582974E-3
3.100000E-2	3.651924E-3
3.110000E-2	3.721448E-3
3.120000E-2	3.793355E-3
3.130000E-2	3.866026E-3
3.140000E-2	3.940318E-3
3.150000E-2	4.016518E-3
3.160000E-2	4.093478E-3
3.170000E-2	4.172062E-3
3.180000E-2	4.253412E-3
3.190000E-2	4.336096E-3
3.200000E-2	4.420784E-3
3.210000E-2	4.508237E-3
3.220000E-2	4.597121E-3
3.230000E-2	4.687530E-3
3.240000E-2	4.780323E-3
3.250000E-2	4.873784E-3
3.260000E-2	4.968959E-3
3.270000E-2	5.067284E-3
3.280000E-2	5.168277E-3
3.290000E-2	5.272036E-3
3.300000E-2	5.377990E-3
3.310000E-2	5.484610E-3
3.320000E-2	5.594855E-3
3.330000E-2	5.707294E-3
3.340000E-2	5.820782E-3
3.350000E-2	5.936084E-3
3.360000E-2	6.052431E-3
3.370000E-2	6.171448E-3
3.380000E-2	6.292087E-3
3.390000E-2	6.413683E-3
3.400000E-2	6.537662E-3
3.410000E-2	6.662880E-3
3.420000E-2	6.790101E-3
3.430000E-2	6.919611E-3
3.440000E-2	7.050552E-3
3.450000E-2	7.181776E-3
3.460000E-2	7.314721E-3
3.470000E-2	7.447664E-3
3.480000E-2	7.580989E-3
3.490000E-2	7.716125E-3
3.500000E-2	7.850979E-3
3.510000E-2	7.986495E-3
3.520000E-2	8.122013E-3
3.530000E-2	8.256478E-3
3.540000E-2	8.390664E-3
3.550000E-2	8.523132E-3
3.560000E-2	8.653411E-3
3.570000E-2	8.782819E-3
3.580000E-2	8.909762E-3
3.590000E-2	9.033639E-3
3.600000E-2	9.153800E-3
3.610000E-2	9.269679E-3
3.620000E-2	9.380787E-3
3.630000E-2	9.487213E-3
3.640000E-2	9.588396E-3
3.650000E-2	9.684134E-3
3.660000E-2	9.773887E-3
3.670000E-2	9.858668E-3
3.680000E-2	9.936964E-3
3.690000E-2	1.000850E-2
3.700000E-2	1.007114E-2
3.710000E-2	1.012484E-2
3.720000E-2	1.017071E-2
3.730000E-2	1.020790E-2
3.740000E-2	1.023812E-2
3.750000E-2	1.026064E-2
3.760000E-2	1.027389E-2
3.770000E-2	1.027895E-2
3.780000E-2	1.027581E-2
3.790000E-2	1.026646E-2
3.800000E-2	1.025072E-2
3.810000E-2	1.022908E-2
3.820000E-2	1.020323E-2
3.830000E-2	1.017214E-2
3.840000E-2	1.013504E-2
3.850000E-2	1.009280E-2
3.860000E-2	1.004654E-2
3.870000E-2	9.997038E-3
3.880000E-2	9.944590E-3
3.890000E-2	9.889379E-3
3.900000E-2	9.830818E-3
3.910000E-2	9.770553E-3
3.920000E-2	9.708943E-3
3.930000E-2	9.644666E-3
3.940000E-2	9.578866E-3
3.950000E-2	9.510099E-3
3.960000E-2	9.440956E-3
3.970000E-2	9.371052E-3
3.980000E-2	9.300387E-3
3.990000E-2	9.230483E-3
4.000000E-2	9.160767E-3
4.010000E-2	9.091341E-3
4.020000E-2	9.021151E-3
4.030000E-2	8.951055E-3
4.040000E-2	8.882581E-3
4.050000E-2	8.815061E-3
4.060000E-2	8.748590E-3
4.070000E-2	8.682499E-3
4.080000E-2	8.617744E-3
4.090000E-2	8.553369E-3
4.100000E-2	8.489283E-3
4.110000E-2	8.426053E-3
4.120000E-2	8.363397E-3
4.130000E-2	8.301121E-3
4.140000E-2	8.239227E-3
4.150000E-2	8.177905E-3
4.160000E-2	8.116203E-3
4.170000E-2	8.054783E-3
4.180000E-2	7.994509E-3
4.190000E-2	7.935381E-3
4.200000E-2	7.877586E-3
4.210000E-2	7.819792E-3
4.220000E-2	7.763144E-3
4.230000E-2	7.707545E-3
4.240000E-2	7.653281E-3
4.250000E-2	7.600732E-3
4.260000E-2	7.549517E-3
4.270000E-2	7.499829E-3
4.280000E-2	7.451761E-3
4.290000E-2	7.405983E-3
4.300000E-2	7.360678E-3
4.310000E-2	7.315760E-3
4.320000E-2	7.271128E-3
4.330000E-2	7.226497E-3
4.340000E-2	7.182819E-3
4.350000E-2	7.139045E-3
4.360000E-2	7.096607E-3
4.370000E-2	7.055027E-3
4.380000E-2	7.014971E-3
4.390000E-2	6.975109E-3
4.400000E-2	6.936197E-3
4.410000E-2	6.897669E-3
4.420000E-2	6.860191E-3
4.430000E-2	6.822807E-3
4.440000E-2	6.785709E-3
4.450000E-2	6.748514E-3
4.460000E-2	6.711608E-3
4.470000E-2	6.675274E-3
4.480000E-2	6.640178E-3
4.490000E-2	6.605464E-3
4.500000E-2	6.571417E-3
4.510000E-2	6.537563E-3
4.520000E-2	6.503802E-3
4.530000E-2	6.470903E-3
4.540000E-2	6.438000E-3
4.550000E-2	6.406527E-3
4.560000E-2	6.375152E-3
4.570000E-2	6.345398E-3
4.580000E-2	6.315832E-3
4.590000E-2	6.286937E-3
4.600000E-2	6.258517E-3
4.610000E-2	6.230861E-3
4.620000E-2	6.202727E-3
4.630000E-2	6.174687E-3
4.640000E-2	6.147318E-3
4.650000E-2	6.120139E-3
4.660000E-2	6.094008E-3
4.670000E-2	6.068355E-3
4.680000E-2	6.042987E-3
4.690000E-2	6.018287E-3
4.700000E-2	5.994541E-3
4.710000E-2	5.970412E-3
4.720000E-2	5.947047E-3
4.730000E-2	5.922347E-3
4.740000E-2	5.897361E-3
4.750000E-2	5.871994E-3
4.760000E-2	5.847198E-3
4.770000E-2	5.822593E-3
4.780000E-2	5.798083E-3
4.790000E-2	5.773573E-3
4.800000E-2	5.750304E-3
4.810000E-2	5.728180E-3
4.820000E-2	5.706244E-3
4.830000E-2	5.685264E-3
4.840000E-2	5.664189E-3
4.850000E-2	5.643016E-3
4.860000E-2	5.621463E-3
4.870000E-2	5.599720E-3
4.880000E-2	5.579121E-3
4.890000E-2	5.559283E-3
4.900000E-2	5.540496E-3
4.910000E-2	5.521709E-3
4.920000E-2	5.502922E-3
4.930000E-2	5.484421E-3
4.940000E-2	5.465537E-3
4.950000E-2	5.446750E-3
4.960000E-2	5.428916E-3
4.970000E-2	5.410891E-3
4.980000E-2	5.393821E-3
4.990000E-2	5.377323E-3
5.000000E-2	5.361015E-3
5.010000E-2	5.344992E-3
5.020000E-2	5.328496E-3
5.030000E-2	5.312187E-3
5.040000E-2	5.295879E-3
5.050000E-2	5.279667E-3
5.060000E-2	5.263549E-3
5.070000E-2	5.248291E-3
5.080000E-2	5.233794E-3
5.090000E-2	5.219489E-3
5.100000E-2	5.204994E-3
5.110000E-2	5.189639E-3
5.120000E-2	5.174762E-3
5.130000E-2	5.159693E-3
5.140000E-2	5.145197E-3
5.150000E-2	5.130798E-3
5.160000E-2	5.116683E-3
5.170000E-2	5.102760E-3
5.180000E-2	5.089599E-3
5.190000E-2	5.075675E-3
5.200000E-2	5.061657E-3
5.210000E-2	5.047350E-3
5.220000E-2	5.033809E-3
5.230000E-2	5.020458E-3
5.240000E-2	5.007583E-3
5.250000E-2	4.994708E-3
5.260000E-2	4.981548E-3
5.270000E-2	4.968100E-3
5.280000E-2	4.954654E-3
5.290000E-2	4.941208E-3
5.300000E-2	4.929000E-3
5.310000E-2	4.917079E-3
5.320000E-2	4.905826E-3
5.330000E-2	4.894096E-3
5.340000E-2	4.882270E-3
5.350000E-2	4.870731E-3
5.360000E-2	4.858523E-3
5.370000E-2	4.846888E-3
5.380000E-2	4.835444E-3
5.390000E-2	4.824191E-3
5.400000E-2	4.813415E-3
5.410000E-2	4.803210E-3
5.420000E-2	4.792244E-3
5.430000E-2	4.781276E-3
5.440000E-2	4.769736E-3
5.450000E-2	4.757910E-3
5.460000E-2	4.747420E-3
5.470000E-2	4.736835E-3
5.480000E-2	4.727584E-3
5.490000E-2	4.717952E-3
5.500000E-2	4.708416E-3
5.510000E-2	4.698592E-3
5.520000E-2	4.689055E-3
5.530000E-2	4.679613E-3
5.540000E-2	4.670364E-3
5.550000E-2	4.661686E-3
5.560000E-2	4.653293E-3
5.570000E-2	4.644900E-3
5.580000E-2	4.636794E-3
5.590000E-2	4.628116E-3
5.600000E-2	4.619151E-3
5.610000E-2	4.610473E-3
5.620000E-2	4.603033E-3
5.630000E-2	4.595692E-3
5.640000E-2	4.588444E-3
5.650000E-2	4.580814E-3
5.660000E-2	4.573185E-3
5.670000E-2	4.564792E-3
5.680000E-2	4.556400E-3
5.690000E-2	4.548293E-3
5.700000E-2	4.541139E-3
5.710000E-2	4.533987E-3
5.720000E-2	4.526644E-3
5.730000E-2	4.519587E-3
5.740000E-2	4.513293E-3
5.750000E-2	4.506427E-3
5.760000E-2	4.499752E-3
5.770000E-2	4.493171E-3
5.780000E-2	4.486304E-3
5.790000E-2	4.479439E-3
5.800000E-2	4.473239E-3
5.810000E-2	4.466849E-3
5.820000E-2	4.459983E-3
5.830000E-2	4.453879E-3
5.840000E-2	4.447395E-3
5.850000E-2	4.441004E-3
5.860000E-2	4.434996E-3
5.870000E-2	4.428416E-3
5.880000E-2	4.421741E-3
5.890000E-2	4.415159E-3
5.900000E-2	4.409344E-3
5.910000E-2	4.403812E-3
5.920000E-2	4.398185E-3
5.930000E-2	4.392177E-3
5.940000E-2	4.386550E-3
5.950000E-2	4.380256E-3
5.960000E-2	4.374057E-3
5.970000E-2	4.368048E-3
5.980000E-2	4.362612E-3
5.990000E-2	4.357082E-3
6.000000E-2	4.351359E-3
6.010000E-2	4.345543E-3
6.020000E-2	4.339534E-3
6.030000E-2	4.333812E-3
6.040000E-2	4.327804E-3
6.050000E-2	4.322366E-3
6.060000E-2	4.316836E-3
6.070000E-2	4.311781E-3
6.080000E-2	4.307110E-3
6.090000E-2	4.302817E-3
6.100000E-2	4.298907E-3
6.110000E-2	4.294615E-3
6.120000E-2	4.290515E-3
6.130000E-2	4.286510E-3
6.140000E-2	4.281359E-3
6.150000E-2	4.276496E-3
6.160000E-2	4.271919E-3
6.170000E-2	4.266674E-3
6.180000E-2	4.262953E-3
6.190000E-2	4.259045E-3
6.200000E-2	4.255420E-3
6.210000E-2	4.251988E-3
6.220000E-2	4.248457E-3
6.230000E-2	4.244262E-3
6.240000E-2	4.239112E-3
6.250000E-2	4.233391E-3
6.260000E-2	4.228336E-3
6.270000E-2	4.224330E-3
6.280000E-2	4.219942E-3
6.290000E-2	4.216702E-3
6.300000E-2	4.213363E-3
6.310000E-2	4.210025E-3
6.320000E-2	4.206783E-3
6.330000E-2	4.203826E-3
6.340000E-2	4.200392E-3
6.350000E-2	4.196770E-3
6.360000E-2	4.192477E-3
6.370000E-2	4.188376E-3
6.380000E-2	4.184180E-3
6.390000E-2	4.180271E-3
6.400000E-2	4.176648E-3
6.410000E-2	4.173118E-3
6.420000E-2	4.169874E-3
6.430000E-2	4.166633E-3
6.440000E-2	4.163390E-3
6.450000E-2	4.160243E-3
6.460000E-2	4.157096E-3
6.470000E-2	4.154140E-3
6.480000E-2	4.150898E-3
6.490000E-2	4.148132E-3
6.500000E-2	4.145557E-3
6.510000E-2	4.142504E-3
6.520000E-2	4.139168E-3
6.530000E-2	4.135925E-3
6.540000E-2	4.132111E-3
6.550000E-2	4.129154E-3
6.560000E-2	4.126102E-3
6.570000E-2	4.123814E-3
6.580000E-2	4.121048E-3
6.590000E-2	4.118568E-3
6.600000E-2	4.116087E-3
6.610000E-2	4.113895E-3
6.620000E-2	4.110749E-3
6.630000E-2	4.107314E-3
6.640000E-2	4.103882E-3
6.650000E-2	4.099875E-3
6.660000E-2	4.096728E-3
6.670000E-2	4.093200E-3
6.680000E-2	4.089671E-3
6.690000E-2	4.085857E-3
6.700000E-2	4.082042E-3
6.710000E-2	4.078323E-3
6.720000E-2	4.074985E-3
6.730000E-2	4.071741E-3
6.740000E-2	4.067548E-3
6.750000E-2	4.064019E-3
6.760000E-2	4.059821E-3
6.770000E-2	4.056197E-3
6.780000E-2	4.052860E-3
6.790000E-2	4.050093E-3
6.800000E-2	4.046947E-3
6.810000E-2	4.043992E-3
6.820000E-2	4.041797E-3
6.830000E-2	4.039795E-3
6.840000E-2	4.037220E-3
6.850000E-2	4.034456E-3
6.860000E-2	4.031592E-3
6.870000E-2	4.028732E-3
6.880000E-2	4.025681E-3
6.890000E-2	4.022246E-3
6.900000E-2	4.019099E-3
6.910000E-2	4.015953E-3
6.920000E-2	4.012233E-3
6.930000E-2	4.009181E-3
6.940000E-2	4.006320E-3
6.950000E-2	4.002888E-3
6.960000E-2	3.999645E-3
6.970000E-2	3.995925E-3
6.980000E-2	3.992682E-3
6.990000E-2	3.989345E-3
7.000000E-2	3.987342E-3
7.010000E-2	3.985529E-3
7.020000E-2	3.983718E-3
7.030000E-2	3.981905E-3
7.040000E-2	3.980285E-3
7.050000E-2	3.978473E-3
7.060000E-2	3.976852E-3
7.070000E-2	3.975325E-3
7.080000E-2	3.973036E-3
7.090000E-2	3.971130E-3
7.100000E-2	3.969222E-3
7.110000E-2	3.967695E-3
7.120000E-2	3.965313E-3
7.130000E-2	3.963119E-3
7.140000E-2	3.960067E-3
7.150000E-2	3.957682E-3
7.160000E-2	3.955680E-3
7.170000E-2	3.953200E-3
7.180000E-2	3.950529E-3
7.190000E-2	3.947575E-3
7.200000E-2	3.944904E-3
7.210000E-2	3.942139E-3
7.220000E-2	3.939369E-3
7.230000E-2	3.937368E-3
7.240000E-2	3.936129E-3
7.250000E-2	3.934698E-3
7.260000E-2	3.932886E-3
7.270000E-2	3.930597E-3
7.280000E-2	3.928115E-3
7.290000E-2	3.926113E-3
7.300000E-2	3.924111E-3
7.310000E-2	3.921725E-3
7.320000E-2	3.919722E-3
7.330000E-2	3.917912E-3
7.340000E-2	3.916099E-3
7.350000E-2	3.914955E-3
7.360000E-2	3.913714E-3
7.370000E-2	3.911806E-3
7.380000E-2	3.909611E-3
7.390000E-2	3.907133E-3
7.400000E-2	3.905129E-3
7.410000E-2	3.902745E-3
7.420000E-2	3.900645E-3
7.430000E-2	3.898738E-3
7.440000E-2	3.897022E-3
7.450000E-2	3.895304E-3
7.460000E-2	3.893397E-3
7.470000E-2	3.891965E-3
7.480000E-2	3.890534E-3
7.490000E-2	3.889007E-3
7.500000E-2	3.887673E-3
7.510000E-2	3.886337E-3
7.520000E-2	3.885191E-3
7.530000E-2	3.884524E-3
7.540000E-2	3.883380E-3
7.550000E-2	3.882234E-3
7.560000E-2	3.881565E-3
7.570000E-2	3.880230E-3
7.580000E-2	3.879182E-3
7.590000E-2	3.878323E-3
7.600000E-2	3.877274E-3
7.610000E-2	3.876415E-3
7.620000E-2	3.874604E-3
7.630000E-2	3.872982E-3
7.640000E-2	3.871266E-3
7.650000E-2	3.869452E-3
7.660000E-2	3.868214E-3
7.670000E-2	3.867260E-3
7.680000E-2	3.865924E-3
7.690000E-2	3.864398E-3
7.700000E-2	3.862873E-3
7.710000E-2	3.861537E-3
7.720000E-2	3.860011E-3
7.730000E-2	3.858104E-3
7.740000E-2	3.857056E-3
7.750000E-2	3.855816E-3
7.760000E-2	3.854958E-3
7.770000E-2	3.854195E-3
7.780000E-2	3.853813E-3
7.790000E-2	3.852573E-3
7.800000E-2	3.851524E-3
7.810000E-2	3.850284E-3
7.820000E-2	3.850000E-3
7.830000E-2	3.849044E-3
7.840000E-2	3.847995E-3
7.850000E-2	3.847233E-3
7.860000E-2	3.846279E-3
7.870000E-2	3.844657E-3
7.880000E-2	3.843131E-3
7.890000E-2	3.841320E-3
7.900000E-2	3.839221E-3
7.910000E-2	3.837219E-3
7.920000E-2	3.834835E-3
7.930000E-2	3.833500E-3
7.940000E-2	3.832450E-3
7.950000E-2	3.831211E-3
7.960000E-2	3.830164E-3
7.970000E-2	3.828541E-3
7.980000E-2	3.827110E-3
7.990000E-2	3.825488E-3
8.000000E-2	3.824249E-3
8.010000E-2	3.821960E-3
8.020000E-2	3.820816E-3
8.030000E-2	3.819576E-3
8.040000E-2	3.818623E-3
8.050000E-2	3.817574E-3
8.060000E-2	3.816715E-3
8.070000E-2	3.815284E-3
8.080000E-2	3.814521E-3
8.090000E-2	3.813853E-3
8.100000E-2	3.812995E-3
8.110000E-2	3.812519E-3
8.120000E-2	3.811374E-3
8.130000E-2	3.810325E-3
8.140000E-2	3.808418E-3
8.150000E-2	3.806701E-3
8.160000E-2	3.804699E-3
8.170000E-2	3.802887E-3
8.180000E-2	3.801265E-3
8.190000E-2	3.800122E-3
8.200000E-2	3.798692E-3
8.210000E-2	3.796878E-3
8.220000E-2	3.795352E-3
8.230000E-2	3.793540E-3
8.240000E-2	3.791729E-3
8.250000E-2	3.790966E-3
8.260000E-2	3.790106E-3
8.270000E-2	3.789630E-3
8.280000E-2	3.789439E-3
8.290000E-2	3.788677E-3
8.300000E-2	3.787246E-3
8.310000E-2	3.785911E-3
8.320000E-2	3.784672E-3
8.330000E-2	3.782956E-3
8.340000E-2	3.781907E-3
8.350000E-2	3.780572E-3
8.360000E-2	3.779521E-3
8.370000E-2	3.778378E-3
8.380000E-2	3.777138E-3
8.390000E-2	3.774945E-3
8.400000E-2	3.772751E-3
8.410000E-2	3.771129E-3
8.420000E-2	3.769983E-3
8.430000E-2	3.769508E-3
8.440000E-2	3.769127E-3
8.450000E-2	3.769221E-3
8.460000E-2	3.768840E-3
8.470000E-2	3.768172E-3
8.480000E-2	3.766933E-3
8.490000E-2	3.765789E-3
8.500000E-2	3.764168E-3
8.510000E-2	3.762546E-3
8.520000E-2	3.760162E-3
8.530000E-2	3.758636E-3
8.540000E-2	3.757301E-3
8.550000E-2	3.755583E-3
8.560000E-2	3.753963E-3
8.570000E-2	3.752532E-3
8.580000E-2	3.750816E-3
8.590000E-2	3.749099E-3
8.600000E-2	3.748050E-3
8.610000E-2	3.746143E-3
8.620000E-2	3.745285E-3
8.630000E-2	3.744522E-3
8.640000E-2	3.744140E-3
8.650000E-2	3.743759E-3
8.660000E-2	3.743378E-3
8.670000E-2	3.742806E-3
8.680000E-2	3.741660E-3
8.690000E-2	3.740516E-3
8.700000E-2	3.739276E-3
8.710000E-2	3.738323E-3
8.720000E-2	3.736416E-3
8.730000E-2	3.734604E-3
8.740000E-2	3.733079E-3
8.750000E-2	3.732219E-3
8.760000E-2	3.731456E-3
8.770000E-2	3.730788E-3
8.780000E-2	3.730597E-3
8.790000E-2	3.730789E-3
8.800000E-2	3.730502E-3
8.810000E-2	3.729645E-3
8.820000E-2	3.727833E-3
8.830000E-2	3.726306E-3
8.840000E-2	3.725161E-3
8.850000E-2	3.724304E-3
8.860000E-2	3.723636E-3
8.870000E-2	3.723350E-3
8.880000E-2	3.723635E-3
8.890000E-2	3.723922E-3
8.900000E-2	3.724018E-3
8.910000E-2	3.723254E-3
8.920000E-2	3.722301E-3
8.930000E-2	3.721156E-3
8.940000E-2	3.720013E-3
8.950000E-2	3.719535E-3
8.960000E-2	3.719059E-3
8.970000E-2	3.718583E-3
8.980000E-2	3.717627E-3
8.990000E-2	3.717056E-3
9.000000E-2	3.716484E-3
9.010000E-2	3.715625E-3
9.020000E-2	3.714862E-3
9.030000E-2	3.714577E-3
9.040000E-2	3.714481E-3
9.050000E-2	3.714291E-3
9.060000E-2	3.714386E-3
9.070000E-2	3.714100E-3
9.080000E-2	3.714481E-3
9.090000E-2	3.714672E-3
9.100000E-2	3.714005E-3
9.110000E-2	3.713336E-3
9.120000E-2	3.712478E-3
9.130000E-2	3.712191E-3
9.140000E-2	3.712382E-3
9.150000E-2	3.712573E-3
9.160000E-2	3.712001E-3
9.170000E-2	3.711430E-3
9.180000E-2	3.710856E-3
9.190000E-2	3.710095E-3
9.200000E-2	3.709522E-3
9.210000E-2	3.709236E-3
9.220000E-2	3.709141E-3
9.230000E-2	3.709046E-3
9.240000E-2	3.709141E-3
9.250000E-2	3.709045E-3
9.260000E-2	3.708856E-3
9.270000E-2	3.708951E-3
9.280000E-2	3.708663E-3
9.290000E-2	3.708377E-3
9.300000E-2	3.707995E-3
