-7.500000E-2	2.128620E-3	1.125340E-4	-5.823591E-1
-7.490000E-2	2.128620E-3	1.258860E-4	-5.821195E-1
-7.480000E-2	2.126710E-3	1.354230E-4	-5.822268E-1
-7.470000E-2	2.115260E-3	1.430520E-4	-5.808995E-1
-7.460000E-2	2.105730E-3	1.344690E-4	-5.807756E-1
-7.450000E-2	2.106680E-3	1.192100E-4	-5.799790E-1
-7.440000E-2	2.110500E-3	1.192100E-4	-5.794454E-1
-7.430000E-2	2.128620E-3	1.077660E-4	-5.789588E-1
-7.420000E-2	2.135290E-3	1.077660E-4	-5.782160E-1
-7.410000E-2	2.137200E-3	1.029970E-4	-5.776666E-1
-7.400000E-2	2.135290E-3	9.727520E-5	-5.772679E-1
-7.390000E-2	2.137200E-3	9.441420E-5	-5.763761E-1
-7.380000E-2	2.141970E-3	9.441420E-5	-5.755686E-1
-7.370000E-2	2.142920E-3	1.058580E-4	-5.750895E-1
-7.360000E-2	2.143870E-3	1.230250E-4	-5.746696E-1
-7.350000E-2	2.142920E-3	1.335150E-4	-5.740442E-1
-7.340000E-2	2.136250E-3	1.316080E-4	-5.728814E-1
-7.330000E-2	2.130520E-3	1.239790E-4	-5.722912E-1
-7.320000E-2	2.149600E-3	1.239790E-4	-5.716003E-1
-7.310000E-2	2.166760E-3	1.220710E-4	-5.711341E-1
-7.300000E-2	2.176300E-3	1.173020E-4	-5.708076E-1
-7.290000E-2	2.164860E-3	1.125340E-4	-5.699455E-1
-7.280000E-2	2.161040E-3	1.106270E-4	-5.694311E-1
-7.270000E-2	2.162950E-3	9.250690E-5	-5.685719E-1
-7.260000E-2	2.155320E-3	8.392380E-5	-5.684829E-1
-7.250000E-2	2.152460E-3	9.536790E-5	-5.678420E-1
-7.240000E-2	2.156270E-3	9.536790E-5	-5.673703E-1
-7.230000E-2	2.165810E-3	8.964590E-5	-5.663638E-1
-7.220000E-2	2.147690E-3	9.346050E-5	-5.659189E-1
-7.210000E-2	2.137200E-3	1.058580E-4	-5.653925E-1
-7.200000E-2	2.147690E-3	1.049050E-4	-5.647515E-1
-7.190000E-2	2.162950E-3	8.583120E-5	-5.641919E-1
-7.180000E-2	2.175350E-3	8.010910E-5	-5.634296E-1
-7.170000E-2	2.169620E-3	8.392380E-5	-5.626101E-1
-7.160000E-2	2.162950E-3	9.727520E-5	-5.614224E-1
-7.150000E-2	2.162950E-3	1.001360E-4	-5.607564E-1
-7.140000E-2	2.164860E-3	9.250690E-5	-5.603290E-1
-7.130000E-2	2.152460E-3	9.441420E-5	-5.601561E-1
-7.120000E-2	2.159130E-3	1.001360E-4	-5.592043E-1
-7.110000E-2	2.169620E-3	1.144410E-4	-5.586001E-1
-7.100000E-2	2.173440E-3	1.144410E-4	-5.580081E-1
-7.090000E-2	2.176300E-3	1.115800E-4	-5.569592E-1
-7.080000E-2	2.181070E-3	1.211170E-4	-5.563478E-1
-7.070000E-2	2.176300E-3	1.382840E-4	-5.550509E-1
-7.060000E-2	2.168670E-3	1.373300E-4	-5.544681E-1
-7.050000E-2	2.172480E-3	1.344690E-4	-5.538836E-1
-7.040000E-2	2.183930E-3	1.268400E-4	-5.537068E-1
-7.030000E-2	2.187740E-3	1.068120E-4	-5.530390E-1
-7.020000E-2	2.187740E-3	9.155320E-5	-5.524405E-1
-7.010000E-2	2.181070E-3	7.915540E-5	-5.516987E-1
-7.000000E-2	2.157230E-3	9.250690E-5	-5.510909E-1
-6.990000E-2	2.143870E-3	1.077660E-4	-5.505840E-1
-6.980000E-2	2.139110E-3	1.239790E-4	-5.495757E-1
-6.970000E-2	2.127660E-3	1.239790E-4	-5.488099E-1
-6.960000E-2	2.132430E-3	1.134880E-4	-5.481568E-1
-6.950000E-2	2.143870E-3	1.192100E-4	-5.480069E-1
-6.940000E-2	2.147690E-3	1.306540E-4	-5.468285E-1
-6.930000E-2	2.146740E-3	1.106270E-4	-5.456647E-1
-6.920000E-2	2.143870E-3	8.392380E-5	-5.452319E-1
-6.910000E-2	2.144830E-3	8.106280E-5	-5.449312E-1
-6.900000E-2	2.158180E-3	1.010900E-4	-5.439711E-1
-6.890000E-2	2.159130E-3	1.115800E-4	-5.432654E-1
-6.880000E-2	2.152460E-3	1.144410E-4	-5.427455E-1
-6.870000E-2	2.154370E-3	1.096730E-4	-5.419749E-1
-6.860000E-2	2.155320E-3	1.058580E-4	-5.414532E-1
-6.850000E-2	2.163900E-3	1.039510E-4	-5.412025E-1
-6.840000E-2	2.169620E-3	1.106270E-4	-5.401638E-1
-6.830000E-2	2.176300E-3	1.258860E-4	-5.391702E-1
-6.820000E-2	2.181070E-3	1.192100E-4	-5.381019E-1
-6.810000E-2	2.172480E-3	1.125340E-4	-5.376228E-1
-6.800000E-2	2.164860E-3	1.106270E-4	-5.377245E-1
-6.790000E-2	2.161040E-3	1.144410E-4	-5.363129E-1
-6.780000E-2	2.156270E-3	1.001360E-4	-5.360196E-1
-6.770000E-2	2.146740E-3	9.918260E-5	-5.349818E-1
-6.760000E-2	2.159130E-3	9.727520E-5	-5.343834E-1
-6.750000E-2	2.183930E-3	9.822890E-5	-5.334000E-1
-6.740000E-2	2.188700E-3	1.087190E-4	-5.328127E-1
-6.730000E-2	2.182980E-3	1.192100E-4	-5.320273E-1
-6.720000E-2	2.171530E-3	1.192100E-4	-5.313502E-1
-6.710000E-2	2.181070E-3	1.144410E-4	-5.312364E-1
-6.700000E-2	2.173440E-3	1.153950E-4	-5.304085E-1
-6.690000E-2	2.164860E-3	1.153950E-4	-5.297055E-1
-6.680000E-2	2.167720E-3	1.144410E-4	-5.289081E-1
-6.670000E-2	2.153410E-3	1.173020E-4	-5.283985E-1
-6.660000E-2	2.154370E-3	1.277930E-4	-5.280275E-1
-6.650000E-2	2.156270E-3	1.306540E-4	-5.272376E-1
-6.640000E-2	2.164860E-3	1.287470E-4	-5.269092E-1
-6.630000E-2	2.181070E-3	1.211170E-4	-5.264597E-1
-6.620000E-2	2.185840E-3	1.249320E-4	-5.255087E-1
-6.610000E-2	2.181070E-3	1.373300E-4	-5.245412E-1
-6.600000E-2	2.176300E-3	1.373300E-4	-5.233212E-1
-6.590000E-2	2.187740E-3	1.239790E-4	-5.218624E-1
-6.580000E-2	2.180110E-3	1.134880E-4	-5.212648E-1
-6.570000E-2	2.174390E-3	1.125340E-4	-5.211353E-1
-6.560000E-2	2.172480E-3	1.077660E-4	-5.202722E-1
-6.550000E-2	2.182980E-3	1.106270E-4	-5.201289E-1
-6.540000E-2	2.197280E-3	1.201630E-4	-5.197163E-1
-6.530000E-2	2.201100E-3	1.297010E-4	-5.188921E-1
-6.520000E-2	2.199190E-3	1.192100E-4	-5.181466E-1
-6.510000E-2	2.194420E-3	1.201630E-4	-5.171947E-1
-6.500000E-2	2.203000E-3	1.115800E-4	-5.170079E-1
-6.490000E-2	2.199190E-3	9.441420E-5	-5.160773E-1
-6.480000E-2	2.187740E-3	9.250690E-5	-5.155140E-1
-6.470000E-2	2.184880E-3	1.010900E-4	-5.143374E-1
-6.460000E-2	2.188700E-3	9.727520E-5	-5.143207E-1
-6.450000E-2	2.189650E-3	1.020440E-4	-5.139442E-1
-6.440000E-2	2.203000E-3	1.106270E-4	-5.135113E-1
-6.430000E-2	2.218260E-3	1.163490E-4	-5.130451E-1
-6.420000E-2	2.218260E-3	1.144410E-4	-5.119176E-1
-6.410000E-2	2.198230E-3	1.077660E-4	-5.108871E-1
-6.400000E-2	2.196330E-3	1.077660E-4	-5.105615E-1
-6.390000E-2	2.202050E-3	1.220710E-4	-5.097927E-1
-6.380000E-2	2.212540E-3	1.354230E-4	-5.089492E-1
-6.370000E-2	2.227800E-3	1.392370E-4	-5.083969E-1
-6.360000E-2	2.236380E-3	1.316080E-4	-5.078845E-1
-6.350000E-2	2.234470E-3	1.297010E-4	-5.067884E-1
-6.340000E-2	2.228750E-3	1.249320E-4	-5.062694E-1
-6.330000E-2	2.208720E-3	1.230250E-4	-5.055867E-1
-6.320000E-2	2.186790E-3	1.363760E-4	-5.048274E-1
-6.310000E-2	2.194420E-3	1.478200E-4	-5.044693E-1
-6.300000E-2	2.188700E-3	1.392370E-4	-5.037266E-1
-6.290000E-2	2.187740E-3	1.277930E-4	-5.029422E-1
-6.280000E-2	2.197280E-3	1.134880E-4	-5.019580E-1
-6.270000E-2	2.203960E-3	1.039510E-4	-5.019829E-1
-6.260000E-2	2.208720E-3	1.173020E-4	-5.006444E-1
-6.250000E-2	2.206820E-3	1.277930E-4	-4.999239E-1
-6.240000E-2	2.206820E-3	1.201630E-4	-4.993929E-1
-6.230000E-2	2.215400E-3	1.049050E-4	-4.984938E-1
-6.220000E-2	2.228750E-3	9.155320E-5	-4.979416E-1
-6.210000E-2	2.232570E-3	9.250690E-5	-4.973652E-1
-6.200000E-2	2.220170E-3	9.918260E-5	-4.964532E-1
-6.190000E-2	2.223030E-3	1.010900E-4	-4.958658E-1
-6.180000E-2	2.232570E-3	1.058580E-4	-4.946855E-1
-6.170000E-2	2.227800E-3	1.106270E-4	-4.945754E-1
-6.160000E-2	2.223030E-3	1.325620E-4	-4.934802E-1
-6.150000E-2	2.227800E-3	1.258860E-4	-4.928808E-1
-6.140000E-2	2.227800E-3	1.173020E-4	-4.919354E-1
-6.130000E-2	2.218260E-3	1.192100E-4	-4.918245E-1
-6.120000E-2	2.224940E-3	1.192100E-4	-4.909827E-1
-6.110000E-2	2.230660E-3	1.201630E-4	-4.906136E-1
-6.100000E-2	2.236380E-3	1.277930E-4	-4.904444E-1
-6.090000E-2	2.231610E-3	1.478200E-4	-4.895831E-1
-6.080000E-2	2.226840E-3	1.506810E-4	-4.883908E-1
-6.070000E-2	2.228750E-3	1.420980E-4	-4.874954E-1
-6.060000E-2	2.230660E-3	1.478200E-4	-4.866980E-1
-6.050000E-2	2.224940E-3	1.459130E-4	-4.861421E-1
-6.040000E-2	2.221120E-3	1.373300E-4	-4.855908E-1
-6.030000E-2	2.215400E-3	1.277930E-4	-4.853678E-1
-6.020000E-2	2.218260E-3	1.201630E-4	-4.841006E-1
-6.010000E-2	2.222080E-3	1.039510E-4	-4.836344E-1
-6.000000E-2	2.231610E-3	1.049050E-4	-4.824790E-1
-5.990000E-2	2.228750E-3	1.125340E-4	-4.821978E-1
-5.980000E-2	2.222080E-3	1.201630E-4	-4.813403E-1
-5.970000E-2	2.225890E-3	1.468670E-4	-4.805300E-1
-5.960000E-2	2.214450E-3	1.449590E-4	-4.799195E-1
-5.950000E-2	2.216350E-3	1.258860E-4	-4.790814E-1
-5.940000E-2	2.226840E-3	1.001360E-4	-4.782869E-1
-5.930000E-2	2.241150E-3	9.059950E-5	-4.765571E-1
-5.920000E-2	2.258320E-3	9.155320E-5	-4.766487E-1
-5.910000E-2	2.267850E-3	8.487750E-5	-4.762934E-1
-5.900000E-2	2.259270E-3	8.964590E-5	-4.755368E-1
-5.890000E-2	2.262130E-3	1.125340E-4	-4.748467E-1
-5.880000E-2	2.266900E-3	1.306540E-4	-4.740235E-1
-5.870000E-2	2.257360E-3	1.430520E-4	-4.730318E-1
-5.860000E-2	2.248780E-3	1.354230E-4	-4.725435E-1
-5.850000E-2	2.242100E-3	1.335150E-4	-4.719024E-1
-5.840000E-2	2.247830E-3	1.239790E-4	-4.708507E-1
-5.830000E-2	2.251640E-3	1.239790E-4	-4.709183E-1
-5.820000E-2	2.252590E-3	1.325620E-4	-4.703559E-1
-5.810000E-2	2.259270E-3	1.316080E-4	-4.699044E-1
-5.800000E-2	2.267850E-3	1.192100E-4	-4.692088E-1
-5.790000E-2	2.262130E-3	1.192100E-4	-4.689118E-1
-5.780000E-2	2.244960E-3	1.239790E-4	-4.683541E-1
-5.770000E-2	2.236380E-3	1.306540E-4	-4.675012E-1
-5.760000E-2	2.245920E-3	1.363760E-4	-4.666456E-1
-5.750000E-2	2.266900E-3	1.392370E-4	-4.659167E-1
-5.740000E-2	2.293600E-3	1.344690E-4	-4.651415E-1
-5.730000E-2	2.298370E-3	1.325620E-4	-4.649547E-1
-5.720000E-2	2.285970E-3	1.087190E-4	-4.639215E-1
-5.710000E-2	2.264040E-3	9.441420E-5	-4.633895E-1
-5.700000E-2	2.257360E-3	1.182560E-4	-4.620695E-1
-5.690000E-2	2.264040E-3	1.344690E-4	-4.613647E-1
-5.680000E-2	2.280250E-3	1.306540E-4	-4.607116E-1
-5.670000E-2	2.277390E-3	1.335150E-4	-4.599402E-1
-5.660000E-2	2.276440E-3	1.201630E-4	-4.587534E-1
-5.650000E-2	2.283110E-3	9.632160E-5	-4.581234E-1
-5.640000E-2	2.283110E-3	7.915540E-5	-4.583085E-1
-5.630000E-2	2.290740E-3	7.057240E-5	-4.578238E-1
-5.620000E-2	2.293600E-3	8.964590E-5	-4.570967E-1
-5.610000E-2	2.297420E-3	1.192100E-4	-4.561153E-1
-5.600000E-2	2.291690E-3	1.258860E-4	-4.554640E-1
-5.590000E-2	2.293600E-3	1.239790E-4	-4.541912E-1
-5.580000E-2	2.274530E-3	1.277930E-4	-4.534956E-1
-5.570000E-2	2.248780E-3	1.134880E-4	-4.527398E-1
-5.560000E-2	2.247830E-3	9.155320E-5	-4.519156E-1
-5.550000E-2	2.244010E-3	8.487750E-5	-4.511276E-1
-5.540000E-2	2.262130E-3	9.536790E-5	-4.504819E-1
-5.530000E-2	2.273570E-3	1.077660E-4	-4.497354E-1
-5.520000E-2	2.291690E-3	1.173020E-4	-4.488262E-1
-5.510000E-2	2.292650E-3	1.258860E-4	-4.482554E-1
-5.500000E-2	2.289790E-3	1.211170E-4	-4.468244E-1
-5.490000E-2	2.287880E-3	1.096730E-4	-4.458800E-1
-5.480000E-2	2.291690E-3	1.182560E-4	-4.455266E-1
-5.470000E-2	2.286930E-3	1.354230E-4	-4.447700E-1
-5.460000E-2	2.300280E-3	1.268400E-4	-4.439745E-1
-5.450000E-2	2.315540E-3	1.268400E-4	-4.426461E-1
-5.440000E-2	2.303140E-3	1.268400E-4	-4.424907E-1
-5.430000E-2	2.304090E-3	1.277930E-4	-4.412623E-1
-5.420000E-2	2.300280E-3	1.211170E-4	-4.403956E-1
-5.410000E-2	2.303140E-3	1.277930E-4	-4.397786E-1
-5.400000E-2	2.308860E-3	1.459130E-4	-4.392634E-1
-5.390000E-2	2.323170E-3	1.354230E-4	-4.390432E-1
-5.380000E-2	2.342240E-3	1.277930E-4	-4.379905E-1
-5.370000E-2	2.337470E-3	1.363760E-4	-4.372773E-1
-5.360000E-2	2.323170E-3	1.325620E-4	-4.365021E-1
-5.350000E-2	2.313630E-3	1.325620E-4	-4.355939E-1
-5.340000E-2	2.338420E-3	1.392370E-4	-4.349629E-1
-5.330000E-2	2.353680E-3	1.325620E-4	-4.335875E-1
-5.320000E-2	2.347010E-3	1.192100E-4	-4.332036E-1
-5.310000E-2	2.333660E-3	1.125340E-4	-4.322249E-1
-5.300000E-2	2.332700E-3	1.106270E-4	-4.317189E-1
-5.290000E-2	2.336520E-3	1.115800E-4	-4.312703E-1
-5.280000E-2	2.333660E-3	1.249320E-4	-4.305673E-1
-5.270000E-2	2.331750E-3	1.335150E-4	-4.299022E-1
-5.260000E-2	2.321260E-3	1.306540E-4	-4.290863E-1
-5.250000E-2	2.309810E-3	1.220710E-4	-4.286682E-1
-5.240000E-2	2.314580E-3	1.144410E-4	-4.280670E-1
-5.230000E-2	2.329840E-3	1.268400E-4	-4.272438E-1
-5.220000E-2	2.355590E-3	1.192100E-4	-4.266165E-1
-5.210000E-2	2.378480E-3	1.068120E-4	-4.255278E-1
-5.200000E-2	2.382290E-3	1.049050E-4	-4.246111E-1
-5.190000E-2	2.377520E-3	1.173020E-4	-4.237268E-1
-5.180000E-2	2.380390E-3	1.287470E-4	-4.235196E-1
-5.170000E-2	2.394690E-3	1.325620E-4	-4.227029E-1
-5.160000E-2	2.402320E-3	1.192100E-4	-4.220276E-1
-5.150000E-2	2.402320E-3	1.144410E-4	-4.211211E-1
-5.140000E-2	2.393740E-3	1.268400E-4	-4.204809E-1
-5.130000E-2	2.397550E-3	1.373300E-4	-4.192451E-1
-5.120000E-2	2.400410E-3	1.325620E-4	-4.184394E-1
-5.110000E-2	2.388970E-3	1.220710E-4	-4.174387E-1
-5.100000E-2	2.375620E-3	1.134880E-4	-4.167763E-1
-5.090000E-2	2.357500E-3	9.727520E-5	-4.161186E-1
-5.080000E-2	2.349870E-3	9.059950E-5	-4.155766E-1
-5.070000E-2	2.352730E-3	1.134880E-4	-4.150835E-1
-5.060000E-2	2.364170E-3	1.411450E-4	-4.142667E-1
-5.050000E-2	2.373710E-3	1.497280E-4	-4.138134E-1
-5.040000E-2	2.384200E-3	1.602180E-4	-4.126878E-1
-5.030000E-2	2.384200E-3	1.726160E-4	-4.121291E-1
-5.020000E-2	2.373710E-3	1.649870E-4	-4.111670E-1
-5.010000E-2	2.363220E-3	1.440060E-4	-4.103022E-1
-5.000000E-2	2.360360E-3	1.392370E-4	-4.095186E-1
-4.990000E-2	2.353680E-3	1.373300E-4	-4.090681E-1
-4.980000E-2	2.347010E-3	1.487740E-4	-4.082458E-1
-4.970000E-2	2.347010E-3	1.611720E-4	-4.068573E-1
-4.960000E-2	2.356540E-3	1.611720E-4	-4.068648E-1
-4.950000E-2	2.370850E-3	1.535420E-4	-4.060553E-1
-4.940000E-2	2.380390E-3	1.525890E-4	-4.053940E-1
-4.930000E-2	2.379430E-3	1.373300E-4	-4.048936E-1
-4.920000E-2	2.388020E-3	1.430520E-4	-4.038344E-1
-4.910000E-2	2.398510E-3	1.497280E-4	-4.030140E-1
-4.900000E-2	2.408040E-3	1.478200E-4	-4.021824E-1
-4.890000E-2	2.412810E-3	1.506810E-4	-4.011759E-1
-4.880000E-2	2.404230E-3	1.430520E-4	-4.010770E-1
-4.870000E-2	2.409000E-3	1.325620E-4	-4.001205E-1
-4.860000E-2	2.426160E-3	1.220710E-4	-3.995748E-1
-4.850000E-2	2.434750E-3	1.106270E-4	-3.988339E-1
-4.840000E-2	2.440470E-3	1.049050E-4	-3.988459E-1
-4.830000E-2	2.433790E-3	1.249320E-4	-3.972872E-1
-4.820000E-2	2.427120E-3	1.440060E-4	-3.971336E-1
-4.810000E-2	2.433790E-3	1.459130E-4	-3.961716E-1
-4.800000E-2	2.424260E-3	1.411450E-4	-3.960199E-1
-4.790000E-2	2.433790E-3	1.411450E-4	-3.948637E-1
-4.780000E-2	2.449050E-3	1.459130E-4	-3.937018E-1
-4.770000E-2	2.458590E-3	1.440060E-4	-3.929600E-1
-4.760000E-2	2.457630E-3	1.392370E-4	-3.921820E-1
-4.750000E-2	2.461450E-3	1.344690E-4	-3.917168E-1
-4.740000E-2	2.469080E-3	1.430520E-4	-3.913024E-1
-4.730000E-2	2.470990E-3	1.678480E-4	-3.905291E-1
-4.720000E-2	2.460490E-3	1.678480E-4	-3.902506E-1
-4.710000E-2	2.457630E-3	1.487740E-4	-3.886799E-1
-4.700000E-2	2.450960E-3	1.478200E-4	-3.879853E-1
-4.690000E-2	2.450960E-3	1.478200E-4	-3.868965E-1
-4.680000E-2	2.443330E-3	1.449590E-4	-3.860122E-1
-4.670000E-2	2.457630E-3	1.440060E-4	-3.855395E-1
-4.660000E-2	2.460490E-3	1.363760E-4	-3.851769E-1
-4.650000E-2	2.455730E-3	1.354230E-4	-3.843028E-1
-4.640000E-2	2.457630E-3	1.277930E-4	-3.833417E-1
-4.630000E-2	2.460490E-3	1.201630E-4	-3.823251E-1
-4.620000E-2	2.476710E-3	1.220710E-4	-3.814278E-1
-4.610000E-2	2.491010E-3	1.287470E-4	-3.804307E-1
-4.600000E-2	2.494830E-3	1.211170E-4	-3.793900E-1
-4.590000E-2	2.492920E-3	1.211170E-4	-3.789470E-1
-4.580000E-2	2.491010E-3	1.268400E-4	-3.779378E-1
-4.570000E-2	2.495780E-3	1.258860E-4	-3.770655E-1
-4.560000E-2	2.497690E-3	1.182560E-4	-3.764633E-1
-4.550000E-2	2.507220E-3	1.192100E-4	-3.756965E-1
-4.540000E-2	2.495780E-3	1.173020E-4	-3.753496E-1
-4.530000E-2	2.495780E-3	1.182560E-4	-3.749620E-1
-4.520000E-2	2.499600E-3	1.306540E-4	-3.738400E-1
-4.510000E-2	2.511990E-3	1.411450E-4	-3.736855E-1
-4.500000E-2	2.517720E-3	1.525890E-4	-3.730426E-1
-4.490000E-2	2.520580E-3	1.392370E-4	-3.721925E-1
-4.480000E-2	2.524390E-3	1.087190E-4	-3.707421E-1
-4.470000E-2	2.521530E-3	9.918260E-5	-3.697746E-1
-4.460000E-2	2.526300E-3	1.220710E-4	-3.686682E-1
-4.450000E-2	2.513900E-3	1.506810E-4	-3.676932E-1
-4.440000E-2	2.506270E-3	1.707090E-4	-3.671845E-1
-4.430000E-2	2.501500E-3	1.611720E-4	-3.665554E-1
-4.420000E-2	2.504360E-3	1.277930E-4	-3.653955E-1
-4.410000E-2	2.519620E-3	1.192100E-4	-3.646814E-1
-4.400000E-2	2.551090E-3	1.258860E-4	-3.639043E-1
-4.390000E-2	2.565400E-3	1.392370E-4	-3.626344E-1
-4.380000E-2	2.561580E-3	1.497280E-4	-3.625057E-1
-4.370000E-2	2.553000E-3	1.411450E-4	-3.620942E-1
-4.360000E-2	2.553000E-3	1.354230E-4	-3.621136E-1
-4.350000E-2	2.551090E-3	1.430520E-4	-3.610646E-1
-4.340000E-2	2.556820E-3	1.497280E-4	-3.603117E-1
-4.330000E-2	2.575890E-3	1.468670E-4	-3.592553E-1
-4.320000E-2	2.581610E-3	1.525890E-4	-3.585883E-1
-4.310000E-2	2.561580E-3	1.697550E-4	-3.572637E-1
-4.300000E-2	2.540600E-3	1.735700E-4	-3.562565E-1
-4.290000E-2	2.557770E-3	1.630790E-4	-3.554960E-1
-4.280000E-2	2.556820E-3	1.659400E-4	-3.544063E-1
-4.270000E-2	2.554910E-3	1.745230E-4	-3.539383E-1
-4.260000E-2	2.554910E-3	1.611720E-4	-3.529153E-1
-4.250000E-2	2.557770E-3	1.459130E-4	-3.517377E-1
-4.240000E-2	2.567310E-3	1.525890E-4	-3.513150E-1
-4.230000E-2	2.574940E-3	1.564040E-4	-3.513039E-1
-4.220000E-2	2.584470E-3	1.497280E-4	-3.507590E-1
-4.210000E-2	2.600680E-3	1.459130E-4	-3.503410E-1
-4.200000E-2	2.614990E-3	1.459130E-4	-3.490542E-1
-4.190000E-2	2.615940E-3	1.506810E-4	-3.480756E-1
-4.180000E-2	2.628340E-3	1.449590E-4	-3.477657E-1
-4.170000E-2	2.642650E-3	1.344690E-4	-3.471487E-1
-4.160000E-2	2.637880E-3	1.201630E-4	-3.465659E-1
-4.150000E-2	2.645510E-3	1.153950E-4	-3.454005E-1
-4.140000E-2	2.644550E-3	1.277930E-4	-3.454560E-1
-4.130000E-2	2.648370E-3	1.401910E-4	-3.440759E-1
-4.120000E-2	2.641690E-3	1.506810E-4	-3.435125E-1
-4.110000E-2	2.653140E-3	1.611720E-4	-3.425930E-1
-4.100000E-2	2.678890E-3	1.697550E-4	-3.412444E-1
-4.090000E-2	2.681750E-3	1.630790E-4	-3.402685E-1
-4.080000E-2	2.668400E-3	1.745230E-4	-3.392704E-1
-4.070000E-2	2.666490E-3	1.716620E-4	-3.389864E-1
-4.060000E-2	2.676030E-3	1.411450E-4	-3.383898E-1
-4.050000E-2	2.688420E-3	1.306540E-4	-3.374241E-1
-4.040000E-2	2.707500E-3	1.325620E-4	-3.356702E-1
-4.030000E-2	2.732290E-3	1.430520E-4	-3.349237E-1
-4.020000E-2	2.750410E-3	1.459130E-4	-3.340700E-1
-4.010000E-2	2.747550E-3	1.564040E-4	-3.334169E-1
-4.000000E-2	2.745640E-3	1.440060E-4	-3.322208E-1
-3.990000E-2	2.746600E-3	1.106270E-4	-3.311849E-1
-3.980000E-2	2.742780E-3	9.441420E-5	-3.305355E-1
-3.970000E-2	2.738010E-3	9.727520E-5	-3.299083E-1
-3.960000E-2	2.727520E-3	1.277930E-4	-3.287631E-1
-3.950000E-2	2.719890E-3	1.583110E-4	-3.275745E-1
-3.940000E-2	2.712260E-3	1.592650E-4	-3.264627E-1
-3.930000E-2	2.716080E-3	1.430520E-4	-3.253453E-1
-3.920000E-2	2.745640E-3	1.363760E-4	-3.246588E-1
-3.910000E-2	2.774250E-3	1.516350E-4	-3.234397E-1
-3.900000E-2	2.787600E-3	1.459130E-4	-3.224194E-1
-3.890000E-2	2.786650E-3	1.411450E-4	-3.214666E-1
-3.880000E-2	2.785700E-3	1.392370E-4	-3.208052E-1
-3.870000E-2	2.800960E-3	1.382840E-4	-3.198590E-1
-3.860000E-2	2.814310E-3	1.363760E-4	-3.191366E-1
-3.850000E-2	2.829570E-3	1.411450E-4	-3.187536E-1
-3.840000E-2	2.838150E-3	1.430520E-4	-3.177574E-1
-3.830000E-2	2.846730E-3	1.535420E-4	-3.168278E-1
-3.820000E-2	2.849590E-3	1.630790E-4	-3.158889E-1
-3.810000E-2	2.865810E-3	1.668940E-4	-3.147344E-1
-3.800000E-2	2.886790E-3	1.811990E-4	-3.134135E-1
-3.790000E-2	2.883930E-3	1.850140E-4	-3.128816E-1
-3.780000E-2	2.882020E-3	1.983650E-4	-3.120870E-1
-3.770000E-2	2.874390E-3	1.964580E-4	-3.112407E-1
-3.760000E-2	2.876300E-3	1.878750E-4	-3.096635E-1
-3.750000E-2	2.886790E-3	1.811990E-4	-3.091844E-1
-3.740000E-2	2.887740E-3	1.716620E-4	-3.083860E-1
-3.730000E-2	2.901090E-3	1.678480E-4	-3.069681E-1
-3.720000E-2	2.937330E-3	1.611720E-4	-3.058377E-1
-3.710000E-2	2.943050E-3	1.525890E-4	-3.055065E-1
-3.700000E-2	2.956410E-3	1.678480E-4	-3.050948E-1
-3.690000E-2	2.977390E-3	1.688010E-4	-3.042439E-1
-3.680000E-2	2.978340E-3	1.411450E-4	-3.036388E-1
-3.670000E-2	2.964990E-3	1.268400E-4	-3.030265E-1
-3.660000E-2	2.951640E-3	1.344690E-4	-3.015437E-1
-3.650000E-2	2.956410E-3	1.497280E-4	-3.008666E-1
-3.640000E-2	2.958310E-3	1.745230E-4	-2.996142E-1
-3.630000E-2	2.959270E-3	1.754770E-4	-2.983478E-1
-3.620000E-2	2.966900E-3	1.707090E-4	-2.973322E-1
-3.610000E-2	2.977390E-3	1.573570E-4	-2.967420E-1
-3.600000E-2	2.989780E-3	1.459130E-4	-2.959280E-1
-3.590000E-2	3.015530E-3	1.430520E-4	-2.949188E-1
-3.580000E-2	3.040330E-3	1.392370E-4	-2.948032E-1
-3.570000E-2	3.053680E-3	1.573570E-4	-2.934943E-1
-3.560000E-2	3.045100E-3	1.516350E-4	-2.930401E-1
-3.550000E-2	3.040330E-3	1.440060E-4	-2.909033E-1
-3.540000E-2	3.034610E-3	1.392370E-4	-2.901031E-1
-3.530000E-2	3.046050E-3	1.592650E-4	-2.889238E-1
-3.520000E-2	3.055590E-3	1.764310E-4	-2.871746E-1
-3.510000E-2	3.078480E-3	1.888280E-4	-2.858869E-1
-3.500000E-2	3.107090E-3	1.983650E-4	-2.845290E-1
-3.490000E-2	3.149050E-3	1.878750E-4	-2.838714E-1
-3.480000E-2	3.165260E-3	1.811990E-4	-2.834745E-1
-3.470000E-2	3.186240E-3	1.811990E-4	-2.825190E-1
-3.460000E-2	3.202450E-3	1.926430E-4	-2.813729E-1
-3.450000E-2	3.199590E-3	1.916890E-4	-2.804424E-1
-3.440000E-2	3.222480E-3	1.945500E-4	-2.791233E-1
-3.430000E-2	3.257770E-3	1.792920E-4	-2.780873E-1
-3.420000E-2	3.260630E-3	1.773840E-4	-2.768570E-1
-3.410000E-2	3.247280E-3	1.783380E-4	-2.757193E-1
-3.400000E-2	3.241550E-3	1.697550E-4	-2.751596E-1
-3.390000E-2	3.236790E-3	1.726160E-4	-2.742309E-1
-3.380000E-2	3.244410E-3	1.945500E-4	-2.726380E-1
-3.370000E-2	3.271120E-3	2.164850E-4	-2.711802E-1
-3.360000E-2	3.271120E-3	2.040870E-4	-2.704772E-1
-3.350000E-2	3.273030E-3	1.783380E-4	-2.701691E-1
-3.340000E-2	3.301640E-3	1.630790E-4	-2.691978E-1
-3.330000E-2	3.330250E-3	1.564040E-4	-2.683876E-1
-3.320000E-2	3.339780E-3	1.373300E-4	-2.668298E-1
-3.310000E-2	3.350270E-3	1.173020E-4	-2.657337E-1
-3.300000E-2	3.373160E-3	1.173020E-4	-2.658308E-1
-3.290000E-2	3.381740E-3	1.373300E-4	-2.655959E-1
-3.280000E-2	3.383650E-3	1.697550E-4	-2.642056E-1
-3.270000E-2	3.410350E-3	1.811990E-4	-2.630197E-1
-3.260000E-2	3.431340E-3	1.659400E-4	-2.623851E-1
-3.250000E-2	3.446590E-3	1.516350E-4	-2.610236E-1
-3.240000E-2	3.461850E-3	1.344690E-4	-2.594806E-1
-3.230000E-2	3.482830E-3	1.420980E-4	-2.590293E-1
-3.220000E-2	3.485690E-3	1.640330E-4	-2.581745E-1
-3.210000E-2	3.487600E-3	1.811990E-4	-2.579822E-1
-3.200000E-2	3.514300E-3	1.878750E-4	-2.571043E-1
-3.190000E-2	3.529560E-3	1.869210E-4	-2.556963E-1
-3.180000E-2	3.549590E-3	1.630790E-4	-2.542987E-1
-3.170000E-2	3.542910E-3	1.459130E-4	-2.520305E-1
-3.160000E-2	3.550540E-3	1.459130E-4	-2.516717E-1
-3.150000E-2	3.584880E-3	1.459130E-4	-2.501658E-1
-3.140000E-2	3.617300E-3	1.459130E-4	-2.503054E-1
-3.130000E-2	3.639240E-3	1.802450E-4	-2.493563E-1
-3.120000E-2	3.644960E-3	2.098090E-4	-2.482759E-1
-3.110000E-2	3.673570E-3	2.155310E-4	-2.468949E-1
-3.100000E-2	3.676430E-3	1.773840E-4	-2.454001E-1
-3.090000E-2	3.700270E-3	1.764310E-4	-2.445694E-1
-3.080000E-2	3.716480E-3	1.802450E-4	-2.425242E-1
-3.070000E-2	3.737460E-3	1.916890E-4	-2.421810E-1
-3.060000E-2	3.766070E-3	2.012260E-4	-2.407158E-1
-3.050000E-2	3.790870E-3	1.831060E-4	-2.395586E-1
-3.040000E-2	3.815670E-3	1.640330E-4	-2.386836E-1
-3.030000E-2	3.823300E-3	1.592650E-4	-2.372424E-1
-3.020000E-2	3.842370E-3	1.945500E-4	-2.352046E-1
-3.010000E-2	3.842370E-3	2.250680E-4	-2.339706E-1
-3.000000E-2	3.844280E-3	2.498650E-4	-2.321326E-1
-2.990000E-2	3.891010E-3	2.717990E-4	-2.323121E-1
-2.980000E-2	3.917720E-3	2.632160E-4	-2.315184E-1
-2.970000E-2	3.940610E-3	2.594010E-4	-2.297498E-1
-2.960000E-2	3.953010E-3	2.813360E-4	-2.289043E-1
-2.950000E-2	3.966360E-3	2.832430E-4	-2.265714E-1
-2.940000E-2	3.985430E-3	2.717990E-4	-2.274104E-1
-2.930000E-2	4.031210E-3	2.613090E-4	-2.263966E-1
-2.920000E-2	4.045520E-3	2.479570E-4	-2.246364E-1
-2.910000E-2	4.081760E-3	2.222070E-4	-2.240786E-1
-2.900000E-2	4.110370E-3	2.069480E-4	-2.221111E-1
-2.890000E-2	4.142790E-3	2.069480E-4	-2.203211E-1
-2.880000E-2	4.159960E-3	2.098090E-4	-2.197041E-1
-2.870000E-2	4.166630E-3	1.964580E-4	-2.204830E-1
-2.860000E-2	4.181890E-3	2.231610E-4	-2.190178E-1
-2.850000E-2	4.202870E-3	2.307900E-4	-2.178597E-1
-2.840000E-2	4.205730E-3	2.269750E-4	-2.167524E-1
-2.830000E-2	4.220990E-3	2.126700E-4	-2.154889E-1
-2.820000E-2	4.231480E-3	2.069480E-4	-2.140320E-1
-2.810000E-2	4.245790E-3	2.031340E-4	-2.130533E-1
-2.800000E-2	4.316360E-3	2.107630E-4	-2.121764E-1
-2.790000E-2	4.366900E-3	2.040870E-4	-2.113541E-1
-2.780000E-2	4.365950E-3	1.935970E-4	-2.101645E-1
-2.770000E-2	4.366900E-3	1.955040E-4	-2.078927E-1
-2.760000E-2	4.386930E-3	1.840600E-4	-2.068206E-1
-2.750000E-2	4.423170E-3	2.031340E-4	-2.047995E-1
-2.740000E-2	4.447010E-3	2.050410E-4	-2.048152E-1
-2.730000E-2	4.499470E-3	2.212530E-4	-2.030059E-1
-2.720000E-2	4.543330E-3	2.393730E-4	-2.032473E-1
-2.710000E-2	4.570990E-3	2.584480E-4	-2.016303E-1
-2.700000E-2	4.591020E-3	2.517720E-4	-2.000791E-1
-2.690000E-2	4.634890E-3	2.384200E-4	-1.986480E-1
-2.680000E-2	4.659680E-3	2.346050E-4	-1.981624E-1
-2.670000E-2	4.653960E-3	2.288830E-4	-1.973087E-1
-2.660000E-2	4.659680E-3	2.632160E-4	-1.958499E-1
-2.650000E-2	4.679710E-3	2.784750E-4	-1.949822E-1
-2.640000E-2	4.734070E-3	2.765670E-4	-1.935225E-1
-2.630000E-2	4.767450E-3	2.670310E-4	-1.916800E-1
-2.620000E-2	4.818950E-3	2.584480E-4	-1.894165E-1
-2.610000E-2	4.860910E-3	2.632160E-4	-1.882038E-1
-2.600000E-2	4.873310E-3	2.717990E-4	-1.877384E-1
-2.590000E-2	4.865680E-3	2.756140E-4	-1.862372E-1
-2.580000E-2	4.867580E-3	2.565400E-4	-1.838728E-1
-2.570000E-2	4.884750E-3	2.498650E-4	-1.828174E-1
-2.560000E-2	4.958180E-3	2.374660E-4	-1.812764E-1
-2.550000E-2	5.042110E-3	2.279290E-4	-1.792154E-1
-2.540000E-2	5.068810E-3	2.136240E-4	-1.772387E-1
-2.530000E-2	5.126980E-3	2.107630E-4	-1.741741E-1
-2.520000E-2	5.184200E-3	2.155310E-4	-1.722437E-1
-2.510000E-2	5.239520E-3	2.517720E-4	-1.705619E-1
-2.500000E-2	5.330120E-3	2.861040E-4	-1.686850E-1
-2.490000E-2	5.353960E-3	2.803820E-4	-1.664687E-1
-2.480000E-2	5.371120E-3	2.584480E-4	-1.652764E-1
-2.470000E-2	5.465540E-3	2.307900E-4	-1.643319E-1
-2.460000E-2	5.523710E-3	2.431880E-4	-1.637473E-1
-2.450000E-2	5.579020E-3	2.670310E-4	-1.618797E-1
-2.440000E-2	5.637200E-3	2.994560E-4	-1.593814E-1
-2.430000E-2	5.695370E-3	3.652590E-4	-1.564933E-1
-2.420000E-2	5.729710E-3	4.205720E-4	-1.559902E-1
-2.410000E-2	5.756410E-3	4.224800E-4	-1.546351E-1
-2.400000E-2	5.800280E-3	4.606270E-4	-1.518267E-1
-2.390000E-2	5.853680E-3	4.673020E-4	-1.503198E-1
-2.380000E-2	5.900410E-3	4.310630E-4	-1.480157E-1
-2.370000E-2	5.934750E-3	3.719350E-4	-1.462082E-1
-2.360000E-2	5.981480E-3	3.519080E-4	-1.454404E-1
-2.350000E-2	6.001500E-3	3.547690E-4	-1.418023E-1
-2.340000E-2	6.055860E-3	3.309270E-4	-1.413260E-1
-2.330000E-2	6.083520E-3	3.271120E-4	-1.379200E-1
-2.320000E-2	6.091150E-3	3.356950E-4	-1.366158E-1
-2.310000E-2	6.107360E-3	3.738420E-4	-1.345983E-1
-2.300000E-2	6.107360E-3	3.767030E-4	-1.340692E-1
-2.290000E-2	6.094010E-3	3.404640E-4	-1.309944E-1
-2.280000E-2	6.083520E-3	3.328340E-4	-1.295080E-1
-2.270000E-2	6.157900E-3	3.480930E-4	-1.287208E-1
-2.260000E-2	6.189380E-3	3.547690E-4	-1.259985E-1
-2.250000E-2	6.195100E-3	3.252050E-4	-1.232651E-1
-2.240000E-2	6.169350E-3	2.851500E-4	-1.225010E-1
-2.230000E-2	6.168400E-3	2.832430E-4	-1.212967E-1
-2.220000E-2	6.164580E-3	2.965950E-4	-1.195327E-1
-2.210000E-2	6.140740E-3	2.965950E-4	-1.176169E-1
-2.200000E-2	6.078750E-3	2.985020E-4	-1.158076E-1
-2.190000E-2	5.978610E-3	2.918260E-4	-1.124970E-1
-2.180000E-2	5.847960E-3	2.756140E-4	-1.097405E-1
-2.170000E-2	5.703960E-3	2.784750E-4	-1.072078E-1
-2.160000E-2	5.570440E-3	2.622620E-4	-1.057777E-1
-2.150000E-2	5.508450E-3	2.737060E-4	-1.041617E-1
-2.140000E-2	5.477940E-3	3.318810E-4	-1.026225E-1
-2.130000E-2	5.466490E-3	3.690740E-4	-1.014977E-1
-2.120000E-2	5.425480E-3	3.757500E-4	-9.918422E-2
-2.110000E-2	5.361590E-3	3.690740E-4	-9.753370E-2
-2.100000E-2	5.257640E-3	3.719350E-4	-9.611832E-2
-2.090000E-2	5.152730E-3	3.528610E-4	-9.476440E-2
-2.080000E-2	5.080250E-3	3.299730E-4	-9.417526E-2
-2.070000E-2	4.958180E-3	3.147140E-4	-9.087152E-2
-2.060000E-2	4.836110E-3	3.147140E-4	-9.065017E-2
-2.050000E-2	4.734070E-3	3.128070E-4	-8.784209E-2
-2.040000E-2	4.644420E-3	3.061310E-4	-8.762000E-2
-2.030000E-2	4.569080E-3	3.194830E-4	-8.638939E-2
-2.020000E-2	4.488970E-3	3.080390E-4	-8.489263E-2
-2.010000E-2	4.401240E-3	2.851500E-4	-8.403170E-2
-2.000000E-2	4.328760E-3	2.470040E-4	-8.214797E-2
-1.990000E-2	4.291560E-3	2.193460E-4	-8.077600E-2
-1.980000E-2	4.238160E-3	1.993190E-4	-7.942607E-2
-1.970000E-2	4.169490E-3	1.897820E-4	-7.863576E-2
-1.960000E-2	4.085570E-3	1.850140E-4	-7.639682E-2
-1.950000E-2	4.004510E-3	1.964580E-4	-7.503115E-2
-1.940000E-2	3.932980E-3	2.374660E-4	-7.399495E-2
-1.930000E-2	3.847140E-3	2.498650E-4	-7.328796E-2
-1.920000E-2	3.748910E-3	2.498650E-4	-7.114697E-2
-1.910000E-2	3.645910E-3	2.241140E-4	-7.052533E-2
-1.900000E-2	3.543870E-3	1.926430E-4	-6.908059E-2
-1.890000E-2	3.479970E-3	1.726160E-4	-6.871928E-2
-1.880000E-2	3.426570E-3	1.811990E-4	-6.753913E-2
-1.870000E-2	3.352180E-3	1.945500E-4	-6.691018E-2
-1.860000E-2	3.270160E-3	1.974120E-4	-6.605153E-2
-1.850000E-2	3.202450E-3	1.935970E-4	-6.424919E-2
-1.840000E-2	3.127110E-3	1.945500E-4	-6.415847E-2
-1.830000E-2	3.067990E-3	1.878750E-4	-6.306765E-2
-1.820000E-2	3.034610E-3	1.764310E-4	-6.240620E-2
-1.810000E-2	3.000270E-3	1.649870E-4	-6.077724E-2
-1.800000E-2	2.932560E-3	1.611720E-4	-6.015152E-2
-1.790000E-2	2.889650E-3	1.354230E-4	-5.957191E-2
-1.780000E-2	2.829570E-3	1.297010E-4	-5.781826E-2
-1.770000E-2	2.749460E-3	1.239790E-4	-5.709682E-2
-1.760000E-2	2.656950E-3	1.239790E-4	-5.591556E-2
-1.750000E-2	2.577800E-3	1.211170E-4	-5.537279E-2
-1.740000E-2	2.539650E-3	1.297010E-4	-5.441103E-2
-1.730000E-2	2.497690E-3	1.325620E-4	-5.378059E-2
-1.720000E-2	2.444280E-3	1.249320E-4	-5.290761E-2
-1.710000E-2	2.382290E-3	1.258860E-4	-5.196694E-2
-1.700000E-2	2.333660E-3	1.220710E-4	-5.134280E-2
-1.690000E-2	2.300280E-3	1.239790E-4	-5.032244E-2
-1.680000E-2	2.237330E-3	1.268400E-4	-4.953861E-2
-1.670000E-2	2.182980E-3	1.306540E-4	-4.873274E-2
-1.660000E-2	2.149600E-3	1.173020E-4	-4.859656E-2
-1.650000E-2	2.117170E-3	9.346050E-5	-4.782883E-2
-1.640000E-2	2.068530E-3	8.392380E-5	-4.685262E-2
-1.630000E-2	2.010360E-3	7.915540E-5	-4.647483E-2
-1.620000E-2	1.971260E-3	7.438710E-5	-4.572080E-2
-1.610000E-2	1.927380E-3	8.392380E-5	-4.528440E-2
-1.600000E-2	1.887330E-3	9.059950E-5	-4.453343E-2
-1.590000E-2	1.844410E-3	8.773850E-5	-4.400779E-2
-1.580000E-2	1.800540E-3	7.915540E-5	-4.348187E-2
-1.570000E-2	1.767170E-3	7.915540E-5	-4.290077E-2
-1.560000E-2	1.744280E-3	8.583120E-5	-4.269202E-2
-1.550000E-2	1.730930E-3	8.773850E-5	-4.212286E-2
-1.540000E-2	1.715670E-3	8.392380E-5	-4.172728E-2
-1.530000E-2	1.697550E-3	7.629440E-5	-4.097743E-2
-1.520000E-2	1.665120E-3	7.343340E-5	-3.988394E-2
-1.510000E-2	1.615530E-3	8.583120E-5	-3.952344E-2
-1.500000E-2	1.571660E-3	9.059950E-5	-3.906584E-2
-1.490000E-2	1.534470E-3	8.487750E-5	-3.870813E-2
-1.480000E-2	1.499180E-3	8.010910E-5	-3.815176E-2
-1.470000E-2	1.463900E-3	8.106280E-5	-3.781126E-2
-1.460000E-2	1.454360E-3	8.106280E-5	-3.741384E-2
-1.450000E-2	1.438150E-3	7.438710E-5	-3.711269E-2
-1.440000E-2	1.419070E-3	7.438710E-5	-3.666388E-2
-1.430000E-2	1.390460E-3	7.438710E-5	-3.629312E-2
-1.420000E-2	1.357090E-3	7.629440E-5	-3.588689E-2
-1.410000E-2	1.322750E-3	8.201650E-5	-3.539866E-2
-1.400000E-2	1.293190E-3	8.201650E-5	-3.523887E-2
-1.390000E-2	1.262670E-3	7.438710E-5	-3.460270E-2
-1.380000E-2	1.226430E-3	6.771130E-5	-3.419091E-2
-1.370000E-2	1.197820E-3	6.389660E-5	-3.381358E-2
-1.360000E-2	1.176840E-3	6.008170E-5	-3.315824E-2
-1.350000E-2	1.149190E-3	5.722070E-5	-3.281080E-2
-1.340000E-2	1.125340E-3	5.817440E-5	-3.251716E-2
-1.330000E-2	1.107220E-3	6.294300E-5	-3.236830E-2
-1.320000E-2	1.087200E-3	6.389660E-5	-3.180387E-2
-1.310000E-2	1.065260E-3	6.198930E-5	-3.151513E-2
-1.300000E-2	1.042370E-3	5.626700E-5	-3.123897E-2
-1.290000E-2	1.025210E-3	5.245230E-5	-3.090218E-2
-1.280000E-2	1.005180E-3	5.149860E-5	-3.049003E-2
-1.270000E-2	9.832460E-4	4.577660E-5	-3.024860E-2
-1.260000E-2	9.594000E-4	4.577660E-5	-3.004040E-2
-1.250000E-2	9.355580E-4	4.577660E-5	-2.988885E-2
-1.240000E-2	9.155310E-4	4.482290E-5	-2.965075E-2
-1.230000E-2	8.955040E-4	4.673030E-5	-2.938395E-2
-1.220000E-2	8.811990E-4	4.196190E-5	-2.912576E-2
-1.210000E-2	8.735690E-4	3.623990E-5	-2.880212E-2
-1.200000E-2	8.564030E-4	3.337880E-5	-2.845283E-2
-1.190000E-2	8.392370E-4	3.528620E-5	-2.827276E-2
-1.180000E-2	8.220710E-4	3.719350E-5	-2.798560E-2
-1.170000E-2	8.058590E-4	3.623990E-5	-2.776509E-2
-1.160000E-2	7.886920E-4	3.051780E-5	-2.730647E-2
-1.150000E-2	7.724800E-4	2.574930E-5	-2.713261E-2
-1.140000E-2	7.619900E-4	2.861030E-5	-2.684128E-2
-1.130000E-2	7.448230E-4	3.242520E-5	-2.653986E-2
-1.120000E-2	7.381480E-4	3.719350E-5	-2.653097E-2
-1.110000E-2	7.371940E-4	3.910090E-5	-2.649134E-2
-1.100000E-2	7.286110E-4	3.433250E-5	-2.618594E-2
-1.090000E-2	7.190740E-4	3.147150E-5	-2.591932E-2
-1.080000E-2	7.076300E-4	3.051780E-5	-2.574250E-2
-1.070000E-2	6.980930E-4	3.147150E-5	-2.548773E-2
-1.060000E-2	6.914180E-4	2.861030E-5	-2.536424E-2
-1.050000E-2	6.856960E-4	2.861030E-5	-2.511687E-2
-1.040000E-2	6.761590E-4	2.956400E-5	-2.490358E-2
-1.030000E-2	6.675760E-4	2.956400E-5	-2.462280E-2
-1.020000E-2	6.609000E-4	2.861030E-5	-2.448691E-2
-1.010000E-2	6.532710E-4	2.670300E-5	-2.434091E-2
-1.000000E-2	6.446880E-4	2.861030E-5	-2.401894E-2
-9.900000E-3	6.370580E-4	2.574930E-5	-2.372973E-2
-9.800000E-3	6.294290E-4	2.384200E-5	-2.359883E-2
-9.700000E-3	6.208460E-4	2.384200E-5	-2.335304E-2
-9.600000E-3	6.160770E-4	2.670300E-5	-2.314586E-2
-9.500000E-3	6.094020E-4	2.670300E-5	-2.311827E-2
-9.400000E-3	6.036800E-4	2.765670E-5	-2.295580E-2
-9.300000E-3	5.979580E-4	2.861030E-5	-2.282388E-2
-9.200000E-3	5.893740E-4	2.765670E-5	-2.282231E-2
-9.100000E-3	5.836520E-4	2.765670E-5	-2.263281E-2
-9.000000E-3	5.836520E-4	2.670300E-5	-2.242238E-2
-8.900000E-3	5.826990E-4	2.670300E-5	-2.229870E-2
-8.800000E-3	5.779300E-4	2.670300E-5	-2.213059E-2
-8.700000E-3	5.741160E-4	2.956400E-5	-2.193201E-2
-8.600000E-3	5.712550E-4	3.051780E-5	-2.172214E-2
-8.500000E-3	5.664860E-4	2.384200E-5	-2.150182E-2
-8.400000E-3	5.579030E-4	2.098100E-5	-2.123371E-2
-8.300000E-3	5.445520E-4	1.811990E-5	-2.113244E-2
-8.200000E-3	5.369220E-4	2.002730E-5	-2.089415E-2
-8.100000E-3	5.312000E-4	2.574930E-5	-2.078964E-2
-8.000000E-3	5.216640E-4	3.051780E-5	-2.055958E-2
-7.900000E-3	5.130810E-4	3.337880E-5	-2.048969E-2
-7.800000E-3	5.054510E-4	3.433250E-5	-2.033749E-2
-7.700000E-3	4.978220E-4	3.242520E-5	-2.021724E-2
-7.600000E-3	4.940070E-4	2.861030E-5	-2.011133E-2
-7.500000E-3	4.949610E-4	2.574930E-5	-1.992738E-2
-7.400000E-3	4.949610E-4	2.574930E-5	-1.974964E-2
-7.300000E-3	4.930530E-4	2.574930E-5	-1.968281E-2
-7.200000E-3	4.882850E-4	3.051780E-5	-1.943368E-2
-7.100000E-3	4.816070E-4	3.051780E-5	-1.934249E-2
-7.000000E-3	4.730240E-4	3.051780E-5	-1.923242E-2
-6.900000E-3	4.634880E-4	3.051780E-5	-1.911105E-2
-6.800000E-3	4.558580E-4	2.861030E-5	-1.887166E-2
-6.700000E-3	4.510900E-4	2.765670E-5	-1.874872E-2
-6.600000E-3	4.463210E-4	2.288830E-5	-1.864004E-2
-6.500000E-3	4.396460E-4	1.907360E-5	-1.852339E-2
-6.400000E-3	4.339240E-4	1.907360E-5	-1.848886E-2
-6.300000E-3	4.234330E-4	2.002730E-5	-1.819993E-2
-6.200000E-3	4.148500E-4	2.002730E-5	-1.806829E-2
-6.100000E-3	4.034060E-4	2.479560E-5	-1.791017E-2
-6.000000E-3	3.938690E-4	2.765670E-5	-1.776326E-2
-5.900000E-3	3.843330E-4	2.574930E-5	-1.772039E-2
-5.800000E-3	3.738420E-4	2.098100E-5	-1.749580E-2
-5.700000E-3	3.652590E-4	1.525890E-5	-1.745257E-2
-5.600000E-3	3.585830E-4	1.335150E-5	-1.734703E-2
-5.500000E-3	3.480930E-4	1.335150E-5	-1.723881E-2
-5.400000E-3	3.347420E-4	1.525890E-5	-1.696989E-2
-5.300000E-3	3.185290E-4	1.525890E-5	-1.688981E-2
-5.200000E-3	3.042240E-4	1.525890E-5	-1.679380E-2
-5.100000E-3	2.927800E-4	1.525890E-5	-1.669363E-2
-5.000000E-3	2.822890E-4	1.430520E-5	-1.668096E-2
-4.900000E-3	2.717990E-4	1.239780E-5	-1.658218E-2
-4.800000E-3	2.641700E-4	1.144420E-5	-1.657718E-2
-4.700000E-3	2.584480E-4	9.536800E-6	-1.653570E-2
-4.600000E-3	2.546330E-4	1.049050E-5	-1.644304E-2
-4.500000E-3	2.479570E-4	1.049050E-5	-1.627742E-2
-4.400000E-3	2.346050E-4	1.049050E-5	-1.620299E-2
-4.300000E-3	2.231610E-4	1.144420E-5	-1.612699E-2
-4.200000E-3	2.164850E-4	1.239780E-5	-1.616133E-2
-4.100000E-3	2.088560E-4	1.144420E-5	-1.603395E-2
-4.000000E-3	2.012260E-4	1.049050E-5	-1.601191E-2
-3.900000E-3	1.926430E-4	1.049050E-5	-1.595452E-2
-3.800000E-3	1.831060E-4	1.049050E-5	-1.582686E-2
-3.700000E-3	1.745230E-4	9.536800E-6	-1.580926E-2
-3.600000E-3	1.678480E-4	8.583130E-6	-1.575280E-2
-3.500000E-3	1.592650E-4	6.675750E-6	-1.570716E-2
-3.400000E-3	1.506810E-4	5.722080E-6	-1.570836E-2
-3.300000E-3	1.430520E-4	3.814730E-6	-1.561180E-2
-3.200000E-3	1.325620E-4	1.907360E-6	-1.549821E-2
-3.100000E-3	1.201630E-4	3.814730E-6	-1.552895E-2
-3.000000E-3	1.115800E-4	5.722080E-6	-1.549803E-2
-2.900000E-3	1.029970E-4	4.768400E-6	-1.551645E-2
-2.800000E-3	9.250690E-5	4.768400E-6	-1.544905E-2
-2.700000E-3	8.392380E-5	3.814730E-6	-1.541610E-2
-2.600000E-3	7.438710E-5	3.814730E-6	-1.539888E-2
-2.500000E-3	6.675770E-5	2.861040E-6	-1.540517E-2
-2.400000E-3	5.817440E-5	1.907360E-6	-1.532130E-2
-2.300000E-3	4.959130E-5	1.907360E-6	-1.532769E-2
-2.200000E-3	4.196190E-5	1.907360E-6	-1.536555E-2
-2.100000E-3	3.528620E-5	1.907360E-6	-1.529909E-2
-2.000000E-3	2.861030E-5	9.536820E-7	-1.530834E-2
-1.900000E-3	2.288830E-5	0.000000E+0	-1.531880E-2
-1.800000E-3	1.716630E-5	0.000000E+0	-1.529474E-2
-1.700000E-3	1.239780E-5	-9.536820E-7	-1.529408E-2
-1.600000E-3	5.722080E-6	-9.536820E-7	-1.529538E-2
-1.500000E-3	1.907360E-6	-9.536820E-7	-1.531167E-2
-1.400000E-3	-1.907360E-6	-9.536820E-7	-1.532075E-2
-1.300000E-3	-4.768400E-6	-9.536820E-7	-1.527826E-2
-1.200000E-3	-6.675750E-6	-9.536820E-7	-1.528797E-2
-1.100000E-3	-9.536800E-6	-9.536820E-7	-1.532926E-2
-1.000000E-3	-1.335150E-5	-9.536820E-7	-1.532723E-2
-9.000000E-4	-1.907360E-5	-1.907360E-6	-1.535537E-2
-8.000000E-4	-2.479560E-5	-1.907360E-6	-1.535963E-2
-7.000000E-4	-3.051780E-5	-1.907360E-6	-1.534917E-2
-6.000000E-4	-3.623990E-5	-1.907360E-6	-1.537889E-2
-5.000000E-4	-4.100820E-5	-9.536820E-7	-1.538952E-2
-4.000000E-4	-4.863760E-5	-1.907360E-6	-1.542647E-2
-3.000000E-4	-5.626700E-5	-1.907360E-6	-1.544591E-2
-2.000000E-4	-6.580400E-5	-2.861040E-6	-1.548747E-2
-1.000000E-4	-7.724810E-5	-3.814730E-6	-1.548636E-2
-6.938894E-18	-9.536790E-5	-4.768400E-6	-1.551182E-2
1.000000E-4	-1.201630E-4	-5.722080E-6	-1.562791E-2
2.000000E-4	-1.478200E-4	-6.675750E-6	-1.566614E-2
3.000000E-4	-1.821530E-4	-6.675750E-6	-1.574558E-2
4.000000E-4	-2.441420E-4	-9.536800E-6	-1.590647E-2
5.000000E-4	-3.519080E-4	-1.621260E-5	-1.609088E-2
6.000000E-4	-5.102190E-4	-2.956400E-5	-1.648692E-2
7.000000E-4	-7.333790E-4	-4.005460E-5	-1.685713E-2
8.000000E-4	-1.042370E-3	-4.959130E-5	-1.776964E-2
9.000000E-4	-1.415260E-3	-6.485030E-5	-1.799710E-2
1.000000E-3	-1.830110E-3	-8.964590E-5	-1.930602E-2
1.100000E-3	-2.220170E-3	-1.049050E-4	-1.971363E-2
1.200000E-3	-2.507220E-3	-1.249320E-4	-1.993062E-2
1.300000E-3	-2.710360E-3	-1.249320E-4	-2.060514E-2
1.400000E-3	-2.803820E-3	-1.211170E-4	-2.207810E-2
1.500000E-3	-2.779980E-3	-1.306540E-4	-2.275732E-2
1.600000E-3	-2.631200E-3	-1.401910E-4	-2.379028E-2
1.700000E-3	-2.400410E-3	-1.392370E-4	-2.421742E-2
1.800000E-3	-2.147690E-3	-1.249320E-4	-2.474630E-2
1.900000E-3	-1.880650E-3	-1.049050E-4	-2.517751E-2
2.000000E-3	-1.651770E-3	-8.773850E-5	-2.539979E-2
2.100000E-3	-1.451500E-3	-7.438710E-5	-2.582832E-2
2.200000E-3	-1.273160E-3	-6.961870E-5	-2.603634E-2
2.300000E-3	-1.128200E-3	-6.771130E-5	-2.637469E-2
2.400000E-3	-1.000410E-3	-6.485030E-5	-2.678555E-2
2.500000E-3	-9.021800E-4	-6.008170E-5	-2.711623E-2
2.600000E-3	-8.335150E-4	-5.054500E-5	-2.752680E-2
2.700000E-3	-7.991830E-4	-4.291560E-5	-2.769028E-2
2.800000E-3	-7.944140E-4	-4.005460E-5	-2.787812E-2
2.900000E-3	-8.153950E-4	-4.291560E-5	-2.820121E-2
3.000000E-3	-8.487740E-4	-4.291560E-5	-2.860521E-2
3.100000E-3	-8.811990E-4	-4.482290E-5	-2.868982E-2
3.200000E-3	-9.241140E-4	-4.673030E-5	-2.933711E-2
3.300000E-3	-9.584460E-4	-4.673030E-5	-2.954077E-2
3.400000E-3	-9.822920E-4	-4.196190E-5	-3.016918E-2
3.500000E-3	-9.975510E-4	-3.910090E-5	-3.028591E-2
3.600000E-3	-1.000410E-3	-4.291560E-5	-3.043477E-2
3.700000E-3	-9.908750E-4	-4.386930E-5	-3.071361E-2
3.800000E-3	-9.660760E-4	-3.814720E-5	-3.093273E-2
3.900000E-3	-9.326970E-4	-3.719350E-5	-3.139625E-2
4.000000E-3	-8.926430E-4	-4.291560E-5	-3.147004E-2
4.100000E-3	-8.573570E-4	-4.673030E-5	-3.159372E-2
4.200000E-3	-8.144420E-4	-4.482290E-5	-3.188774E-2
4.300000E-3	-7.610360E-4	-3.910090E-5	-3.203854E-2
4.400000E-3	-7.028620E-4	-3.623990E-5	-3.231294E-2
4.500000E-3	-6.475490E-4	-3.623990E-5	-3.244301E-2
4.600000E-3	-5.970040E-4	-3.147150E-5	-3.250716E-2
4.700000E-3	-5.455050E-4	-2.956400E-5	-3.260483E-2
4.800000E-3	-4.911460E-4	-2.670300E-5	-3.278285E-2
4.900000E-3	-4.301090E-4	-2.384200E-5	-3.290236E-2
5.000000E-3	-3.690740E-4	-2.002730E-5	-3.300753E-2
5.100000E-3	-3.042240E-4	-1.811990E-5	-3.311769E-2
5.200000E-3	-2.460500E-4	-1.525890E-5	-3.310937E-2
5.300000E-3	-1.935970E-4	-1.239780E-5	-3.316001E-2
5.400000E-3	-1.468670E-4	-9.536800E-6	-3.320110E-2
5.500000E-3	-1.077660E-4	-5.722080E-6	-3.325600E-2
5.600000E-3	-7.152600E-5	-3.814730E-6	-3.324387E-2
5.700000E-3	-3.719350E-5	-1.907360E-6	-3.326767E-2
5.800000E-3	-5.722080E-6	0.000000E+0	-3.323194E-2
5.900000E-3	2.384200E-5	9.536820E-7	-3.324166E-2
6.000000E-3	4.959130E-5	2.861040E-6	-3.319527E-2
6.100000E-3	7.247970E-5	3.814730E-6	-3.318629E-2
6.200000E-3	9.727520E-5	5.722080E-6	-3.312436E-2
6.300000E-3	1.192100E-4	6.675750E-6	-3.307465E-2
6.400000E-3	1.411450E-4	7.629450E-6	-3.302679E-2
6.500000E-3	1.649870E-4	8.583130E-6	-3.296791E-2
6.600000E-3	1.859670E-4	9.536800E-6	-3.289829E-2
6.700000E-3	2.050410E-4	1.144420E-5	-3.281340E-2
6.800000E-3	2.212530E-4	1.335150E-5	-3.275638E-2
6.900000E-3	2.365120E-4	1.430520E-5	-3.270796E-2
7.000000E-3	2.498650E-4	1.430520E-5	-3.258114E-2
7.100000E-3	2.584480E-4	1.525890E-5	-3.257474E-2
7.200000E-3	2.641700E-4	1.621260E-5	-3.248984E-2
7.300000E-3	2.698920E-4	1.716630E-5	-3.237441E-2
7.400000E-3	2.775210E-4	1.907360E-5	-3.232710E-2
7.500000E-3	2.832430E-4	1.907360E-5	-3.218371E-2
7.600000E-3	2.870580E-4	1.811990E-5	-3.213556E-2
7.700000E-3	2.937340E-4	1.907360E-5	-3.195255E-2
7.800000E-3	2.985020E-4	1.907360E-5	-3.200420E-2
7.900000E-3	3.023170E-4	1.716630E-5	-3.182867E-2
8.000000E-3	3.032700E-4	1.525890E-5	-3.176823E-2
8.100000E-3	3.042240E-4	1.525890E-5	-3.163667E-2
8.200000E-3	3.032700E-4	1.239780E-5	-3.158483E-2
8.300000E-3	3.004090E-4	1.239780E-5	-3.147411E-2
8.400000E-3	2.985020E-4	1.430520E-5	-3.132285E-2
8.500000E-3	2.937340E-4	1.525890E-5	-3.119250E-2
8.600000E-3	2.870580E-4	1.525890E-5	-3.117195E-2
8.700000E-3	2.784750E-4	1.525890E-5	-3.108076E-2
8.800000E-3	2.717990E-4	1.621260E-5	-3.101772E-2
8.900000E-3	2.641700E-4	1.525890E-5	-3.097763E-2
9.000000E-3	2.565400E-4	1.525890E-5	-3.087460E-2
9.100000E-3	2.489110E-4	1.716630E-5	-3.083923E-2
9.200000E-3	2.431880E-4	1.525890E-5	-3.074157E-2
9.300000E-3	2.346050E-4	1.525890E-5	-3.065778E-2
9.400000E-3	2.250680E-4	1.430520E-5	-3.063223E-2
9.500000E-3	2.164850E-4	1.239780E-5	-3.056253E-2
9.600000E-3	2.079020E-4	1.049050E-5	-3.048578E-2
9.700000E-3	1.964580E-4	9.536800E-6	-3.040459E-2
9.800000E-3	1.840600E-4	8.583130E-6	-3.036302E-2
9.900000E-3	1.697550E-4	9.536800E-6	-3.031710E-2
1.000000E-2	1.544960E-4	9.536800E-6	-3.028832E-2
1.010000E-2	1.373300E-4	8.583130E-6	-3.022166E-2
1.020000E-2	1.211170E-4	6.675750E-6	-3.019500E-2
1.030000E-2	1.049050E-4	4.768400E-6	-3.012085E-2
1.040000E-2	8.773850E-5	3.814730E-6	-3.011863E-2
1.050000E-2	7.343340E-5	3.814730E-6	-3.010104E-2
1.060000E-2	5.912800E-5	2.861040E-6	-3.010474E-2
1.070000E-2	4.196190E-5	2.861040E-6	-3.013705E-2
1.080000E-2	2.193460E-5	1.907360E-6	-3.012779E-2
1.090000E-2	2.861040E-6	0.000000E+0	-3.011816E-2
1.100000E-2	-1.621260E-5	-9.536820E-7	-3.012641E-2
1.110000E-2	-3.623990E-5	-2.861040E-6	-3.017149E-2
1.120000E-2	-5.340600E-5	-2.861040E-6	-3.015519E-2
1.130000E-2	-6.866500E-5	-3.814730E-6	-3.017603E-2
1.140000E-2	-8.487750E-5	-3.814730E-6	-3.017890E-2
1.150000E-2	-1.039510E-4	-4.768400E-6	-3.027757E-2
1.160000E-2	-1.230250E-4	-6.675750E-6	-3.030100E-2
1.170000E-2	-1.420980E-4	-7.629450E-6	-3.034275E-2
1.180000E-2	-1.592650E-4	-8.583130E-6	-3.037978E-2
1.190000E-2	-1.754770E-4	-9.536800E-6	-3.039663E-2
1.200000E-2	-1.955040E-4	-1.144420E-5	-3.055215E-2
1.210000E-2	-2.222070E-4	-1.335150E-5	-3.060965E-2
1.220000E-2	-2.460500E-4	-1.525890E-5	-3.068186E-2
1.230000E-2	-2.689380E-4	-1.621260E-5	-3.073166E-2
1.240000E-2	-2.899190E-4	-1.621260E-5	-3.085646E-2
1.250000E-2	-3.185290E-4	-1.621260E-5	-3.096708E-2
1.260000E-2	-3.471390E-4	-1.907360E-5	-3.106270E-2
1.270000E-2	-3.795640E-4	-2.098100E-5	-3.122176E-2
1.280000E-2	-4.148500E-4	-2.384200E-5	-3.131461E-2
1.290000E-2	-4.463210E-4	-2.479560E-5	-3.140570E-2
1.300000E-2	-4.730240E-4	-2.574930E-5	-3.144190E-2
1.310000E-2	-5.083120E-4	-2.670300E-5	-3.165658E-2
1.320000E-2	-5.483660E-4	-2.861030E-5	-3.185913E-2
1.330000E-2	-6.027260E-4	-2.956400E-5	-3.199485E-2
1.340000E-2	-6.656680E-4	-3.433250E-5	-3.242421E-2
1.350000E-2	-7.400550E-4	-3.910090E-5	-3.270101E-2
1.360000E-2	-8.153950E-4	-4.673030E-5	-3.283913E-2
1.370000E-2	-8.678470E-4	-4.959130E-5	-3.281099E-2
1.380000E-2	-9.250680E-4	-5.531330E-5	-3.332210E-2
1.390000E-2	-1.001370E-3	-6.008170E-5	-3.400540E-2
1.400000E-2	-1.081470E-3	-5.722070E-5	-3.438736E-2
1.410000E-2	-1.153950E-3	-5.054500E-5	-3.475600E-2
1.420000E-2	-1.198780E-3	-4.482290E-5	-3.509714E-2
1.430000E-2	-1.222620E-3	-4.863760E-5	-3.546291E-2
1.440000E-2	-1.213080E-3	-5.149860E-5	-3.572147E-2
1.450000E-2	-1.169210E-3	-4.577660E-5	-3.619027E-2
1.460000E-2	-1.113900E-3	-4.482290E-5	-3.639579E-2
1.470000E-2	-1.050960E-3	-4.291560E-5	-3.654696E-2
1.480000E-2	-9.775240E-4	-4.291560E-5	-3.673619E-2
1.490000E-2	-8.926430E-4	-4.291560E-5	-3.693782E-2
1.500000E-2	-7.848780E-4	-4.005460E-5	-3.721721E-2
1.510000E-2	-6.780660E-4	-3.623990E-5	-3.728720E-2
1.520000E-2	-5.741160E-4	-3.147150E-5	-3.745308E-2
1.530000E-2	-4.682560E-4	-2.574930E-5	-3.764953E-2
1.540000E-2	-3.814720E-4	-2.002730E-5	-3.774377E-2
1.550000E-2	-3.271120E-4	-2.002730E-5	-3.789718E-2
1.560000E-2	-3.109000E-4	-2.002730E-5	-3.804604E-2
1.570000E-2	-3.261580E-4	-2.002730E-5	-3.816045E-2
1.580000E-2	-3.728890E-4	-2.002730E-5	-3.825535E-2
1.590000E-2	-4.415530E-4	-1.907360E-5	-3.847428E-2
1.600000E-2	-5.264320E-4	-2.002730E-5	-3.859399E-2
1.610000E-2	-6.160770E-4	-2.670300E-5	-3.883524E-2
1.620000E-2	-7.057230E-4	-3.337880E-5	-3.902557E-2
1.630000E-2	-7.944140E-4	-4.291560E-5	-3.922248E-2
1.640000E-2	-8.773840E-4	-4.863760E-5	-3.955676E-2
1.650000E-2	-9.603540E-4	-5.245230E-5	-3.985495E-2
1.660000E-2	-1.023300E-3	-5.722070E-5	-4.013499E-2
1.670000E-2	-1.062400E-3	-5.435970E-5	-4.013832E-2
1.680000E-2	-1.094830E-3	-5.626700E-5	-4.077839E-2
1.690000E-2	-1.108180E-3	-5.722070E-5	-4.095789E-2
1.700000E-2	-1.110080E-3	-5.435970E-5	-4.153704E-2
1.710000E-2	-1.098640E-3	-5.054500E-5	-4.173071E-2
1.720000E-2	-1.081470E-3	-4.482290E-5	-4.210268E-2
1.730000E-2	-1.066220E-3	-4.959130E-5	-4.245141E-2
1.740000E-2	-1.050000E-3	-5.340600E-5	-4.269452E-2
1.750000E-2	-1.026160E-3	-5.817440E-5	-4.314953E-2
1.760000E-2	-9.985040E-4	-5.817440E-5	-4.343141E-2
1.770000E-2	-9.775240E-4	-5.531330E-5	-4.361045E-2
1.780000E-2	-9.603540E-4	-5.531330E-5	-4.396511E-2
1.790000E-2	-9.393730E-4	-5.149860E-5	-4.409037E-2
1.800000E-2	-9.117160E-4	-5.340600E-5	-4.448992E-2
1.810000E-2	-8.840600E-4	-5.340600E-5	-4.477903E-2
1.820000E-2	-8.554500E-4	-5.149860E-5	-4.506259E-2
1.830000E-2	-8.268390E-4	-5.054500E-5	-4.535466E-2
1.840000E-2	-8.001360E-4	-4.673030E-5	-4.548076E-2
1.850000E-2	-7.762950E-4	-4.863760E-5	-4.571237E-2
1.860000E-2	-7.505450E-4	-4.673030E-5	-4.590104E-2
1.870000E-2	-7.267040E-4	-4.196190E-5	-4.618636E-2
1.880000E-2	-7.066760E-4	-3.719350E-5	-4.643382E-2
1.890000E-2	-6.837880E-4	-3.814720E-5	-4.667034E-2
1.900000E-2	-6.494560E-4	-3.910090E-5	-4.696908E-2
1.910000E-2	-6.103550E-4	-3.433250E-5	-4.711239E-2
1.920000E-2	-5.712550E-4	-2.670300E-5	-4.725347E-2
1.930000E-2	-5.216640E-4	-2.193460E-5	-4.749519E-2
1.940000E-2	-4.682560E-4	-2.288830E-5	-4.756416E-2
1.950000E-2	-4.167580E-4	-2.193460E-5	-4.766859E-2
1.960000E-2	-3.700270E-4	-1.907360E-5	-4.777995E-2
1.970000E-2	-3.290200E-4	-1.621260E-5	-4.780670E-2
1.980000E-2	-2.861040E-4	-1.335150E-5	-4.792325E-2
1.990000E-2	-2.450960E-4	-1.144420E-5	-4.797602E-2
2.000000E-2	-2.059950E-4	-9.536800E-6	-4.804888E-2
2.010000E-2	-1.735700E-4	-9.536800E-6	-4.813230E-2
2.020000E-2	-1.506810E-4	-7.629450E-6	-4.814165E-2
2.030000E-2	-1.468670E-4	-6.675750E-6	-4.825884E-2
2.040000E-2	-1.573570E-4	-6.675750E-6	-4.830217E-2
2.050000E-2	-1.935970E-4	-8.583130E-6	-4.844251E-2
2.060000E-2	-2.527260E-4	-1.049050E-5	-4.854694E-2
2.070000E-2	-3.604910E-4	-1.525890E-5	-4.890067E-2
2.080000E-2	-5.188030E-4	-2.479560E-5	-4.912730E-2
2.090000E-2	-7.429160E-4	-3.623990E-5	-4.974810E-2
2.100000E-2	-9.574930E-4	-4.863760E-5	-5.000426E-2
2.110000E-2	-1.131070E-3	-5.912800E-5	-5.009535E-2
2.120000E-2	-1.269350E-3	-5.817440E-5	-5.047398E-2
2.130000E-2	-1.382840E-3	-5.912800E-5	-5.077467E-2
2.140000E-2	-1.469620E-3	-6.771130E-5	-5.071903E-2
2.150000E-2	-1.529700E-3	-7.057240E-5	-5.116941E-2
2.160000E-2	-1.565940E-3	-7.152600E-5	-5.221561E-2
2.170000E-2	-1.575480E-3	-7.438710E-5	-5.248916E-2
2.180000E-2	-1.562130E-3	-7.915540E-5	-5.286243E-2
2.190000E-2	-1.533520E-3	-8.201650E-5	-5.326921E-2
2.200000E-2	-1.506810E-3	-8.010910E-5	-5.338335E-2
2.210000E-2	-1.458180E-3	-6.961870E-5	-5.407544E-2
2.220000E-2	-1.396190E-3	-6.675770E-5	-5.479235E-2
2.230000E-2	-1.359950E-3	-7.343340E-5	-5.519505E-2
2.240000E-2	-1.358040E-3	-8.392380E-5	-5.557099E-2
2.250000E-2	-1.392370E-3	-8.678480E-5	-5.587816E-2
2.260000E-2	-1.475340E-3	-9.727520E-5	-5.648342E-2
2.270000E-2	-1.641280E-3	-1.068120E-4	-5.754099E-2
2.280000E-2	-1.875880E-3	-1.068120E-4	-5.764385E-2
2.290000E-2	-2.148640E-3	-1.134880E-4	-5.831780E-2
2.300000E-2	-2.450000E-3	-1.478200E-4	-5.936194E-2
2.310000E-2	-2.703680E-3	-1.583110E-4	-5.926632E-2
2.320000E-2	-3.030790E-3	-1.840600E-4	-6.119291E-2
2.330000E-2	-3.491420E-3	-2.040870E-4	-6.291740E-2
2.340000E-2	-3.965410E-3	-2.260220E-4	-6.422780E-2
2.350000E-2	-4.283930E-3	-2.346050E-4	-6.519401E-2
2.360000E-2	-4.406010E-3	-2.594010E-4	-6.656486E-2
2.370000E-2	-4.377390E-3	-2.679840E-4	-6.638721E-2
2.380000E-2	-4.114180E-3	-2.460500E-4	-6.761819E-2
2.390000E-2	-3.461850E-3	-1.974120E-4	-6.799941E-2
2.400000E-2	-1.994150E-3	-1.087190E-4	-6.785740E-2
2.410000E-2	-1.773840E-4	9.536820E-7	-6.721252E-2
2.420000E-2	1.653680E-3	1.010900E-4	-6.627159E-2
2.430000E-2	3.503810E-3	1.668940E-4	-6.398229E-2
2.440000E-2	5.321530E-3	2.851500E-4	-6.156839E-2
2.450000E-2	6.991420E-3	3.881470E-4	-5.821920E-2
2.460000E-2	8.503970E-3	4.692100E-4	-5.438807E-2
2.470000E-2	9.709420E-3	5.464590E-4	-4.816146E-2
2.480000E-2	1.063930E-2	5.893740E-4	-4.559555E-2
2.490000E-2	1.133160E-2	6.189380E-4	-4.138476E-2
2.500000E-2	1.188280E-2	5.884210E-4	-3.469916E-2
2.510000E-2	1.239500E-2	6.151240E-4	-2.797561E-2
2.520000E-2	1.286800E-2	6.990470E-4	-2.782165E-2
2.530000E-2	1.311780E-2	7.543600E-4	-2.279139E-2
2.540000E-2	1.318940E-2	7.638970E-4	-1.888572E-2
2.550000E-2	1.327230E-2	6.818810E-4	-1.791396E-2
2.560000E-2	1.347640E-2	6.284750E-4	-1.217689E-2
2.570000E-2	1.361660E-2	6.065410E-4	-6.415937E-3
2.580000E-2	1.367100E-2	5.979580E-4	-5.076368E-3
2.590000E-2	1.368430E-2	6.418270E-4	-2.177415E-4
2.600000E-2	1.366050E-2	7.162130E-4	2.196253E-3
2.610000E-2	1.366430E-2	7.791560E-4	5.396303E-3
2.620000E-2	1.364520E-2	8.297000E-4	1.172558E-2
2.630000E-2	1.362430E-2	7.839240E-4	1.441073E-2
2.640000E-2	1.371870E-2	8.039510E-4	1.859994E-2
2.650000E-2	1.365380E-2	8.506810E-4	2.017456E-2
2.660000E-2	1.355560E-2	8.831060E-4	2.380582E-2
2.670000E-2	1.345450E-2	7.972750E-4	2.781756E-2
2.680000E-2	1.333240E-2	7.543600E-4	3.124942E-2
2.690000E-2	1.326470E-2	7.362400E-4	3.475923E-2
2.700000E-2	1.309780E-2	7.038150E-4	3.762055E-2
2.710000E-2	1.288900E-2	6.961860E-4	4.273497E-2
2.720000E-2	1.268200E-2	7.324260E-4	4.126339E-2
2.730000E-2	1.239400E-2	6.790200E-4	4.473524E-2
2.740000E-2	1.207640E-2	6.322900E-4	4.755684E-2
2.750000E-2	1.163580E-2	6.370580E-4	5.321457E-2
2.760000E-2	1.107790E-2	6.351510E-4	5.629076E-2
2.770000E-2	1.044570E-2	5.998650E-4	5.881714E-2
2.780000E-2	9.553020E-3	5.483660E-4	6.192888E-2
2.790000E-2	8.381900E-3	4.558580E-4	6.458856E-2
2.800000E-2	7.176430E-3	3.900550E-4	6.487341E-2
2.810000E-2	6.002460E-3	3.490470E-4	6.621215E-2
2.820000E-2	4.718810E-3	3.032700E-4	6.700403E-2
2.830000E-2	3.229160E-3	2.098090E-4	6.753143E-2
2.840000E-2	1.647000E-3	1.192100E-4	6.736860E-2
2.850000E-2	2.241140E-4	2.193460E-5	6.753708E-2
2.860000E-2	-1.081470E-3	-7.152600E-5	6.667243E-2
2.870000E-2	-2.203960E-3	-1.649870E-4	6.642563E-2
2.880000E-2	-3.022210E-3	-2.517720E-4	6.596617E-2
2.890000E-2	-3.699320E-3	-2.841970E-4	6.401275E-2
2.900000E-2	-4.154240E-3	-2.880120E-4	6.284102E-2
2.910000E-2	-4.323990E-3	-2.746600E-4	6.171585E-2
2.920000E-2	-4.175220E-3	-2.403270E-4	5.980344E-2
2.930000E-2	-3.893870E-3	-2.079020E-4	5.930557E-2
2.940000E-2	-3.528610E-3	-1.840600E-4	5.809404E-2
2.950000E-2	-3.143330E-3	-1.649870E-4	5.756126E-2
2.960000E-2	-2.786650E-3	-1.401910E-4	5.699582E-2
2.970000E-2	-2.427120E-3	-1.277930E-4	5.599887E-2
2.980000E-2	-2.079980E-3	-1.201630E-4	5.540352E-2
2.990000E-2	-1.778610E-3	-1.115800E-4	5.450887E-2
3.000000E-2	-1.566890E-3	-1.020440E-4	5.385492E-2
3.010000E-2	-1.448640E-3	-9.155320E-5	5.351184E-2
3.020000E-2	-1.406680E-3	-8.010910E-5	5.308627E-2
3.030000E-2	-1.406680E-3	-7.152600E-5	5.269847E-2
3.040000E-2	-1.440060E-3	-7.152600E-5	5.211525E-2
3.050000E-2	-1.489650E-3	-6.675770E-5	5.166912E-2
3.060000E-2	-1.533520E-3	-6.961870E-5	5.103647E-2
3.070000E-2	-1.564030E-3	-7.343340E-5	5.074059E-2
3.080000E-2	-1.568800E-3	-8.583120E-5	5.018764E-2
3.090000E-2	-1.540190E-3	-9.441420E-5	4.970116E-2
3.100000E-2	-1.498230E-3	-8.487750E-5	4.968135E-2
3.110000E-2	-1.406680E-3	-6.866500E-5	4.886836E-2
3.120000E-2	-1.268390E-3	-6.198930E-5	4.869746E-2
3.130000E-2	-1.121530E-3	-5.912800E-5	4.851157E-2
3.140000E-2	-9.670290E-4	-4.959130E-5	4.824023E-2
3.150000E-2	-7.963220E-4	-4.005460E-5	4.795205E-2
3.160000E-2	-6.275210E-4	-3.242520E-5	4.780726E-2
3.170000E-2	-4.806540E-4	-2.574930E-5	4.772061E-2
3.180000E-2	-3.633520E-4	-2.002730E-5	4.761433E-2
3.190000E-2	-2.746600E-4	-1.621260E-5	4.749611E-2
3.200000E-2	-2.126700E-4	-1.144420E-5	4.740308E-2
3.210000E-2	-1.792920E-4	-1.049050E-5	4.732605E-2
3.220000E-2	-1.640330E-4	-1.049050E-5	4.733346E-2
3.230000E-2	-1.640330E-4	-1.049050E-5	4.726412E-2
3.240000E-2	-1.754770E-4	-1.049050E-5	4.721441E-2
3.250000E-2	-2.031340E-4	-1.144420E-5	4.709573E-2
3.260000E-2	-2.355580E-4	-1.239780E-5	4.703509E-2
3.270000E-2	-2.708450E-4	-1.430520E-5	4.695436E-2
3.280000E-2	-3.099460E-4	-1.811990E-5	4.685447E-2
3.290000E-2	-3.500000E-4	-2.193460E-5	4.676893E-2
3.300000E-2	-3.995910E-4	-2.574930E-5	4.649167E-2
3.310000E-2	-4.529970E-4	-2.861030E-5	4.630300E-2
3.320000E-2	-5.073580E-4	-2.861030E-5	4.621626E-2
3.330000E-2	-5.579030E-4	-2.765670E-5	4.583364E-2
3.340000E-2	-5.989110E-4	-2.479560E-5	4.578810E-2
3.350000E-2	-6.294290E-4	-2.288830E-5	4.548945E-2
3.360000E-2	-6.542240E-4	-2.861030E-5	4.542742E-2
3.370000E-2	-6.713900E-4	-3.337880E-5	4.523440E-2
3.380000E-2	-6.914180E-4	-3.147150E-5	4.504453E-2
3.390000E-2	-7.133520E-4	-3.147150E-5	4.471543E-2
3.400000E-2	-7.371940E-4	-3.623990E-5	4.448844E-2
3.410000E-2	-7.562670E-4	-3.528620E-5	4.442289E-2
3.420000E-2	-7.801090E-4	-3.623990E-5	4.408046E-2
3.430000E-2	-8.039510E-4	-4.291560E-5	4.363174E-2
3.440000E-2	-8.268390E-4	-4.673030E-5	4.355185E-2
3.450000E-2	-8.516350E-4	-4.863760E-5	4.327644E-2
3.460000E-2	-8.735690E-4	-4.673030E-5	4.322599E-2
3.470000E-2	-8.935970E-4	-4.577660E-5	4.278875E-2
3.480000E-2	-9.164850E-4	-4.673030E-5	4.254370E-2
3.490000E-2	-9.450950E-4	-5.149860E-5	4.196696E-2
3.500000E-2	-9.794310E-4	-5.149860E-5	4.181291E-2
3.510000E-2	-1.014720E-3	-5.340600E-5	4.139892E-2
3.520000E-2	-1.038560E-3	-4.673030E-5	4.119368E-2
3.530000E-2	-1.054770E-3	-4.291560E-5	4.061101E-2
3.540000E-2	-1.072890E-3	-4.100820E-5	4.051408E-2
3.550000E-2	-1.092920E-3	-4.673030E-5	4.011832E-2
3.560000E-2	-1.106270E-3	-6.198930E-5	3.945557E-2
3.570000E-2	-1.102450E-3	-6.580400E-5	3.917480E-2
3.580000E-2	-1.082430E-3	-6.389660E-5	3.876071E-2
3.590000E-2	-1.043330E-3	-5.817440E-5	3.861083E-2
3.600000E-2	-9.908750E-4	-5.626700E-5	3.828709E-2
3.610000E-2	-9.374660E-4	-5.912800E-5	3.825136E-2
3.620000E-2	-8.659400E-4	-5.435970E-5	3.794346E-2
3.630000E-2	-7.886920E-4	-4.673030E-5	3.779293E-2
3.640000E-2	-7.181200E-4	-4.005460E-5	3.774441E-2
3.650000E-2	-6.313360E-4	-3.433250E-5	3.753297E-2
3.660000E-2	-5.321540E-4	-2.861030E-5	3.739023E-2
3.670000E-2	-4.348770E-4	-2.288830E-5	3.717768E-2
3.680000E-2	-3.585830E-4	-1.811990E-5	3.707658E-2
3.690000E-2	-3.109000E-4	-1.621260E-5	3.693985E-2
3.700000E-2	-2.927800E-4	-1.525890E-5	3.693947E-2
3.710000E-2	-3.128070E-4	-1.907360E-5	3.673276E-2
3.720000E-2	-3.681200E-4	-2.098100E-5	3.658149E-2
3.730000E-2	-4.348770E-4	-2.098100E-5	3.654168E-2
3.740000E-2	-5.168950E-4	-2.479560E-5	3.628044E-2
3.750000E-2	-6.237070E-4	-2.956400E-5	3.600187E-2
3.760000E-2	-7.333790E-4	-3.337880E-5	3.584950E-2
3.770000E-2	-8.401910E-4	-3.814720E-5	3.560371E-2
3.780000E-2	-9.384190E-4	-3.337880E-5	3.546827E-2
3.790000E-2	-1.020440E-3	-3.814720E-5	3.524581E-2
3.800000E-2	-1.088150E-3	-4.291560E-5	3.492105E-2
3.810000E-2	-1.150140E-3	-4.386930E-5	3.459121E-2
3.820000E-2	-1.191150E-3	-4.196190E-5	3.403613E-2
3.830000E-2	-1.212130E-3	-4.673030E-5	3.383422E-2
3.840000E-2	-1.214990E-3	-5.722070E-5	3.330154E-2
3.850000E-2	-1.194960E-3	-6.294300E-5	3.318166E-2
3.860000E-2	-1.159680E-3	-5.817440E-5	3.276387E-2
3.870000E-2	-1.116760E-3	-5.054500E-5	3.265158E-2
3.880000E-2	-1.063350E-3	-4.673030E-5	3.223906E-2
3.890000E-2	-9.937360E-4	-4.673030E-5	3.194809E-2
3.900000E-2	-9.231600E-4	-4.386930E-5	3.180350E-2
3.910000E-2	-8.564030E-4	-3.814720E-5	3.154353E-2
3.920000E-2	-7.925070E-4	-3.337880E-5	3.134636E-2
3.930000E-2	-7.200280E-4	-3.433250E-5	3.100040E-2
3.940000E-2	-6.561320E-4	-3.337880E-5	3.087876E-2
3.950000E-2	-5.989110E-4	-2.861030E-5	3.068055E-2
3.960000E-2	-5.493200E-4	-2.479560E-5	3.065982E-2
3.970000E-2	-5.073580E-4	-2.002730E-5	3.054928E-2
3.980000E-2	-4.682560E-4	-2.002730E-5	3.039015E-2
3.990000E-2	-4.262940E-4	-2.002730E-5	3.016704E-2
4.000000E-2	-3.833790E-4	-2.098100E-5	3.004808E-2
4.010000E-2	-3.442780E-4	-2.098100E-5	2.995625E-2
4.020000E-2	-3.128070E-4	-1.811990E-5	2.994143E-2
4.030000E-2	-2.880120E-4	-1.621260E-5	2.990023E-2
4.040000E-2	-2.641700E-4	-1.335150E-5	2.975462E-2
4.050000E-2	-2.355580E-4	-1.239780E-5	2.967010E-2
4.060000E-2	-2.079020E-4	-1.049050E-5	2.963584E-2
4.070000E-2	-1.869210E-4	-9.536800E-6	2.960325E-2
4.080000E-2	-1.688010E-4	-9.536800E-6	2.955410E-2
4.090000E-2	-1.487740E-4	-7.629450E-6	2.950698E-2
4.100000E-2	-1.277930E-4	-6.675750E-6	2.944838E-2
4.110000E-2	-1.077660E-4	-6.675750E-6	2.945810E-2
4.120000E-2	-8.678480E-5	-4.768400E-6	2.941301E-2
4.130000E-2	-6.580400E-5	-3.814730E-6	2.938996E-2
4.140000E-2	-4.768390E-5	-1.907360E-6	2.941430E-2
4.150000E-2	-2.861030E-5	-9.536820E-7	2.939033E-2
4.160000E-2	-9.536800E-6	0.000000E+0	2.938774E-2
4.170000E-2	1.049050E-5	9.536820E-7	2.945181E-2
4.180000E-2	2.670300E-5	2.861040E-6	2.944199E-2
4.190000E-2	4.196190E-5	3.814730E-6	2.945403E-2
4.200000E-2	5.531330E-5	3.814730E-6	2.947124E-2
4.210000E-2	6.675770E-5	3.814730E-6	2.947347E-2
4.220000E-2	7.915540E-5	3.814730E-6	2.947976E-2
4.230000E-2	9.250690E-5	5.722080E-6	2.953651E-2
4.240000E-2	1.058580E-4	5.722080E-6	2.955781E-2
4.250000E-2	1.182560E-4	5.722080E-6	2.957419E-2
4.260000E-2	1.277930E-4	8.583130E-6	2.961695E-2
4.270000E-2	1.373300E-4	8.583130E-6	2.962816E-2
4.280000E-2	1.478200E-4	8.583130E-6	2.970463E-2
4.290000E-2	1.583110E-4	8.583130E-6	2.976675E-2
4.300000E-2	1.697550E-4	8.583130E-6	2.982858E-2
4.310000E-2	1.792920E-4	9.536800E-6	2.984719E-2
4.320000E-2	1.907360E-4	1.144420E-5	2.990747E-2
4.330000E-2	2.012260E-4	1.049050E-5	2.992468E-2
4.340000E-2	2.107630E-4	1.144420E-5	2.999198E-2
4.350000E-2	2.183920E-4	1.049050E-5	3.000800E-2
4.360000E-2	2.260220E-4	1.144420E-5	3.018120E-2
4.370000E-2	2.355580E-4	1.239780E-5	3.030220E-2
4.380000E-2	2.450960E-4	1.239780E-5	3.036052E-2
4.390000E-2	2.546330E-4	1.335150E-5	3.044069E-2
4.400000E-2	2.632160E-4	1.525890E-5	3.063454E-2
4.410000E-2	2.717990E-4	1.430520E-5	3.065260E-2
4.420000E-2	2.784750E-4	1.430520E-5	3.069926E-2
4.430000E-2	2.851500E-4	1.525890E-5	3.084923E-2
4.440000E-2	2.918260E-4	1.621260E-5	3.085394E-2
4.450000E-2	2.937340E-4	1.907360E-5	3.096050E-2
4.460000E-2	2.937340E-4	1.811990E-5	3.105854E-2
4.470000E-2	2.937340E-4	1.811990E-5	3.117749E-2
4.480000E-2	2.937340E-4	1.907360E-5	3.131646E-2
4.490000E-2	2.937340E-4	1.907360E-5	3.140505E-2
4.500000E-2	2.918260E-4	1.811990E-5	3.154484E-2
4.510000E-2	2.870580E-4	1.525890E-5	3.158660E-2
4.520000E-2	2.832430E-4	1.335150E-5	3.162445E-2
4.530000E-2	2.803820E-4	1.525890E-5	3.170777E-2
4.540000E-2	2.775210E-4	1.621260E-5	3.177359E-2
4.550000E-2	2.746600E-4	1.716630E-5	3.183950E-2
4.560000E-2	2.698920E-4	1.716630E-5	3.194069E-2
4.570000E-2	2.632160E-4	1.716630E-5	3.205965E-2
4.580000E-2	2.517720E-4	1.621260E-5	3.205780E-2
4.590000E-2	2.374660E-4	1.621260E-5	3.222833E-2
4.600000E-2	2.183920E-4	1.525890E-5	3.226536E-2
4.610000E-2	1.993190E-4	1.239780E-5	3.229896E-2
4.620000E-2	1.792920E-4	1.049050E-5	3.242940E-2
4.630000E-2	1.592650E-4	8.583130E-6	3.241940E-2
4.640000E-2	1.373300E-4	7.629450E-6	3.244254E-2
4.650000E-2	1.182560E-4	5.722080E-6	3.248438E-2
4.660000E-2	9.918260E-5	4.768400E-6	3.249355E-2
4.670000E-2	7.915540E-5	2.861040E-6	3.252326E-2
4.680000E-2	5.722070E-5	1.907360E-6	3.254446E-2
4.690000E-2	3.433250E-5	0.000000E+0	3.251197E-2
4.700000E-2	1.430520E-5	0.000000E+0	3.252188E-2
4.710000E-2	-9.536800E-6	0.000000E+0	3.249225E-2
4.720000E-2	-4.100820E-5	-2.861040E-6	3.245762E-2
4.730000E-2	-7.724810E-5	-2.861040E-6	3.241625E-2
4.740000E-2	-1.115800E-4	-4.768400E-6	3.239903E-2
4.750000E-2	-1.506810E-4	-6.675750E-6	3.233201E-2
4.760000E-2	-2.021800E-4	-6.675750E-6	3.221008E-2
4.770000E-2	-2.498650E-4	-5.722080E-6	3.217870E-2
4.780000E-2	-2.994560E-4	-8.583130E-6	3.212213E-2
4.790000E-2	-3.480930E-4	-1.239780E-5	3.193421E-2
4.800000E-2	-4.034060E-4	-1.716630E-5	3.173591E-2
4.810000E-2	-4.682560E-4	-2.002730E-5	3.160233E-2
4.820000E-2	-5.369220E-4	-2.479560E-5	3.130748E-2
4.830000E-2	-6.132160E-4	-3.337880E-5	3.109696E-2
4.840000E-2	-6.856960E-4	-4.386930E-5	3.098652E-2
4.850000E-2	-7.514990E-4	-4.768390E-5	3.059298E-2
4.860000E-2	-8.077660E-4	-4.959130E-5	3.045681E-2
4.870000E-2	-8.554500E-4	-4.863760E-5	3.022934E-2
4.880000E-2	-8.974110E-4	-4.863760E-5	3.008382E-2
4.890000E-2	-9.298360E-4	-4.959130E-5	2.969639E-2
4.900000E-2	-9.622610E-4	-5.435970E-5	2.926888E-2
4.910000E-2	-9.927820E-4	-6.008170E-5	2.872740E-2
4.920000E-2	-1.004230E-3	-5.340600E-5	2.853290E-2
4.930000E-2	-1.001370E-3	-4.673030E-5	2.841756E-2
4.940000E-2	-9.956430E-4	-5.054500E-5	2.821046E-2
4.950000E-2	-9.756130E-4	-5.340600E-5	2.794163E-2
4.960000E-2	-9.479560E-4	-5.245230E-5	2.759225E-2
4.970000E-2	-9.126700E-4	-4.768390E-5	2.726777E-2
4.980000E-2	-8.754770E-4	-3.814720E-5	2.708503E-2
4.990000E-2	-8.344690E-4	-3.242520E-5	2.667409E-2
5.000000E-2	-8.001360E-4	-3.337880E-5	2.653032E-2
5.010000E-2	-7.848780E-4	-3.433250E-5	2.621324E-2
5.020000E-2	-7.858310E-4	-3.147150E-5	2.582637E-2
5.030000E-2	-8.201640E-4	-3.814720E-5	2.555429E-2
5.040000E-2	-9.059940E-4	-4.100820E-5	2.514603E-2
5.050000E-2	-1.041420E-3	-5.340600E-5	2.463521E-2
5.060000E-2	-1.210220E-3	-6.389660E-5	2.431804E-2
5.070000E-2	-1.411450E-3	-7.057240E-5	2.386007E-2
5.080000E-2	-1.669890E-3	-9.155320E-5	2.274370E-2
5.090000E-2	-1.951230E-3	-1.058580E-4	2.267557E-2
5.100000E-2	-2.222080E-3	-1.201630E-4	2.181416E-2
5.110000E-2	-2.464310E-3	-1.468670E-4	2.135221E-2
5.120000E-2	-2.667440E-3	-1.554500E-4	2.049061E-2
5.130000E-2	-2.781880E-3	-1.573570E-4	1.937832E-2
5.140000E-2	-2.831470E-3	-1.688010E-4	1.936443E-2
5.150000E-2	-2.807630E-3	-1.707090E-4	1.845941E-2
5.160000E-2	-2.656000E-3	-1.573570E-4	1.778843E-2
5.170000E-2	-2.369900E-3	-1.268400E-4	1.685768E-2
5.180000E-2	-1.963630E-3	-9.536790E-5	1.607977E-2
5.190000E-2	-1.563080E-3	-7.152600E-5	1.588943E-2
5.200000E-2	-1.208310E-3	-5.435970E-5	1.546543E-2
5.210000E-2	-9.298360E-4	-4.196190E-5	1.541869E-2
5.220000E-2	-7.228890E-4	-3.433250E-5	1.524159E-2
5.230000E-2	-5.464590E-4	-2.765670E-5	1.507033E-2
5.240000E-2	-4.005450E-4	-2.098100E-5	1.486675E-2
5.250000E-2	-2.851500E-4	-1.621260E-5	1.484768E-2
5.260000E-2	-2.088560E-4	-1.239780E-5	1.480223E-2
5.270000E-2	-1.544960E-4	-9.536800E-6	1.477733E-2
5.280000E-2	-1.182560E-4	-6.675750E-6	1.475631E-2
5.290000E-2	-9.441420E-5	-4.768400E-6	1.473530E-2
5.300000E-2	-7.915540E-5	-2.861040E-6	1.470151E-2
5.310000E-2	-6.771130E-5	-2.861040E-6	1.466827E-2
5.320000E-2	-5.817440E-5	-2.861040E-6	1.465624E-2
5.330000E-2	-4.959130E-5	-2.861040E-6	1.466114E-2
5.340000E-2	-4.196190E-5	-2.861040E-6	1.467032E-2
5.350000E-2	-3.433250E-5	-2.861040E-6	1.464041E-2
5.360000E-2	-2.956400E-5	-1.907360E-6	1.462791E-2
5.370000E-2	-2.479560E-5	-9.536820E-7	1.464041E-2
5.380000E-2	-1.907360E-5	-9.536820E-7	1.460893E-2
5.390000E-2	-1.430520E-5	0.000000E+0	1.462227E-2
5.400000E-2	-9.536800E-6	-9.536820E-7	1.459440E-2
5.410000E-2	-4.768400E-6	0.000000E+0	1.464216E-2
5.420000E-2	0.000000E+0	0.000000E+0	1.467845E-2
5.430000E-2	3.814730E-6	0.000000E+0	1.466309E-2
5.440000E-2	7.629450E-6	0.000000E+0	1.464300E-2
5.450000E-2	1.239780E-5	9.536820E-7	1.465651E-2
5.460000E-2	1.716630E-5	9.536820E-7	1.468401E-2
5.470000E-2	2.288830E-5	9.536820E-7	1.465226E-2
5.480000E-2	2.765670E-5	9.536820E-7	1.466688E-2
5.490000E-2	3.337880E-5	1.907360E-6	1.470502E-2
5.500000E-2	4.005460E-5	1.907360E-6	1.470993E-2
5.510000E-2	4.768390E-5	1.907360E-6	1.470956E-2
5.520000E-2	5.531330E-5	3.814730E-6	1.475168E-2
5.530000E-2	6.198930E-5	3.814730E-6	1.475547E-2
5.540000E-2	6.771130E-5	3.814730E-6	1.479381E-2
5.550000E-2	7.438710E-5	3.814730E-6	1.481038E-2
5.560000E-2	8.106280E-5	3.814730E-6	1.483583E-2
5.570000E-2	9.059950E-5	4.768400E-6	1.487184E-2
5.580000E-2	1.001360E-4	5.722080E-6	1.491008E-2
5.590000E-2	1.106270E-4	6.675750E-6	1.496609E-2
5.600000E-2	1.192100E-4	6.675750E-6	1.499256E-2
5.610000E-2	1.277930E-4	6.675750E-6	1.500062E-2
5.620000E-2	1.363760E-4	6.675750E-6	1.504265E-2
5.630000E-2	1.440060E-4	5.722080E-6	1.511374E-2
5.640000E-2	1.525890E-4	5.722080E-6	1.510902E-2
5.650000E-2	1.602180E-4	5.722080E-6	1.519919E-2
5.660000E-2	1.668940E-4	6.675750E-6	1.530750E-2
5.670000E-2	1.745230E-4	6.675750E-6	1.532898E-2
5.680000E-2	1.811990E-4	6.675750E-6	1.541489E-2
5.690000E-2	1.897820E-4	5.722080E-6	1.545211E-2
5.700000E-2	1.964580E-4	8.583130E-6	1.543618E-2
5.710000E-2	2.021800E-4	1.049050E-5	1.550431E-2
5.720000E-2	2.098090E-4	8.583130E-6	1.560273E-2
5.730000E-2	2.164850E-4	7.629450E-6	1.563939E-2
5.740000E-2	2.241140E-4	8.583130E-6	1.570308E-2
5.750000E-2	2.326970E-4	8.583130E-6	1.580806E-2
5.760000E-2	2.422340E-4	9.536800E-6	1.591471E-2
5.770000E-2	2.546330E-4	1.049050E-5	1.605162E-2
5.780000E-2	2.679840E-4	1.335150E-5	1.617439E-2
5.790000E-2	2.784750E-4	1.525890E-5	1.622548E-2
5.800000E-2	2.899190E-4	1.525890E-5	1.629593E-2
5.810000E-2	3.004090E-4	1.525890E-5	1.646358E-2
5.820000E-2	3.109000E-4	1.430520E-5	1.649543E-2
5.830000E-2	3.185290E-4	1.716630E-5	1.657403E-2
5.840000E-2	3.252050E-4	1.907360E-5	1.663688E-2
5.850000E-2	3.290200E-4	1.907360E-5	1.668854E-2
5.860000E-2	3.328340E-4	2.193460E-5	1.679092E-2
5.870000E-2	3.385560E-4	2.384200E-5	1.689304E-2
5.880000E-2	3.490470E-4	2.288830E-5	1.703838E-2
5.890000E-2	3.604910E-4	2.193460E-5	1.725307E-2
5.900000E-2	3.709810E-4	2.384200E-5	1.731260E-2
5.910000E-2	3.786110E-4	2.479560E-5	1.735574E-2
5.920000E-2	3.862400E-4	2.479560E-5	1.755792E-2
5.930000E-2	3.967300E-4	2.193460E-5	1.772798E-2
5.940000E-2	4.081740E-4	1.907360E-5	1.772224E-2
5.950000E-2	4.167580E-4	1.525890E-5	1.796497E-2
5.960000E-2	4.272480E-4	1.239780E-5	1.816539E-2
5.970000E-2	4.377380E-4	1.621260E-5	1.848682E-2
5.980000E-2	4.463210E-4	2.002730E-5	1.857902E-2
5.990000E-2	4.501360E-4	2.193460E-5	1.879453E-2
6.000000E-2	4.558580E-4	2.288830E-5	1.893904E-2
6.010000E-2	4.653950E-4	2.670300E-5	1.910596E-2
6.020000E-2	4.758850E-4	2.956400E-5	1.927648E-2
6.030000E-2	4.844680E-4	2.765670E-5	1.931685E-2
6.040000E-2	4.930530E-4	2.670300E-5	1.951644E-2
6.050000E-2	4.987750E-4	2.574930E-5	1.959920E-2
6.060000E-2	5.035440E-4	2.574930E-5	1.971047E-2
6.070000E-2	5.064050E-4	3.051780E-5	1.987332E-2
6.080000E-2	5.130810E-4	3.147150E-5	1.987109E-2
6.090000E-2	5.188030E-4	2.765670E-5	2.003181E-2
6.100000E-2	5.283390E-4	2.384200E-5	2.034545E-2
6.110000E-2	5.378760E-4	2.384200E-5	2.051736E-2
6.120000E-2	5.474130E-4	2.384200E-5	2.060938E-2
6.130000E-2	5.531350E-4	2.193460E-5	2.090072E-2
6.140000E-2	5.598110E-4	2.479560E-5	2.101412E-2
6.150000E-2	5.617180E-4	2.384200E-5	2.110262E-2
6.160000E-2	5.664860E-4	2.574930E-5	2.147534E-2
6.170000E-2	5.712550E-4	2.574930E-5	2.153189E-2
6.180000E-2	5.731620E-4	2.384200E-5	2.174176E-2
6.190000E-2	5.769770E-4	2.288830E-5	2.201782E-2
6.200000E-2	5.817450E-4	2.193460E-5	2.231156E-2
6.210000E-2	5.865130E-4	1.907360E-5	2.247635E-2
6.220000E-2	5.903280E-4	1.907360E-5	2.269871E-2
6.230000E-2	5.960500E-4	2.384200E-5	2.289220E-2
6.240000E-2	6.036800E-4	2.574930E-5	2.309197E-2
6.250000E-2	6.122630E-4	2.670300E-5	2.337303E-2
6.260000E-2	6.198920E-4	2.956400E-5	2.363085E-2
6.270000E-2	6.275210E-4	3.719350E-5	2.395182E-2
6.280000E-2	6.389660E-4	4.196190E-5	2.406151E-2
6.290000E-2	6.561320E-4	3.719350E-5	2.435822E-2
6.300000E-2	6.656680E-4	3.337880E-5	2.463187E-2
6.310000E-2	6.723440E-4	2.861030E-5	2.475990E-2
6.320000E-2	6.837880E-4	2.574930E-5	2.511327E-2
6.330000E-2	6.885570E-4	2.861030E-5	2.511243E-2
6.340000E-2	6.942790E-4	2.861030E-5	2.532230E-2
6.350000E-2	7.019080E-4	2.574930E-5	2.539525E-2
6.360000E-2	7.123980E-4	2.193460E-5	2.566696E-2
6.370000E-2	7.209820E-4	1.811990E-5	2.593968E-2
6.380000E-2	7.324260E-4	1.716630E-5	2.620722E-2
6.390000E-2	7.410090E-4	2.193460E-5	2.619038E-2
6.400000E-2	7.429160E-4	2.479560E-5	2.637719E-2
6.410000E-2	7.457770E-4	2.861030E-5	2.681684E-2
6.420000E-2	7.505450E-4	3.242520E-5	2.677897E-2
6.430000E-2	7.610360E-4	3.910090E-5	2.702966E-2
6.440000E-2	7.743870E-4	4.386930E-5	2.736701E-2
6.450000E-2	7.858310E-4	4.005460E-5	2.750791E-2
6.460000E-2	7.972750E-4	4.100820E-5	2.778971E-2
6.470000E-2	8.115810E-4	4.291560E-5	2.818251E-2
6.480000E-2	8.297000E-4	4.196190E-5	2.847004E-2
6.490000E-2	8.487740E-4	4.386930E-5	2.890005E-2
6.500000E-2	8.697550E-4	3.814720E-5	2.892653E-2
6.510000E-2	8.850130E-4	3.910090E-5	2.936470E-2
6.520000E-2	8.993190E-4	4.196190E-5	2.960048E-2
6.530000E-2	9.250680E-4	4.959130E-5	2.990533E-2
6.540000E-2	9.489100E-4	5.531330E-5	3.053364E-2
6.550000E-2	9.698910E-4	5.245230E-5	3.066102E-2
6.560000E-2	9.861070E-4	4.577660E-5	3.102799E-2
6.570000E-2	1.004230E-3	4.005460E-5	3.116630E-2
6.580000E-2	1.020440E-3	4.196190E-5	3.142837E-2
6.590000E-2	1.041420E-3	4.863760E-5	3.212232E-2
6.600000E-2	1.070030E-3	5.626700E-5	3.252512E-2
6.610000E-2	1.100550E-3	6.389660E-5	3.285450E-2
6.620000E-2	1.120570E-3	6.485030E-5	3.300641E-2
6.630000E-2	1.132970E-3	6.198930E-5	3.338727E-2
6.640000E-2	1.147280E-3	6.675770E-5	3.376442E-2
6.650000E-2	1.167300E-3	7.343340E-5	3.414611E-2
6.660000E-2	1.193050E-3	7.438710E-5	3.461056E-2
6.670000E-2	1.221660E-3	6.866500E-5	3.488282E-2
6.680000E-2	1.256000E-3	7.534070E-5	3.569675E-2
6.690000E-2	1.279840E-3	8.964590E-5	3.599864E-2
6.700000E-2	1.298910E-3	9.155320E-5	3.651094E-2
6.710000E-2	1.321800E-3	9.059950E-5	3.644540E-2
6.720000E-2	1.348500E-3	7.915540E-5	3.681264E-2
6.730000E-2	1.372340E-3	7.247970E-5	3.756075E-2
6.740000E-2	1.403820E-3	6.771130E-5	3.797169E-2
6.750000E-2	1.427660E-3	6.389660E-5	3.821618E-2
6.760000E-2	1.465800E-3	5.912800E-5	3.893410E-2
6.770000E-2	1.508720E-3	6.389660E-5	3.926969E-2
6.780000E-2	1.547820E-3	6.675770E-5	3.957806E-2
6.790000E-2	1.576430E-3	6.485030E-5	4.029672E-2
6.800000E-2	1.611720E-3	6.961870E-5	4.080903E-2
6.810000E-2	1.650820E-3	7.820180E-5	4.180060E-2
6.820000E-2	1.686100E-3	8.106280E-5	4.225571E-2
6.830000E-2	1.727110E-3	8.297010E-5	4.314933E-2
6.840000E-2	1.766210E-3	9.059950E-5	4.381847E-2
6.850000E-2	1.789100E-3	9.250690E-5	4.392049E-2
6.860000E-2	1.809130E-3	9.822890E-5	4.461767E-2
6.870000E-2	1.827250E-3	1.020440E-4	4.491687E-2
6.880000E-2	1.851090E-3	1.020440E-4	4.530652E-2
6.890000E-2	1.881610E-3	1.077660E-4	4.562016E-2
6.900000E-2	1.915940E-3	1.392370E-4	4.628912E-2
6.910000E-2	1.984610E-3	1.592650E-4	4.735743E-2
6.920000E-2	2.038020E-3	1.640330E-4	4.785142E-2
6.930000E-2	2.067580E-3	1.573570E-4	4.833679E-2
6.940000E-2	2.085700E-3	1.420980E-4	4.930309E-2
6.950000E-2	2.122890E-3	1.373300E-4	4.960673E-2
6.960000E-2	2.168670E-3	1.277930E-4	5.090705E-2
6.970000E-2	2.232570E-3	1.182560E-4	5.217913E-2
6.980000E-2	2.300280E-3	1.029970E-4	5.314821E-2
6.990000E-2	2.356540E-3	1.134880E-4	5.382752E-2
7.000000E-2	2.425210E-3	1.363760E-4	5.439287E-2
7.010000E-2	2.458590E-3	1.459130E-4	5.481067E-2
7.020000E-2	2.495780E-3	1.487740E-4	5.555812E-2
7.030000E-2	2.546330E-3	1.459130E-4	5.686205E-2
7.040000E-2	2.595920E-3	1.478200E-4	5.711200E-2
7.050000E-2	2.645510E-3	1.373300E-4	5.786871E-2
7.060000E-2	2.678890E-3	1.306540E-4	5.825206E-2
7.070000E-2	2.718940E-3	1.010900E-4	5.926530E-2
7.080000E-2	2.790470E-3	8.964590E-5	6.040111E-2
7.090000E-2	2.874390E-3	9.059950E-5	6.243064E-2
7.100000E-2	2.969760E-3	1.039510E-4	6.346822E-2
7.110000E-2	3.042240E-3	1.220710E-4	6.468437E-2
7.120000E-2	3.098500E-3	1.506810E-4	6.536212E-2
7.130000E-2	3.154770E-3	1.726160E-4	6.640980E-2
7.140000E-2	3.194820E-3	1.773840E-4	6.677787E-2
7.150000E-2	3.250140E-3	1.888280E-4	6.839887E-2
7.160000E-2	3.332150E-3	2.088560E-4	6.933749E-2
7.170000E-2	3.418940E-3	1.993190E-4	7.019131E-2
7.180000E-2	3.525750E-3	2.298360E-4	7.151403E-2
7.190000E-2	3.607760E-3	2.670310E-4	7.225879E-2
7.200000E-2	3.658310E-3	2.870580E-4	7.363020E-2
7.210000E-2	3.713620E-3	2.937340E-4	7.465409E-2
7.220000E-2	3.770840E-3	2.889650E-4	7.505577E-2
7.230000E-2	3.819480E-3	2.632160E-4	7.588830E-2
7.240000E-2	3.872890E-3	2.298360E-4	7.682498E-2
7.250000E-2	3.925350E-3	2.136240E-4	7.796264E-2
7.260000E-2	3.999740E-3	1.678480E-4	8.004299E-2
7.270000E-2	4.095110E-3	1.897820E-4	8.173776E-2
7.280000E-2	4.186660E-3	2.298360E-4	8.350243E-2
7.290000E-2	4.250560E-3	2.450960E-4	8.553530E-2
7.300000E-2	4.287750E-3	2.517720E-4	8.514092E-2
7.310000E-2	4.343060E-3	2.546330E-4	8.679959E-2
7.320000E-2	4.422220E-3	2.717990E-4	8.875441E-2
7.330000E-2	4.512820E-3	3.013630E-4	9.078292E-2
7.340000E-2	4.617720E-3	3.051780E-4	9.110897E-2
7.350000E-2	4.706410E-3	3.232970E-4	9.293271E-2
7.360000E-2	4.823710E-3	3.271120E-4	9.333837E-2
7.370000E-2	4.945780E-3	3.147140E-4	9.464053E-2
7.380000E-2	5.058320E-3	3.051780E-4	9.685706E-2
7.390000E-2	5.173710E-3	2.908730E-4	9.878930E-2
7.400000E-2	5.278620E-3	2.870580E-4	1.010811E-1
7.410000E-2	5.415950E-3	2.632160E-4	1.034050E-1
7.420000E-2	5.534200E-3	2.727530E-4	1.048779E-1
7.430000E-2	5.641970E-3	3.118530E-4	1.070091E-1
7.440000E-2	5.719210E-3	3.261580E-4	1.101973E-1
7.450000E-2	5.786930E-3	3.280660E-4	1.109985E-1
7.460000E-2	5.842240E-3	3.099460E-4	1.130354E-1
7.470000E-2	5.873710E-3	2.603550E-4	1.133284E-1
7.480000E-2	5.899460E-3	2.231610E-4	1.133281E-1
7.490000E-2	5.922350E-3	2.889650E-4	1.164649E-1
7.500000E-2	5.970030E-3	3.252050E-4	1.183891E-1
7.510000E-2	6.006270E-3	3.185290E-4	1.198912E-1
7.520000E-2	6.061580E-3	3.271120E-4	1.215987E-1
7.530000E-2	6.121670E-3	3.337880E-4	1.227346E-1
7.540000E-2	6.192240E-3	3.719350E-4	1.247309E-1
7.550000E-2	6.209400E-3	4.034060E-4	1.259435E-1
7.560000E-2	6.189380E-3	3.824250E-4	1.281931E-1
7.570000E-2	6.144550E-3	3.423710E-4	1.288749E-1
7.580000E-2	6.135020E-3	3.032700E-4	1.312892E-1
7.590000E-2	6.125480E-3	2.880120E-4	1.349106E-1
7.600000E-2	6.111170E-3	3.004090E-4	1.368541E-1
7.610000E-2	6.088290E-3	3.004090E-4	1.398002E-1
7.620000E-2	6.112130E-3	3.185290E-4	1.400583E-1
7.630000E-2	6.144550E-3	3.490470E-4	1.433153E-1
7.640000E-2	6.110220E-3	3.433250E-4	1.446510E-1
7.650000E-2	6.048230E-3	3.461860E-4	1.451921E-1
7.660000E-2	5.957630E-3	3.223440E-4	1.477794E-1
7.670000E-2	5.909000E-3	2.737060E-4	1.498607E-1
7.680000E-2	5.859400E-3	2.908730E-4	1.520030E-1
7.690000E-2	5.834610E-3	2.861040E-4	1.529410E-1
7.700000E-2	5.817440E-3	2.698920E-4	1.555412E-1
7.710000E-2	5.766900E-3	2.660770E-4	1.579823E-1
7.720000E-2	5.759270E-3	2.651230E-4	1.601274E-1
7.730000E-2	5.758320E-3	2.431880E-4	1.621273E-1
7.740000E-2	5.700140E-3	2.231610E-4	1.638515E-1
7.750000E-2	5.636250E-3	1.983650E-4	1.657016E-1
7.760000E-2	5.568530E-3	1.678480E-4	1.672426E-1
7.770000E-2	5.487470E-3	1.745230E-4	1.685080E-1
7.780000E-2	5.434070E-3	1.926430E-4	1.689733E-1
7.790000E-2	5.386380E-3	2.317440E-4	1.705541E-1
7.800000E-2	5.317720E-3	2.765670E-4	1.712682E-1
7.810000E-2	5.330120E-3	3.099460E-4	1.735521E-1
7.820000E-2	5.376850E-3	3.099460E-4	1.751496E-1
7.830000E-2	5.395920E-3	2.679840E-4	1.767952E-1
7.840000E-2	5.332020E-3	2.737060E-4	1.786600E-1
7.850000E-2	5.224260E-3	2.851500E-4	1.796701E-1
7.860000E-2	5.154640E-3	2.613090E-4	1.814740E-1
7.870000E-2	5.120310E-3	2.565400E-4	1.849279E-1
7.880000E-2	5.089790E-3	2.546330E-4	1.856929E-1
7.890000E-2	5.044970E-3	2.584480E-4	1.878094E-1
7.900000E-2	5.003010E-3	2.384200E-4	1.882126E-1
7.910000E-2	4.978210E-3	2.346050E-4	1.905298E-1
7.920000E-2	4.940060E-3	2.431880E-4	1.920218E-1
7.930000E-2	4.869490E-3	2.574940E-4	1.941493E-1
7.940000E-2	4.785570E-3	2.517720E-4	1.953815E-1
7.950000E-2	4.715000E-3	2.164850E-4	1.962566E-1
7.960000E-2	4.679710E-3	2.059950E-4	1.974738E-1
7.970000E-2	4.673990E-3	2.231610E-4	1.988429E-1
7.980000E-2	4.668270E-3	2.517720E-4	2.002165E-1
7.990000E-2	4.646330E-3	2.670310E-4	2.015976E-1
8.000000E-2	4.623440E-3	2.574940E-4	2.020453E-1
8.010000E-2	4.598650E-3	2.212530E-4	2.030813E-1
8.020000E-2	4.565270E-3	2.098090E-4	2.056861E-1
8.030000E-2	4.512820E-3	2.193460E-4	2.071773E-1
8.040000E-2	4.492790E-3	2.346050E-4	2.086184E-1
8.050000E-2	4.470850E-3	2.679840E-4	2.108347E-1
8.060000E-2	4.453690E-3	2.813360E-4	2.126838E-1
8.070000E-2	4.437480E-3	2.737060E-4	2.149048E-1
8.080000E-2	4.382160E-3	2.784750E-4	2.149482E-1
8.090000E-2	4.335430E-3	2.651230E-4	2.174338E-1
8.100000E-2	4.289660E-3	2.298360E-4	2.189619E-1
8.110000E-2	4.257230E-3	2.031340E-4	2.197453E-1
8.120000E-2	4.243880E-3	2.098090E-4	2.201561E-1
8.130000E-2	4.216220E-3	2.050410E-4	2.217472E-1
8.140000E-2	4.176170E-3	2.059950E-4	2.238201E-1
8.150000E-2	4.130390E-3	2.174390E-4	2.243890E-1
8.160000E-2	4.111320E-3	2.250680E-4	2.260151E-1
8.170000E-2	4.115130E-3	2.183920E-4	2.267477E-1
8.180000E-2	4.112270E-3	2.307900E-4	2.267672E-1
8.190000E-2	4.069360E-3	2.632160E-4	2.295459E-1
8.200000E-2	4.031210E-3	2.794280E-4	2.303100E-1
8.210000E-2	4.023580E-3	2.613090E-4	2.308705E-1
8.220000E-2	4.004510E-3	2.355580E-4	2.319167E-1
8.230000E-2	3.975900E-3	1.993190E-4	2.334448E-1
8.240000E-2	3.926310E-3	1.983650E-4	2.349933E-1
8.250000E-2	3.876700E-3	2.117170E-4	2.364576E-1
8.260000E-2	3.835690E-3	2.260220E-4	2.370413E-1
8.270000E-2	3.803270E-3	2.355580E-4	2.380662E-1
8.280000E-2	3.794690E-3	2.527260E-4	2.386378E-1
8.290000E-2	3.786100E-3	2.279290E-4	2.401928E-1
8.300000E-2	3.770840E-3	1.964580E-4	2.409818E-1
8.310000E-2	3.794690E-3	2.050410E-4	2.407210E-1
8.320000E-2	3.839510E-3	2.088560E-4	2.420400E-1
8.330000E-2	3.872890E-3	2.002730E-4	2.431750E-1
8.340000E-2	3.871930E-3	1.840600E-4	2.436033E-1
8.350000E-2	3.849040E-3	1.802450E-4	2.451740E-1
8.360000E-2	3.809940E-3	1.764310E-4	2.466198E-1
8.370000E-2	3.764170E-3	1.878750E-4	2.484106E-1
8.380000E-2	3.728880E-3	1.916890E-4	2.478269E-1
8.390000E-2	3.718390E-3	1.993190E-4	2.488795E-1
8.400000E-2	3.708850E-3	1.907360E-4	2.489934E-1
8.410000E-2	3.685010E-3	1.859670E-4	2.502227E-1
8.420000E-2	3.643050E-3	1.878750E-4	2.519025E-1
8.430000E-2	3.605860E-3	1.878750E-4	2.528174E-1
8.440000E-2	3.582970E-3	2.012260E-4	2.549912E-1
8.450000E-2	3.582020E-3	2.050410E-4	2.559485E-1
8.460000E-2	3.587740E-3	1.792920E-4	2.579466E-1
8.470000E-2	3.571530E-3	1.525890E-4	2.592610E-1
8.480000E-2	3.557220E-3	1.420980E-4	2.604968E-1
8.490000E-2	3.541010E-3	1.592650E-4	2.618899E-1
8.500000E-2	3.526700E-3	1.764310E-4	2.629981E-1
8.510000E-2	3.500000E-3	2.126700E-4	2.639777E-1
8.520000E-2	3.481880E-3	2.079020E-4	2.652033E-1
8.530000E-2	3.479020E-3	1.764310E-4	2.658656E-1
8.540000E-2	3.460900E-3	1.678480E-4	2.672633E-1
8.550000E-2	3.443730E-3	1.697550E-4	2.669738E-1
8.560000E-2	3.419890E-3	1.859670E-4	2.675445E-1
8.570000E-2	3.417030E-3	1.831060E-4	2.684344E-1
8.580000E-2	3.396050E-3	1.974120E-4	2.698626E-1
8.590000E-2	3.379840E-3	2.079020E-4	2.709883E-1
8.600000E-2	3.358860E-3	2.212530E-4	2.719217E-1
8.610000E-2	3.352180E-3	2.050410E-4	2.727135E-1
8.620000E-2	3.343600E-3	1.945500E-4	2.733268E-1
8.630000E-2	3.325480E-3	1.869210E-4	2.745117E-1
8.640000E-2	3.330250E-3	1.668940E-4	2.753433E-1
8.650000E-2	3.322620E-3	1.688010E-4	2.769519E-1
8.660000E-2	3.296870E-3	1.831060E-4	2.784430E-1
8.670000E-2	3.264440E-3	1.983650E-4	2.796825E-1
8.680000E-2	3.241550E-3	2.012260E-4	2.806113E-1
8.690000E-2	3.221530E-3	1.897820E-4	2.819923E-1
8.700000E-2	3.210080E-3	1.707090E-4	2.832346E-1
8.710000E-2	3.180520E-3	1.659400E-4	2.835482E-1
8.720000E-2	3.166210E-3	1.831060E-4	2.836360E-1
8.730000E-2	3.170980E-3	2.002730E-4	2.851576E-1
8.740000E-2	3.165260E-3	2.040870E-4	2.863787E-1
8.750000E-2	3.172890E-3	1.964580E-4	2.869032E-1
8.760000E-2	3.175750E-3	1.811990E-4	2.882814E-1
8.770000E-2	3.170030E-3	1.630790E-4	2.887533E-1
8.780000E-2	3.152860E-3	1.573570E-4	2.892509E-1
8.790000E-2	3.144280E-3	1.688010E-4	2.898040E-1
8.800000E-2	3.140460E-3	1.869210E-4	2.912379E-1
8.810000E-2	3.126160E-3	1.888280E-4	2.918519E-1
8.820000E-2	3.121390E-3	1.850140E-4	2.930860E-1
8.830000E-2	3.103270E-3	1.926430E-4	2.948240E-1
8.840000E-2	3.084200E-3	1.792920E-4	2.957481E-1
8.850000E-2	3.077520E-3	1.716620E-4	2.965381E-1
8.860000E-2	3.097550E-3	1.792920E-4	2.969108E-1
8.870000E-2	3.093730E-3	1.659400E-4	2.989506E-1
8.880000E-2	3.067030E-3	1.449590E-4	2.992706E-1
8.890000E-2	3.047000E-3	1.420980E-4	3.007765E-1
8.900000E-2	3.035560E-3	1.497280E-4	3.011595E-1
8.910000E-2	3.026980E-3	1.554500E-4	3.022620E-1
8.920000E-2	3.021260E-3	1.564040E-4	3.032842E-1
8.930000E-2	3.031750E-3	1.516350E-4	3.035581E-1
8.940000E-2	3.049870E-3	1.554500E-4	3.043980E-1
8.950000E-2	3.054630E-3	1.382840E-4	3.049678E-1
8.960000E-2	3.046050E-3	1.392370E-4	3.064949E-1
8.970000E-2	3.018390E-3	1.392370E-4	3.079509E-1
8.980000E-2	3.000270E-3	1.611720E-4	3.086844E-1
8.990000E-2	2.983110E-3	1.544960E-4	3.097279E-1
9.000000E-2	2.971660E-3	1.592650E-4	3.103347E-1
9.010000E-2	2.963080E-3	1.611720E-4	3.113614E-1
9.020000E-2	2.947820E-3	1.468670E-4	3.126379E-1
9.030000E-2	2.934470E-3	1.506810E-4	3.145388E-1
9.040000E-2	2.931610E-3	1.611720E-4	3.151197E-1
9.050000E-2	2.903000E-3	1.592650E-4	3.163685E-1
9.060000E-2	2.874390E-3	1.449590E-4	3.170835E-1
9.070000E-2	2.891560E-3	1.249320E-4	3.185821E-1
9.080000E-2	2.890600E-3	1.211170E-4	3.184276E-1
9.090000E-2	2.884880E-3	1.277930E-4	3.197680E-1
9.100000E-2	2.880110E-3	1.363760E-4	3.205116E-1
9.110000E-2	2.867710E-3	1.449590E-4	3.213266E-1
9.120000E-2	2.866760E-3	1.649870E-4	3.222275E-1
9.130000E-2	2.867710E-3	1.754770E-4	3.226106E-1
9.140000E-2	2.869620E-3	1.363760E-4	3.238833E-1
9.150000E-2	2.861990E-3	1.239790E-4	3.247538E-1
9.160000E-2	2.842920E-3	1.239790E-4	3.258434E-1
9.170000E-2	2.820030E-3	1.344690E-4	3.267971E-1
9.180000E-2	2.791420E-3	1.182560E-4	3.272605E-1
9.190000E-2	2.794280E-3	1.049050E-4	3.282355E-1
9.200000E-2	2.800960E-3	9.250690E-5	3.288821E-1
9.210000E-2	2.797140E-3	8.487750E-5	3.299755E-1
9.220000E-2	2.797140E-3	8.773850E-5	3.308108E-1
9.230000E-2	2.800960E-3	9.346050E-5	3.327071E-1
9.240000E-2	2.794280E-3	1.010900E-4	3.338106E-1
9.250000E-2	2.769490E-3	1.115800E-4	3.337384E-1
9.260000E-2	2.757090E-3	1.258860E-4	3.348734E-1
9.270000E-2	2.738970E-3	1.411450E-4	3.353443E-1
9.280000E-2	2.728480E-3	1.468670E-4	3.367475E-1
9.290000E-2	2.737060E-3	1.459130E-4	3.373396E-1
9.300000E-2	2.738970E-3	1.392370E-4	3.382312E-1
9.310000E-2	2.743740E-3	1.506810E-4	3.394263E-1
9.320000E-2	2.738010E-3	1.525890E-4	3.404401E-1
9.330000E-2	2.737060E-3	1.525890E-4	3.415631E-1
9.340000E-2	2.728480E-3	1.554500E-4	3.424178E-1
9.350000E-2	2.716080E-3	1.583110E-4	3.438183E-1
9.360000E-2	2.692240E-3	1.630790E-4	3.444020E-1
9.370000E-2	2.683650E-3	1.583110E-4	3.454306E-1
9.380000E-2	2.655040E-3	1.535420E-4	3.468718E-1
9.390000E-2	2.661720E-3	1.440060E-4	3.476182E-1
9.400000E-2	2.672210E-3	1.287470E-4	3.483074E-1
9.410000E-2	2.668400E-3	1.144410E-4	3.491112E-1
9.420000E-2	2.659810E-3	1.258860E-4	3.497644E-1
9.430000E-2	2.643600E-3	1.430520E-4	3.510427E-1
9.440000E-2	2.624530E-3	1.459130E-4	3.514737E-1
9.450000E-2	2.617850E-3	1.401910E-4	3.521110E-1
9.460000E-2	2.621670E-3	1.258860E-4	3.522479E-1
9.470000E-2	2.629290E-3	1.192100E-4	3.531082E-1
9.480000E-2	2.628340E-3	1.344690E-4	3.536781E-1
9.490000E-2	2.614040E-3	1.325620E-4	3.545623E-1
9.500000E-2	2.607360E-3	1.382840E-4	3.563364E-1
9.510000E-2	2.614990E-3	1.544960E-4	3.571024E-1
9.520000E-2	2.612130E-3	1.668940E-4	3.576491E-1
9.530000E-2	2.614040E-3	1.449590E-4	3.585935E-1
9.540000E-2	2.623570E-3	1.487740E-4	3.600393E-1
9.550000E-2	2.637880E-3	1.621260E-4	3.608644E-1
9.560000E-2	2.618800E-3	1.611720E-4	3.614454E-1
9.570000E-2	2.588290E-3	1.659400E-4	3.618450E-1
9.580000E-2	2.572070E-3	1.640330E-4	3.625156E-1
9.590000E-2	2.560630E-3	1.525890E-4	3.630465E-1
9.600000E-2	2.553000E-3	1.344690E-4	3.636848E-1
9.610000E-2	2.544420E-3	1.392370E-4	3.648309E-1
9.620000E-2	2.540600E-3	1.373300E-4	3.653193E-1
9.630000E-2	2.551090E-3	1.392370E-4	3.665727E-1
9.640000E-2	2.581610E-3	1.420980E-4	3.672997E-1
9.650000E-2	2.593060E-3	1.201630E-4	3.679982E-1
9.660000E-2	2.581610E-3	1.192100E-4	3.695300E-1
9.670000E-2	2.566350E-3	1.230250E-4	3.701655E-1
9.680000E-2	2.564450E-3	1.163490E-4	3.709045E-1
9.690000E-2	2.554910E-3	1.249320E-4	3.716454E-1
9.700000E-2	2.538700E-3	1.306540E-4	3.720904E-1
9.710000E-2	2.541560E-3	1.268400E-4	3.726945E-1
9.720000E-2	2.539650E-3	1.316080E-4	3.727740E-1
9.730000E-2	2.546330E-3	1.363760E-4	3.735195E-1
9.740000E-2	2.543460E-3	1.325620E-4	3.743308E-1
9.750000E-2	2.537740E-3	1.125340E-4	3.747804E-1
9.760000E-2	2.530110E-3	1.192100E-4	3.750911E-1
9.770000E-2	2.529160E-3	1.344690E-4	3.762945E-1
9.780000E-2	2.531070E-3	1.268400E-4	3.771547E-1
9.790000E-2	2.537740E-3	1.230250E-4	3.779161E-1
9.800000E-2	2.532020E-3	1.249320E-4	3.782953E-1
9.810000E-2	2.524390E-3	1.325620E-4	3.796153E-1
9.820000E-2	2.519620E-3	1.420980E-4	3.799974E-1
9.830000E-2	2.524390E-3	1.564040E-4	3.808937E-1
