9.195780E-2
9.168700E-2
9.161316E-2
9.214933E-2
9.152169E-2
9.166005E-2
9.176798E-2
9.185117E-2
9.202013E-2
9.199384E-2
9.196202E-2
9.165849E-2
9.211421E-2
9.178880E-2
9.182504E-2
9.183588E-2
9.198360E-2
9.229520E-2
9.170961E-2
9.203267E-2
9.212266E-2
9.179759E-2
9.167737E-2
9.219194E-2
9.184238E-2
9.177171E-2
9.199686E-2
9.200771E-2
9.189875E-2
9.210118E-2
9.199432E-2
9.186852E-2
9.187840E-2
9.204075E-2
9.219870E-2
9.178724E-2
9.197986E-2
9.198155E-2
9.204629E-2
9.191080E-2
9.209201E-2
9.210613E-2
9.167906E-2
9.213002E-2
9.196202E-2
9.196286E-2
9.199686E-2
