9.091827E-2
9.099163E-2
9.090416E-2
9.103856E-2
9.095022E-2
9.076248E-2
9.090200E-2
9.128483E-2
9.111078E-2
9.104754E-2
9.125389E-2
9.091648E-2
9.108873E-2
9.085249E-2
9.095381E-2
9.098349E-2
9.077156E-2
9.115727E-2
9.110251E-2
9.113701E-2
9.117404E-2
9.114097E-2
9.132130E-2
9.109173E-2
9.112719E-2
9.127296E-2
9.095979E-2
9.124250E-2
9.141251E-2
9.110934E-2
9.156808E-2
9.120281E-2
9.137494E-2
9.173861E-2
9.152013E-2
9.150187E-2
9.161460E-2
9.191406E-2
9.183528E-2
9.196889E-2
9.187273E-2
9.197684E-2
9.204702E-2
9.254333E-2
9.228082E-2
9.278075E-2
9.256089E-2
9.244521E-2
9.260350E-2
9.265206E-2
9.302295E-2
9.298045E-2
9.308429E-2
