9.247158E-2
9.260822E-2
9.252204E-2
9.261476E-2
9.262845E-2
9.255144E-2
9.250788E-2
9.213255E-2
9.204991E-2
9.194924E-2
9.197913E-2
9.166234E-2
9.181625E-2
9.156591E-2
9.175149E-2
9.165115E-2
9.137302E-2
9.140075E-2
9.123218E-2
9.132238E-2
9.096219E-2
9.142764E-2
9.142056E-2
9.102838E-2
9.126132E-2
9.114408E-2
9.139091E-2
9.119526E-2
9.091277E-2
9.121192E-2
9.096661E-2
9.107508E-2
9.114037E-2
9.093730E-2
9.101186E-2
9.105520E-2
9.098313E-2
9.085393E-2
9.094184E-2
9.070059E-2
9.082368E-2
9.111126E-2
9.105664E-2
9.116721E-2
9.092940E-2
9.093371E-2
9.093167E-2
9.106095E-2
9.104335E-2
9.074623E-2
9.108167E-2
9.098253E-2
9.098935E-2
9.108945E-2
9.087186E-2
9.101030E-2
9.096877E-2
9.124214E-2
9.084436E-2
9.104059E-2
9.110395E-2
9.090380E-2
9.142992E-2
9.097942E-2
9.090488E-2
9.106275E-2
9.106215E-2
9.119922E-2
9.082882E-2
9.122835E-2
9.118855E-2
9.114085E-2
9.140831E-2
9.138070E-2
9.144469E-2
9.119490E-2
9.138226E-2
9.145706E-2
9.157361E-2
9.155966E-2
8.997044E-2
8.311806E-2
8.438444E-2
8.529116E-2
8.635780E-2
8.724642E-2
8.797057E-2
8.859022E-2
8.905788E-2
