4.700000E+0
4.650000E+0
4.600000E+0
4.550000E+0
4.500000E+0
4.450000E+0
4.400000E+0
4.350000E+0
4.300000E+0
4.250000E+0
4.200000E+0
4.150000E+0
4.100000E+0
4.050000E+0
4.000000E+0
3.950000E+0
3.900000E+0
3.850000E+0
3.800000E+0
3.750000E+0
3.700000E+0
3.650000E+0
3.600000E+0
3.550000E+0
3.500000E+0
3.450000E+0
3.400000E+0
3.350000E+0
3.300000E+0
3.250000E+0
3.200000E+0
3.150000E+0
3.100000E+0
3.050000E+0
3.000000E+0
2.950000E+0
2.900000E+0
2.850000E+0
2.800000E+0
2.750000E+0
2.700000E+0
2.650000E+0
2.600000E+0
2.550000E+0
2.500000E+0
2.450000E+0
2.400000E+0
2.350000E+0
2.300000E+0
2.250000E+0
2.200000E+0
2.150000E+0
2.100000E+0
2.050000E+0
2.000000E+0
1.950000E+0
1.900000E+0
1.850000E+0
1.800000E+0
1.750000E+0
1.700000E+0
1.650000E+0
1.600000E+0
1.550000E+0
1.500000E+0
1.450000E+0
1.400000E+0
1.350000E+0
1.300000E+0
1.250000E+0
1.200000E+0
1.150000E+0
1.100000E+0
1.050000E+0
1.000000E+0
9.500000E-1
9.000000E-1
8.500000E-1
8.000000E-1
7.500000E-1
7.000000E-1
6.500000E-1
6.000000E-1
5.500000E-1
5.000000E-1
4.500000E-1
4.000000E-1
3.500000E-1
3.000000E-1
2.500000E-1
2.000000E-1
1.500000E-1
1.000000E-1
5.000000E-2
0.000000E+0
