8.787178E-2
8.868482E-2
8.934464E-2
8.920195E-2
8.938604E-2
8.912352E-2
8.974179E-2
8.994835E-2
8.926494E-2
8.995393E-2
9.044498E-2
8.969791E-2
8.965286E-2
9.003307E-2
9.019840E-2
8.987352E-2
8.952240E-2
8.980741E-2
8.994835E-2
9.044641E-2
8.958305E-2
9.047157E-2
8.981298E-2
9.043532E-2
9.085165E-2
9.068578E-2
9.032592E-2
9.015902E-2
9.102658E-2
9.140987E-2
9.164959E-2
9.240410E-2
9.004924E-2
9.156591E-2
8.990606E-2
9.072771E-2
9.061390E-2
9.143437E-2
9.162554E-2
9.120701E-2
9.119969E-2
9.112144E-2
9.164225E-2
9.180903E-2
9.137170E-2
9.122055E-2
9.251151E-2
9.157132E-2
9.199613E-2
9.217214E-2
9.227587E-2
9.189767E-2
9.208912E-2
9.231211E-2
9.232444E-2
9.217673E-2
9.234329E-2
9.277215E-2
9.268550E-2
9.238487E-2
9.262275E-2
9.317580E-2
9.263329E-2
9.315016E-2
9.303606E-2
9.347288E-2
9.335220E-2
9.297802E-2
9.345266E-2
9.359330E-2
9.349530E-2
9.413682E-2
9.401276E-2
9.420550E-2
9.423097E-2
9.426221E-2
9.425706E-2
9.462517E-2
9.449786E-2
9.493476E-2
9.458035E-2
9.510447E-2
9.498130E-2
9.489378E-2
9.524009E-2
9.530881E-2
9.512592E-2
9.522628E-2
9.518176E-2
9.529154E-2
9.524466E-2
9.461633E-2
9.429529E-2
9.554187E-2
9.982514E-2
