8.688678E-2
9.657818E-2
9.420060E-2
9.379817E-2
9.377509E-2
9.369320E-2
9.396898E-2
9.388624E-2
9.341819E-2
9.383102E-2
9.341661E-2
9.344730E-2
9.308951E-2
9.296309E-2
9.295884E-2
9.282016E-2
9.267980E-2
9.151977E-2
9.206752E-2
9.312585E-2
9.156315E-2
9.210914E-2
9.135898E-2
9.181782E-2
9.146091E-2
9.092593E-2
9.197672E-2
9.133702E-2
9.019269E-2
9.045154E-2
9.072974E-2
8.958768E-2
8.961896E-2
9.013962E-2
8.990084E-2
8.950796E-2
8.976445E-2
8.908420E-2
8.845901E-2
8.865564E-2
8.984183E-2
8.941858E-2
8.873309E-2
8.908668E-2
8.791636E-2
8.866670E-2
8.877313E-2
8.849404E-2
