9.138010E-2
9.147556E-2
9.120988E-2
9.152926E-2
9.133762E-2
9.166462E-2
9.182504E-2
9.153298E-2
9.149718E-2
9.151544E-2
9.142176E-2
9.145778E-2
9.156339E-2
9.152962E-2
9.193044E-2
9.168495E-2
9.179530E-2
9.180012E-2
9.182143E-2
9.157264E-2
9.200361E-2
9.189418E-2
9.181505E-2
9.199348E-2
9.197251E-2
9.185021E-2
9.207983E-2
9.197431E-2
9.201108E-2
9.205606E-2
9.190189E-2
9.206053E-2
9.254757E-2
9.234861E-2
9.222587E-2
9.217878E-2
9.233846E-2
9.244171E-2
9.253365E-2
9.240990E-2
9.262990E-2
9.274172E-2
9.254212E-2
9.278706E-2
9.262542E-2
9.306995E-2
9.290156E-2
9.288578E-2
9.334502E-2
9.322165E-2
9.346301E-2
